/*--------------------------------*- C++ -*----------------------------------*\
| =========                 |                                                 |
| \\      /  F ield         | OpenFOAM: The Open Source CFD Toolbox           |
|  \\    /   O peration     | Version:  2106                                  |
|   \\  /    A nd           | Website:  www.openfoam.com                      |
|    \\/     M anipulation  |                                                 |
\*---------------------------------------------------------------------------*/
FoamFile
{
    version     2.0;
    format      ascii;
    arch        "LSB;label=32;scalar=64";
    class       volScalarField;
    location    "150.00049";
    object      C6H5;
}
// * * * * * * * * * * * * * * * * * * * * * * * * * * * * * * * * * * * * * //

dimensions      [0 0 0 0 0 0 0];

internalField   nonuniform List<scalar> 
3360
(
1.25871e-23
1.29922e-23
1.35559e-23
1.42455e-23
1.50321e-23
1.58901e-23
1.6796e-23
1.77288e-23
1.86698e-23
1.96025e-23
2.05125e-23
2.13877e-23
2.22179e-23
2.29953e-23
2.37136e-23
2.43687e-23
2.4958e-23
2.54803e-23
2.59358e-23
2.63259e-23
2.66529e-23
2.692e-23
2.71309e-23
2.72901e-23
2.7402e-23
2.74717e-23
2.7504e-23
5.52195e-23
5.72494e-23
6.01139e-23
6.36811e-23
6.78419e-23
7.25008e-23
7.75728e-23
8.298e-23
8.86497e-23
9.45135e-23
1.00506e-22
1.06562e-22
1.12619e-22
1.18616e-22
1.2449e-22
1.30181e-22
1.35631e-22
1.40782e-22
1.45579e-22
1.49971e-22
1.53912e-22
1.57358e-22
1.60275e-22
1.62634e-22
1.64414e-22
1.65603e-22
1.66196e-22
1.73281e-22
1.80887e-22
1.91694e-22
2.05275e-22
2.21273e-22
2.39368e-22
2.59257e-22
2.8064e-22
3.03213e-22
3.26666e-22
3.50685e-22
3.74954e-22
3.99162e-22
4.23002e-22
4.46177e-22
4.68405e-22
4.89425e-22
5.09002e-22
5.26934e-22
5.43051e-22
5.57224e-22
5.69361e-22
5.79408e-22
5.8735e-22
5.93205e-22
5.97023e-22
5.98882e-22
5.04716e-22
5.29788e-22
5.65653e-22
6.1103e-22
6.64846e-22
7.26096e-22
7.93775e-22
8.66844e-22
9.44208e-22
1.02472e-21
1.1072e-21
1.19043e-21
1.27322e-21
1.3544e-21
1.43287e-21
1.5076e-21
1.5777e-21
1.6424e-21
1.70108e-21
1.75329e-21
1.79871e-21
1.83719e-21
1.86871e-21
1.89336e-21
1.91134e-21
1.92296e-21
1.92856e-21
1.47483e-21
1.55394e-21
1.66732e-21
1.8111e-21
1.98199e-21
2.17684e-21
2.39239e-21
2.62521e-21
2.87163e-21
3.12777e-21
3.38965e-21
3.65324e-21
3.91456e-21
4.16986e-21
4.41563e-21
4.64873e-21
4.86647e-21
5.06662e-21
5.24744e-21
5.40769e-21
5.54664e-21
5.66396e-21
5.75975e-21
5.83447e-21
5.88885e-21
5.92388e-21
5.94074e-21
4.3492e-21
4.59217e-21
4.94085e-21
5.3834e-21
5.90969e-21
6.50993e-21
7.17396e-21
7.89099e-21
8.64946e-21
9.43722e-21
1.02418e-20
1.10505e-20
1.18511e-20
1.2632e-20
1.33824e-20
1.40929e-20
1.47553e-20
1.53631e-20
1.59112e-20
1.63962e-20
1.68159e-20
1.71698e-20
1.74582e-20
1.76829e-20
1.78463e-20
1.79514e-20
1.80019e-20
1.29216e-20
1.366e-20
1.47197e-20
1.60646e-20
1.7664e-20
1.94877e-20
2.15044e-20
2.36807e-20
2.59811e-20
2.83685e-20
3.08044e-20
3.32506e-20
3.567e-20
3.80274e-20
4.02907e-20
4.24317e-20
4.44262e-20
4.62549e-20
4.7903e-20
4.93603e-20
5.0621e-20
5.16833e-20
5.25492e-20
5.32234e-20
5.37133e-20
5.40285e-20
5.41801e-20
3.85168e-20
4.0739e-20
4.39296e-20
4.79807e-20
5.27994e-20
5.82947e-20
6.43718e-20
7.09296e-20
7.78604e-20
8.50512e-20
9.23862e-20
9.97497e-20
1.0703e-19
1.1412e-19
1.20925e-19
1.27358e-19
1.3335e-19
1.3884e-19
1.43786e-19
1.48157e-19
1.51937e-19
1.55121e-19
1.57715e-19
1.59734e-19
1.61201e-19
1.62144e-19
1.62598e-19
1.15114e-19
1.21794e-19
1.31382e-19
1.43555e-19
1.58033e-19
1.7454e-19
1.9279e-19
2.12479e-19
2.3328e-19
2.54855e-19
2.76854e-19
2.9893e-19
3.20749e-19
3.41992e-19
3.62373e-19
3.81639e-19
3.99575e-19
4.16008e-19
4.30809e-19
4.4389e-19
4.55199e-19
4.64725e-19
4.72486e-19
4.78525e-19
4.82913e-19
4.85735e-19
4.87091e-19
3.44041e-19
3.64049e-19
3.92775e-19
4.29247e-19
4.72624e-19
5.22081e-19
5.76759e-19
6.3574e-19
6.98049e-19
7.62663e-19
8.28538e-19
8.94634e-19
9.59943e-19
1.02352e-18
1.0845e-18
1.14213e-18
1.19577e-18
1.2449e-18
1.28914e-18
1.32823e-18
1.36202e-18
1.39048e-18
1.41365e-18
1.43168e-18
1.44478e-18
1.4532e-18
1.45725e-18
1.02869e-18
1.08859e-18
1.17457e-18
1.28371e-18
1.41349e-18
1.56142e-18
1.72493e-18
1.90124e-18
2.08745e-18
2.28048e-18
2.47722e-18
2.67455e-18
2.86946e-18
3.05914e-18
3.24103e-18
3.41288e-18
3.57278e-18
3.71922e-18
3.85106e-18
3.96752e-18
4.06817e-18
4.15292e-18
4.22194e-18
4.27563e-18
4.31463e-18
4.33971e-18
4.35176e-18
3.07262e-18
3.25146e-18
3.50815e-18
3.83394e-18
4.22124e-18
4.66262e-18
5.15031e-18
5.67606e-18
6.2311e-18
6.80629e-18
7.39229e-18
7.97983e-18
8.55997e-18
9.12431e-18
9.66525e-18
1.01761e-17
1.06513e-17
1.10864e-17
1.14779e-17
1.18236e-17
1.21223e-17
1.23737e-17
1.25784e-17
1.27376e-17
1.28532e-17
1.29275e-17
1.29632e-17
9.16691e-18
9.69988e-18
1.04646e-17
1.14347e-17
1.25874e-17
1.39003e-17
1.53501e-17
1.6912e-17
1.856e-17
2.02665e-17
2.2004e-17
2.37449e-17
2.54627e-17
2.71328e-17
2.87326e-17
3.02426e-17
3.16464e-17
3.29308e-17
3.40863e-17
3.51061e-17
3.59869e-17
3.67281e-17
3.73312e-17
3.78003e-17
3.81407e-17
3.83596e-17
3.84646e-17
2.72666e-17
2.88473e-17
3.11144e-17
3.39891e-17
3.7403e-17
4.12887e-17
4.55763e-17
5.01918e-17
5.50571e-17
6.00912e-17
6.52117e-17
7.03376e-17
7.53909e-17
8.02991e-17
8.49967e-17
8.94267e-17
9.35418e-17
9.7304e-17
1.00686e-16
1.03668e-16
1.06243e-16
1.08407e-16
1.10168e-16
1.11537e-16
1.1253e-16
1.13167e-16
1.13474e-16
8.0807e-17
8.54675e-17
9.21475e-17
1.00611e-16
1.10652e-16
1.22067e-16
1.34648e-16
1.48174e-16
1.62413e-16
1.77125e-16
1.92069e-16
2.07008e-16
2.21715e-16
2.3598e-16
2.49615e-16
2.62458e-16
2.74373e-16
2.85255e-16
2.95025e-16
3.03635e-16
3.1106e-16
3.17298e-16
3.22368e-16
3.26306e-16
3.29161e-16
3.30995e-16
3.31874e-16
2.38116e-16
2.51716e-16
2.71193e-16
2.95842e-16
3.25045e-16
3.58197e-16
3.94673e-16
4.3382e-16
4.74954e-16
5.17377e-16
5.60387e-16
6.033e-16
6.45469e-16
6.86297e-16
7.25254e-16
7.61883e-16
7.95812e-16
8.26749e-16
8.54487e-16
8.78896e-16
8.99917e-16
9.17557e-16
9.3188e-16
9.42993e-16
9.51044e-16
9.56209e-16
9.58686e-16
6.96701e-16
7.35813e-16
7.91752e-16
8.62425e-16
9.4599e-16
1.04064e-15
1.14454e-15
1.25575e-15
1.37231e-15
1.4922e-15
1.61342e-15
1.73405e-15
1.85228e-15
1.96646e-15
2.07514e-15
2.17709e-15
2.27132e-15
2.35706e-15
2.43378e-15
2.50118e-15
2.55912e-15
2.60767e-15
2.64704e-15
2.67755e-15
2.69962e-15
2.71377e-15
2.72055e-15
2.02055e-15
2.13057e-15
2.28761e-15
2.48553e-15
2.71886e-15
2.98229e-15
3.27041e-15
3.5777e-15
3.89853e-15
4.22726e-15
4.55838e-15
4.88665e-15
5.20721e-15
5.51571e-15
5.80836e-15
6.08202e-15
6.33418e-15
6.56299e-15
6.76721e-15
6.94616e-15
7.09968e-15
7.22806e-15
7.33196e-15
7.41234e-15
7.47043e-15
7.50761e-15
7.52541e-15
5.8018e-15
6.10126e-15
6.52741e-15
7.06234e-15
7.69006e-15
8.39509e-15
9.16194e-15
9.97509e-15
1.08191e-14
1.16787e-14
1.25395e-14
1.3388e-14
1.4212e-14
1.50007e-14
1.57452e-14
1.6438e-14
1.70735e-14
1.76478e-14
1.81584e-14
1.86043e-14
1.89856e-14
1.93035e-14
1.95602e-14
1.97583e-14
1.99012e-14
1.99925e-14
2.00362e-14
1.64771e-14
1.72528e-14
1.83509e-14
1.97201e-14
2.13141e-14
2.30885e-14
2.50001e-14
2.70069e-14
2.90682e-14
3.11459e-14
3.32047e-14
3.52133e-14
3.71443e-14
3.89747e-14
4.06863e-14
4.22651e-14
4.37014e-14
4.49892e-14
4.6126e-14
4.71122e-14
4.79504e-14
4.86457e-14
4.92042e-14
4.96335e-14
4.9942e-14
5.01385e-14
5.02322e-14
4.617e-14
4.80327e-14
5.06455e-14
5.38634e-14
5.75548e-14
6.15954e-14
6.58684e-14
7.02653e-14
7.46875e-14
7.90479e-14
8.32723e-14
8.72997e-14
9.10827e-14
9.45865e-14
9.77884e-14
1.00676e-13
1.03246e-13
1.05501e-13
1.07452e-13
1.09113e-13
1.10498e-13
1.11628e-13
1.12522e-13
1.13199e-13
1.13679e-13
1.13982e-13
1.14125e-13
1.26307e-13
1.30269e-13
1.35731e-13
1.42301e-13
1.4962e-13
1.5736e-13
1.65223e-13
1.72956e-13
1.80348e-13
1.87235e-13
1.93502e-13
1.99076e-13
2.03925e-13
2.08053e-13
2.11488e-13
2.1428e-13
2.16493e-13
2.18198e-13
2.19471e-13
2.20384e-13
2.2101e-13
2.21411e-13
2.21646e-13
2.21765e-13
2.21809e-13
2.21813e-13
2.21804e-13
3.273e-13
3.3406e-13
3.43058e-13
3.5336e-13
3.64113e-13
3.74567e-13
3.84106e-13
3.92262e-13
3.98721e-13
4.03317e-13
4.06018e-13
4.06901e-13
4.06133e-13
4.03937e-13
4.00577e-13
3.9633e-13
3.91473e-13
3.86271e-13
3.80965e-13
3.75769e-13
3.7087e-13
3.66421e-13
3.62547e-13
3.59347e-13
3.56891e-13
3.5523e-13
3.54394e-13
7.57193e-13
7.64082e-13
7.72368e-13
7.80411e-13
7.86783e-13
7.9037e-13
7.90433e-13
7.8661e-13
7.78883e-13
7.67513e-13
7.52967e-13
7.3584e-13
7.16784e-13
6.96458e-13
6.75485e-13
6.54431e-13
6.33792e-13
6.13988e-13
5.95372e-13
5.78234e-13
5.62809e-13
5.49285e-13
5.3781e-13
5.28502e-13
5.21447e-13
5.16709e-13
5.1433e-13
1.46846e-12
1.46738e-12
1.46376e-12
1.45611e-12
1.44338e-12
1.42503e-12
1.40109e-12
1.37209e-12
1.33883e-12
1.30233e-12
1.26363e-12
1.22375e-12
1.18356e-12
1.14383e-12
1.10517e-12
1.06808e-12
1.03296e-12
1.00012e-12
9.69802e-13
9.42236e-13
9.17606e-13
8.96083e-13
8.77825e-13
8.62978e-13
8.51677e-13
8.44043e-13
8.40183e-13
2.46501e-12
2.45642e-12
2.44243e-12
2.42238e-12
2.39597e-12
2.36336e-12
2.32508e-12
2.28188e-12
2.23464e-12
2.1842e-12
2.13134e-12
2.07678e-12
2.0212e-12
1.96525e-12
1.90962e-12
1.85498e-12
1.80204e-12
1.75148e-12
1.70396e-12
1.6601e-12
1.62044e-12
1.5855e-12
1.55568e-12
1.53136e-12
1.51283e-12
1.50032e-12
1.49401e-12
4.19334e-12
4.19327e-12
4.18934e-12
4.17852e-12
4.15828e-12
4.12688e-12
4.08353e-12
4.02839e-12
3.96246e-12
3.8874e-12
3.80528e-12
3.71832e-12
3.62872e-12
3.53847e-12
3.4493e-12
3.36268e-12
3.27985e-12
3.20182e-12
3.12946e-12
3.06348e-12
3.00449e-12
2.953e-12
2.90943e-12
2.87415e-12
2.84743e-12
2.8295e-12
2.82049e-12
7.52138e-12
7.53406e-12
7.54598e-12
7.55213e-12
7.54886e-12
7.53412e-12
7.50732e-12
7.46893e-12
7.4201e-12
7.36236e-12
7.29726e-12
7.22636e-12
7.15113e-12
7.07301e-12
6.99334e-12
6.91343e-12
6.83451e-12
6.75782e-12
6.68452e-12
6.61578e-12
6.55267e-12
6.49623e-12
6.44741e-12
6.40708e-12
6.37599e-12
6.35478e-12
6.34398e-12
1.43175e-11
1.44482e-11
1.46254e-11
1.48346e-11
1.50635e-11
1.53018e-11
1.55412e-11
1.5775e-11
1.5998e-11
1.62059e-11
1.63957e-11
1.65653e-11
1.67132e-11
1.68388e-11
1.69422e-11
1.70242e-11
1.70861e-11
1.71296e-11
1.7157e-11
1.71706e-11
1.71733e-11
1.71677e-11
1.71568e-11
1.71432e-11
1.71295e-11
1.71183e-11
1.71117e-11
3.12518e-11
3.18434e-11
3.26691e-11
3.36806e-11
3.48355e-11
3.6096e-11
3.74278e-11
3.87999e-11
4.01845e-11
4.15569e-11
4.2895e-11
4.41802e-11
4.53966e-11
4.65316e-11
4.75754e-11
4.85215e-11
4.9366e-11
5.01076e-11
5.07475e-11
5.12888e-11
5.17362e-11
5.2096e-11
5.23752e-11
5.25819e-11
5.27243e-11
5.28108e-11
5.285e-11
7.62777e-11
7.83685e-11
8.13229e-11
8.50008e-11
8.92796e-11
9.40461e-11
9.91934e-11
1.04619e-10
1.10225e-10
1.15918e-10
1.21609e-10
1.27215e-10
1.32661e-10
1.37881e-10
1.42815e-10
1.47416e-10
1.51646e-10
1.55476e-10
1.58886e-10
1.61868e-10
1.6442e-10
1.66548e-10
1.68265e-10
1.69589e-10
1.70541e-10
1.71147e-10
1.71436e-10
1.94075e-10
2.00466e-10
2.09559e-10
2.20976e-10
2.3439e-10
2.49497e-10
2.65998e-10
2.83598e-10
3.02003e-10
3.20918e-10
3.40053e-10
3.59126e-10
3.77873e-10
3.96045e-10
4.13421e-10
4.29807e-10
4.45043e-10
4.58994e-10
4.71562e-10
4.82677e-10
4.92299e-10
5.00416e-10
5.0704e-10
5.12206e-10
5.15967e-10
5.18391e-10
5.19558e-10
4.81152e-10
4.97839e-10
5.21613e-10
5.51512e-10
5.86701e-10
6.26392e-10
6.69812e-10
7.16189e-10
7.64757e-10
8.14749e-10
8.65405e-10
9.15985e-10
9.65783e-10
1.01414e-09
1.06046e-09
1.10422e-09
1.14497e-09
1.18235e-09
1.21606e-09
1.24593e-09
1.27183e-09
1.29373e-09
1.31163e-09
1.32563e-09
1.33586e-09
1.34247e-09
1.34566e-09
1.10462e-09
1.14082e-09
1.19228e-09
1.25679e-09
1.33244e-09
1.41743e-09
1.51e-09
1.6084e-09
1.71092e-09
1.81585e-09
1.92156e-09
2.02649e-09
2.12917e-09
2.22829e-09
2.32266e-09
2.4113e-09
2.49337e-09
2.56824e-09
2.63544e-09
2.69468e-09
2.74583e-09
2.78887e-09
2.82395e-09
2.85129e-09
2.87116e-09
2.88396e-09
2.89011e-09
2.28502e-09
2.35053e-09
2.44318e-09
2.55859e-09
2.6929e-09
2.84248e-09
3.00388e-09
3.17377e-09
3.34896e-09
3.52643e-09
3.70335e-09
3.87715e-09
4.04549e-09
4.20638e-09
4.3581e-09
4.49929e-09
4.62887e-09
4.74609e-09
4.85047e-09
4.94181e-09
5.02011e-09
5.08558e-09
5.1386e-09
5.17969e-09
5.20947e-09
5.22855e-09
5.2377e-09
4.22581e-09
4.32543e-09
4.46549e-09
4.63861e-09
4.83824e-09
5.05833e-09
5.29326e-09
5.53777e-09
5.78703e-09
6.03665e-09
6.28267e-09
6.52165e-09
6.75066e-09
6.96724e-09
7.16947e-09
7.35587e-09
7.52543e-09
7.67754e-09
7.81192e-09
7.92864e-09
8.02801e-09
8.11056e-09
8.17701e-09
8.22819e-09
8.26506e-09
8.28862e-09
8.29991e-09
7.00968e-09
7.13985e-09
7.32181e-09
7.54509e-09
7.80037e-09
8.0792e-09
8.37387e-09
8.67743e-09
8.98369e-09
9.28725e-09
9.58343e-09
9.86834e-09
1.01388e-08
1.03923e-08
1.0627e-08
1.08416e-08
1.10354e-08
1.12081e-08
1.13596e-08
1.14904e-08
1.16012e-08
1.16928e-08
1.17662e-08
1.18224e-08
1.18628e-08
1.18885e-08
1.19007e-08
1.05529e-08
1.07034e-08
1.09127e-08
1.11681e-08
1.1458e-08
1.17722e-08
1.21016e-08
1.24382e-08
1.2775e-08
1.31061e-08
1.34265e-08
1.37325e-08
1.40208e-08
1.42892e-08
1.4536e-08
1.47604e-08
1.49619e-08
1.51405e-08
1.52966e-08
1.54307e-08
1.55438e-08
1.5637e-08
1.57115e-08
1.57684e-08
1.58091e-08
1.5835e-08
1.58472e-08
1.46475e-08
1.48059e-08
1.50255e-08
1.52922e-08
1.55934e-08
1.59181e-08
1.62563e-08
1.65998e-08
1.69413e-08
1.72751e-08
1.75963e-08
1.79012e-08
1.8187e-08
1.84518e-08
1.86942e-08
1.89136e-08
1.91098e-08
1.92831e-08
1.94341e-08
1.95634e-08
1.96723e-08
1.97617e-08
1.9833e-08
1.98874e-08
1.99262e-08
1.99509e-08
1.99626e-08
1.90432e-08
1.9199e-08
1.94145e-08
1.96754e-08
1.99688e-08
2.02838e-08
2.06105e-08
2.09409e-08
2.12679e-08
2.15862e-08
2.18912e-08
2.21795e-08
2.24489e-08
2.26975e-08
2.29244e-08
2.31291e-08
2.33117e-08
2.34726e-08
2.36124e-08
2.37319e-08
2.38323e-08
2.39147e-08
2.39803e-08
2.40303e-08
2.40659e-08
2.40885e-08
2.40992e-08
2.35147e-08
2.36608e-08
2.38624e-08
2.41059e-08
2.43792e-08
2.46716e-08
2.4974e-08
2.52788e-08
2.55797e-08
2.58715e-08
2.61504e-08
2.64133e-08
2.66582e-08
2.68837e-08
2.7089e-08
2.72738e-08
2.74384e-08
2.75831e-08
2.77086e-08
2.78158e-08
2.79057e-08
2.79794e-08
2.80379e-08
2.80825e-08
2.81143e-08
2.81345e-08
2.8144e-08
2.78928e-08
2.80253e-08
2.82079e-08
2.84281e-08
2.86746e-08
2.89379e-08
2.92096e-08
2.94829e-08
2.9752e-08
3.00124e-08
3.02607e-08
3.04943e-08
3.07114e-08
3.09109e-08
3.10923e-08
3.12553e-08
3.14002e-08
3.15274e-08
3.16375e-08
3.17315e-08
3.18102e-08
3.18747e-08
3.19258e-08
3.19648e-08
3.19925e-08
3.201e-08
3.20183e-08
3.20683e-08
3.21857e-08
3.23474e-08
3.25421e-08
3.27599e-08
3.2992e-08
3.32312e-08
3.34712e-08
3.37072e-08
3.39352e-08
3.41521e-08
3.43559e-08
3.4545e-08
3.47184e-08
3.48758e-08
3.5017e-08
3.51424e-08
3.52522e-08
3.53473e-08
3.54282e-08
3.54959e-08
3.55513e-08
3.55952e-08
3.56286e-08
3.56524e-08
3.56674e-08
3.56745e-08
3.59814e-08
3.60839e-08
3.62249e-08
3.63945e-08
3.65839e-08
3.67856e-08
3.69931e-08
3.7201e-08
3.74051e-08
3.76019e-08
3.77888e-08
3.79641e-08
3.81265e-08
3.82752e-08
3.84099e-08
3.85306e-08
3.86375e-08
3.87311e-08
3.88119e-08
3.88807e-08
3.89381e-08
3.8985e-08
3.90221e-08
3.90503e-08
3.90703e-08
3.90829e-08
3.90889e-08
3.96078e-08
3.96963e-08
3.98179e-08
3.9964e-08
4.0127e-08
4.03004e-08
4.04785e-08
4.06566e-08
4.08312e-08
4.09993e-08
4.11587e-08
4.13079e-08
4.14458e-08
4.15719e-08
4.16859e-08
4.17878e-08
4.18779e-08
4.19566e-08
4.20244e-08
4.2082e-08
4.213e-08
4.21692e-08
4.22001e-08
4.22235e-08
4.22402e-08
4.22506e-08
4.22556e-08
4.29459e-08
4.30216e-08
4.31257e-08
4.32505e-08
4.33897e-08
4.35374e-08
4.36889e-08
4.38403e-08
4.39883e-08
4.41305e-08
4.42652e-08
4.43909e-08
4.45068e-08
4.46126e-08
4.4708e-08
4.4793e-08
4.48681e-08
4.49335e-08
4.49897e-08
4.50373e-08
4.50768e-08
4.5109e-08
4.51344e-08
4.51535e-08
4.51671e-08
4.51756e-08
4.51796e-08
4.60075e-08
4.60718e-08
4.61602e-08
4.62661e-08
4.6384e-08
4.65089e-08
4.66368e-08
4.67643e-08
4.68887e-08
4.7008e-08
4.71206e-08
4.72254e-08
4.73219e-08
4.74096e-08
4.74885e-08
4.75586e-08
4.76203e-08
4.76738e-08
4.77197e-08
4.77584e-08
4.77904e-08
4.78164e-08
4.78368e-08
4.78522e-08
4.7863e-08
4.78698e-08
4.7873e-08
4.8811e-08
4.88653e-08
4.89397e-08
4.90289e-08
4.9128e-08
4.92328e-08
4.93398e-08
4.94462e-08
4.95498e-08
4.96488e-08
4.97419e-08
4.98284e-08
4.99076e-08
4.99794e-08
5.00437e-08
5.01006e-08
5.01504e-08
5.01934e-08
5.02301e-08
5.02609e-08
5.02863e-08
5.03068e-08
5.03228e-08
5.03348e-08
5.03432e-08
5.03485e-08
5.03509e-08
5.13775e-08
5.14229e-08
5.14852e-08
5.15596e-08
5.16421e-08
5.17292e-08
5.18178e-08
5.19057e-08
5.19909e-08
5.2072e-08
5.2148e-08
5.22182e-08
5.22822e-08
5.23399e-08
5.23912e-08
5.24365e-08
5.24758e-08
5.25095e-08
5.25381e-08
5.2562e-08
5.25815e-08
5.25971e-08
5.26092e-08
5.26182e-08
5.26244e-08
5.26283e-08
5.26301e-08
5.37286e-08
5.37663e-08
5.38178e-08
5.38792e-08
5.3947e-08
5.40184e-08
5.40909e-08
5.41624e-08
5.42313e-08
5.42967e-08
5.43575e-08
5.44133e-08
5.44639e-08
5.45091e-08
5.45491e-08
5.45839e-08
5.4614e-08
5.46395e-08
5.46609e-08
5.46786e-08
5.46928e-08
5.47041e-08
5.47127e-08
5.47191e-08
5.47234e-08
5.4726e-08
5.47272e-08
5.58848e-08
5.59156e-08
5.59576e-08
5.60075e-08
5.60625e-08
5.612e-08
5.61781e-08
5.62351e-08
5.62897e-08
5.6341e-08
5.63884e-08
5.64316e-08
5.64702e-08
5.65044e-08
5.65342e-08
5.65599e-08
5.65816e-08
5.65999e-08
5.66149e-08
5.6627e-08
5.66366e-08
5.6644e-08
5.66495e-08
5.66535e-08
5.66561e-08
5.66576e-08
5.66583e-08
5.78651e-08
5.78897e-08
5.79233e-08
5.7963e-08
5.80065e-08
5.80518e-08
5.80971e-08
5.81412e-08
5.81831e-08
5.8222e-08
5.82575e-08
5.82893e-08
5.83173e-08
5.83416e-08
5.83624e-08
5.83799e-08
5.83943e-08
5.8406e-08
5.84153e-08
5.84224e-08
5.84279e-08
5.84318e-08
5.84346e-08
5.84364e-08
5.84374e-08
5.8438e-08
5.84382e-08
5.96865e-08
5.97057e-08
5.97317e-08
5.97623e-08
5.97956e-08
5.983e-08
5.9864e-08
5.98966e-08
5.99271e-08
5.99549e-08
5.99797e-08
6.00014e-08
6.00199e-08
6.00354e-08
6.00481e-08
6.00582e-08
6.0066e-08
6.00719e-08
6.0076e-08
6.00788e-08
6.00804e-08
6.00813e-08
6.00815e-08
6.00814e-08
6.00811e-08
6.00808e-08
6.00805e-08
6.13642e-08
6.13786e-08
6.13979e-08
6.14204e-08
6.14446e-08
6.14691e-08
6.14929e-08
6.15153e-08
6.15355e-08
6.15534e-08
6.15686e-08
6.15812e-08
6.15912e-08
6.15988e-08
6.16043e-08
6.16078e-08
6.16097e-08
6.16102e-08
6.16097e-08
6.16085e-08
6.16068e-08
6.16048e-08
6.16028e-08
6.16009e-08
6.15994e-08
6.15982e-08
6.15976e-08
6.29119e-08
6.29219e-08
6.29351e-08
6.29503e-08
6.29663e-08
6.2982e-08
6.29967e-08
6.30098e-08
6.30208e-08
6.30297e-08
6.30363e-08
6.30407e-08
6.30431e-08
6.30435e-08
6.30424e-08
6.30399e-08
6.30364e-08
6.30322e-08
6.30276e-08
6.30227e-08
6.30179e-08
6.30134e-08
6.30093e-08
6.30059e-08
6.30032e-08
6.30013e-08
6.30004e-08
6.43413e-08
6.43473e-08
6.43551e-08
6.43637e-08
6.43722e-08
6.438e-08
6.43864e-08
6.43911e-08
6.43939e-08
6.43946e-08
6.43934e-08
6.43904e-08
6.43858e-08
6.43798e-08
6.43727e-08
6.43648e-08
6.43564e-08
6.43479e-08
6.43394e-08
6.43312e-08
6.43237e-08
6.43168e-08
6.43109e-08
6.4306e-08
6.43023e-08
6.42997e-08
6.42984e-08
6.56626e-08
6.56651e-08
6.56679e-08
6.56706e-08
6.56723e-08
6.56728e-08
6.56717e-08
6.56688e-08
6.5664e-08
6.56574e-08
6.56491e-08
6.56393e-08
6.56283e-08
6.56164e-08
6.56039e-08
6.55911e-08
6.55783e-08
6.55657e-08
6.55538e-08
6.55426e-08
6.55325e-08
6.55235e-08
6.55159e-08
6.55097e-08
6.5505e-08
6.55018e-08
6.55002e-08
6.68849e-08
6.68841e-08
6.68824e-08
6.68796e-08
6.68752e-08
6.68691e-08
6.68611e-08
6.68512e-08
6.68395e-08
6.68262e-08
6.68113e-08
6.67954e-08
6.67786e-08
6.67612e-08
6.67437e-08
6.67263e-08
6.67094e-08
6.66933e-08
6.66781e-08
6.66642e-08
6.66517e-08
6.66408e-08
6.66316e-08
6.66241e-08
6.66185e-08
6.66148e-08
6.6613e-08
6.80156e-08
6.80118e-08
6.8006e-08
6.79981e-08
6.79881e-08
6.79759e-08
6.79616e-08
6.79453e-08
6.79272e-08
6.79076e-08
6.78868e-08
6.78651e-08
6.78429e-08
6.78206e-08
6.77984e-08
6.77769e-08
6.77562e-08
6.77367e-08
6.77185e-08
6.77021e-08
6.76874e-08
6.76746e-08
6.7664e-08
6.76554e-08
6.7649e-08
6.76448e-08
6.76427e-08
6.9061e-08
6.90544e-08
6.90447e-08
6.90322e-08
6.90169e-08
6.89991e-08
6.89789e-08
6.89566e-08
6.89326e-08
6.89073e-08
6.88809e-08
6.88539e-08
6.88267e-08
6.87997e-08
6.87733e-08
6.87478e-08
6.87236e-08
6.87009e-08
6.868e-08
6.86611e-08
6.86444e-08
6.863e-08
6.86179e-08
6.86083e-08
6.86012e-08
6.85964e-08
6.85941e-08
7.00261e-08
7.00168e-08
7.00036e-08
6.99866e-08
6.99664e-08
6.99433e-08
6.99176e-08
6.98898e-08
6.98603e-08
6.98294e-08
6.97978e-08
6.97658e-08
6.97339e-08
6.97026e-08
6.96721e-08
6.9643e-08
6.96154e-08
6.95898e-08
6.95663e-08
6.95451e-08
6.95265e-08
6.95105e-08
6.94971e-08
6.94865e-08
6.94786e-08
6.94734e-08
6.94709e-08
7.09144e-08
7.09027e-08
7.0886e-08
7.0865e-08
7.08401e-08
7.0812e-08
7.07811e-08
7.0748e-08
7.07131e-08
7.06772e-08
7.06405e-08
7.06038e-08
7.05674e-08
7.05319e-08
7.04976e-08
7.04649e-08
7.04342e-08
7.04057e-08
7.03797e-08
7.03564e-08
7.0336e-08
7.03184e-08
7.03038e-08
7.02922e-08
7.02837e-08
7.0278e-08
7.02752e-08
7.17284e-08
7.17143e-08
7.16944e-08
7.16693e-08
7.164e-08
7.1607e-08
7.15711e-08
7.15329e-08
7.1493e-08
7.1452e-08
7.14106e-08
7.13693e-08
7.13286e-08
7.1289e-08
7.1251e-08
7.12149e-08
7.11811e-08
7.11499e-08
7.11215e-08
7.1096e-08
7.10738e-08
7.10547e-08
7.10389e-08
7.10264e-08
7.10172e-08
7.10111e-08
7.10081e-08
7.24689e-08
7.24525e-08
7.24293e-08
7.24004e-08
7.23667e-08
7.2329e-08
7.22881e-08
7.22449e-08
7.22e-08
7.21541e-08
7.2108e-08
7.20621e-08
7.20172e-08
7.19736e-08
7.19319e-08
7.18925e-08
7.18556e-08
7.18217e-08
7.17909e-08
7.17634e-08
7.17394e-08
7.17189e-08
7.17019e-08
7.16885e-08
7.16785e-08
7.1672e-08
7.16688e-08
7.31352e-08
7.31165e-08
7.30901e-08
7.30573e-08
7.30192e-08
7.29767e-08
7.29309e-08
7.28827e-08
7.28328e-08
7.2782e-08
7.27311e-08
7.26807e-08
7.26314e-08
7.25838e-08
7.25384e-08
7.24956e-08
7.24557e-08
7.24191e-08
7.23858e-08
7.23563e-08
7.23304e-08
7.23084e-08
7.22903e-08
7.22759e-08
7.22653e-08
7.22584e-08
7.2255e-08
7.37246e-08
7.37036e-08
7.36739e-08
7.36372e-08
7.35945e-08
7.35473e-08
7.34964e-08
7.3443e-08
7.33879e-08
7.33321e-08
7.32763e-08
7.32212e-08
7.31675e-08
7.31158e-08
7.30666e-08
7.30203e-08
7.29772e-08
7.29377e-08
7.2902e-08
7.28703e-08
7.28426e-08
7.28191e-08
7.27997e-08
7.27843e-08
7.2773e-08
7.27657e-08
7.2762e-08
7.42327e-08
7.42092e-08
7.41761e-08
7.41352e-08
7.40879e-08
7.40355e-08
7.39793e-08
7.39205e-08
7.386e-08
7.37988e-08
7.37379e-08
7.36779e-08
7.36195e-08
7.35635e-08
7.35102e-08
7.34602e-08
7.34138e-08
7.33713e-08
7.3333e-08
7.32989e-08
7.32693e-08
7.32441e-08
7.32234e-08
7.32071e-08
7.3195e-08
7.31872e-08
7.31833e-08
7.46525e-08
7.46263e-08
7.45895e-08
7.45441e-08
7.44917e-08
7.44339e-08
7.4372e-08
7.43073e-08
7.4241e-08
7.41741e-08
7.41075e-08
7.40422e-08
7.39788e-08
7.3918e-08
7.38604e-08
7.38064e-08
7.37563e-08
7.37106e-08
7.36694e-08
7.36329e-08
7.36011e-08
7.35742e-08
7.3552e-08
7.35346e-08
7.35218e-08
7.35134e-08
7.35093e-08
7.49741e-08
7.4945e-08
7.49042e-08
7.48539e-08
7.47959e-08
7.4732e-08
7.46638e-08
7.45927e-08
7.45199e-08
7.44467e-08
7.4374e-08
7.43027e-08
7.42338e-08
7.41677e-08
7.41053e-08
7.40468e-08
7.39928e-08
7.39434e-08
7.38991e-08
7.38598e-08
7.38257e-08
7.37968e-08
7.37731e-08
7.37544e-08
7.37407e-08
7.37317e-08
7.37274e-08
7.51847e-08
7.51524e-08
7.5107e-08
7.50512e-08
7.49869e-08
7.49163e-08
7.4841e-08
7.47626e-08
7.46826e-08
7.46022e-08
7.45225e-08
7.44446e-08
7.43693e-08
7.42974e-08
7.42295e-08
7.4166e-08
7.41074e-08
7.4054e-08
7.40061e-08
7.39637e-08
7.3927e-08
7.38959e-08
7.38704e-08
7.38503e-08
7.38356e-08
7.3826e-08
7.38213e-08
7.52678e-08
7.52317e-08
7.51811e-08
7.51189e-08
7.50476e-08
7.49692e-08
7.48857e-08
7.47991e-08
7.47107e-08
7.46221e-08
7.45345e-08
7.4449e-08
7.43665e-08
7.42878e-08
7.42136e-08
7.41444e-08
7.40806e-08
7.40226e-08
7.39706e-08
7.39246e-08
7.38848e-08
7.38512e-08
7.38236e-08
7.3802e-08
7.37861e-08
7.37758e-08
7.37708e-08
7.52024e-08
7.5162e-08
7.51055e-08
7.5036e-08
7.49564e-08
7.4869e-08
7.47762e-08
7.46799e-08
7.45819e-08
7.44839e-08
7.43871e-08
7.42927e-08
7.42018e-08
7.41153e-08
7.40338e-08
7.39579e-08
7.38881e-08
7.38247e-08
7.37679e-08
7.37178e-08
7.36745e-08
7.3638e-08
7.3608e-08
7.35846e-08
7.35674e-08
7.35562e-08
7.35508e-08
7.49634e-08
7.49179e-08
7.48544e-08
7.47764e-08
7.46871e-08
7.45893e-08
7.44855e-08
7.43781e-08
7.42689e-08
7.41597e-08
7.40522e-08
7.39475e-08
7.38468e-08
7.37511e-08
7.36612e-08
7.35775e-08
7.35007e-08
7.3431e-08
7.33686e-08
7.33137e-08
7.32663e-08
7.32263e-08
7.31936e-08
7.3168e-08
7.31493e-08
7.31371e-08
7.31312e-08
7.45201e-08
7.44688e-08
7.43971e-08
7.43092e-08
7.42086e-08
7.40985e-08
7.39819e-08
7.38613e-08
7.3739e-08
7.36169e-08
7.34967e-08
7.338e-08
7.32679e-08
7.31615e-08
7.30616e-08
7.29688e-08
7.28838e-08
7.28067e-08
7.27378e-08
7.26773e-08
7.26251e-08
7.25811e-08
7.25452e-08
7.25171e-08
7.24966e-08
7.24833e-08
7.24768e-08
7.3837e-08
7.37788e-08
7.36976e-08
7.3598e-08
7.34842e-08
7.33598e-08
7.32282e-08
7.30922e-08
7.29545e-08
7.28172e-08
7.26824e-08
7.25515e-08
7.2426e-08
7.23071e-08
7.21956e-08
7.20922e-08
7.19975e-08
7.19119e-08
7.18354e-08
7.17683e-08
7.17105e-08
7.16619e-08
7.16222e-08
7.15912e-08
7.15686e-08
7.15539e-08
7.15468e-08
7.28732e-08
7.28069e-08
7.27145e-08
7.26013e-08
7.24721e-08
7.2331e-08
7.21819e-08
7.20281e-08
7.18725e-08
7.17176e-08
7.15656e-08
7.14183e-08
7.12773e-08
7.11438e-08
7.10188e-08
7.09031e-08
7.07973e-08
7.07016e-08
7.06164e-08
7.05417e-08
7.04774e-08
7.04233e-08
7.03793e-08
7.0345e-08
7.03199e-08
7.03037e-08
7.02958e-08
7.1583e-08
7.15075e-08
7.14022e-08
7.12733e-08
7.11262e-08
7.09659e-08
7.07966e-08
7.06222e-08
7.04459e-08
7.02706e-08
7.00989e-08
6.99327e-08
6.97738e-08
6.96235e-08
6.9483e-08
6.93532e-08
6.92345e-08
6.91274e-08
6.90321e-08
6.89486e-08
6.88769e-08
6.88167e-08
6.87677e-08
6.87295e-08
6.87016e-08
6.86836e-08
6.86749e-08
6.99179e-08
6.98318e-08
6.97117e-08
6.95649e-08
6.93975e-08
6.92152e-08
6.90228e-08
6.88249e-08
6.86251e-08
6.84267e-08
6.82325e-08
6.80448e-08
6.78656e-08
6.76963e-08
6.75383e-08
6.73924e-08
6.72592e-08
6.71392e-08
6.70325e-08
6.69391e-08
6.6859e-08
6.67918e-08
6.67372e-08
6.66947e-08
6.66637e-08
6.66437e-08
6.6634e-08
6.78283e-08
6.77303e-08
6.75936e-08
6.74266e-08
6.72364e-08
6.70294e-08
6.68113e-08
6.65871e-08
6.6361e-08
6.61368e-08
6.59176e-08
6.5706e-08
6.55042e-08
6.53138e-08
6.51363e-08
6.49726e-08
6.48233e-08
6.4689e-08
6.45697e-08
6.44654e-08
6.4376e-08
6.43012e-08
6.42403e-08
6.4193e-08
6.41586e-08
6.41364e-08
6.41257e-08
6.52677e-08
6.51565e-08
6.50017e-08
6.48126e-08
6.45974e-08
6.43635e-08
6.41172e-08
6.38643e-08
6.36096e-08
6.33572e-08
6.31109e-08
6.28733e-08
6.2647e-08
6.24339e-08
6.22353e-08
6.20524e-08
6.18859e-08
6.17361e-08
6.16033e-08
6.14873e-08
6.1388e-08
6.13049e-08
6.12375e-08
6.11851e-08
6.1147e-08
6.11225e-08
6.11106e-08
6.21982e-08
6.2073e-08
6.18988e-08
6.16862e-08
6.14445e-08
6.1182e-08
6.0906e-08
6.06228e-08
6.03379e-08
6.00561e-08
5.97812e-08
5.95165e-08
5.92647e-08
5.90278e-08
5.88073e-08
5.86045e-08
5.84201e-08
5.82544e-08
5.81076e-08
5.79796e-08
5.78701e-08
5.77786e-08
5.77044e-08
5.76467e-08
5.76049e-08
5.7578e-08
5.7565e-08
5.85975e-08
5.84581e-08
5.82642e-08
5.80277e-08
5.77591e-08
5.74676e-08
5.71615e-08
5.68478e-08
5.65326e-08
5.62212e-08
5.59179e-08
5.56262e-08
5.53491e-08
5.50886e-08
5.48466e-08
5.46243e-08
5.44223e-08
5.4241e-08
5.40807e-08
5.3941e-08
5.38216e-08
5.37219e-08
5.36412e-08
5.35786e-08
5.35331e-08
5.35039e-08
5.34898e-08
5.44685e-08
5.43154e-08
5.41025e-08
5.38431e-08
5.35488e-08
5.32298e-08
5.28952e-08
5.25528e-08
5.22092e-08
5.18702e-08
5.15405e-08
5.12238e-08
5.09234e-08
5.06414e-08
5.03798e-08
5.01397e-08
4.99219e-08
4.97268e-08
4.95543e-08
4.94043e-08
4.92761e-08
4.91693e-08
4.90828e-08
4.90159e-08
4.89673e-08
4.89361e-08
4.89211e-08
4.98483e-08
4.96831e-08
4.94537e-08
4.91744e-08
4.88578e-08
4.85151e-08
4.81562e-08
4.77894e-08
4.74219e-08
4.70599e-08
4.67083e-08
4.63713e-08
4.60519e-08
4.57528e-08
4.54756e-08
4.52215e-08
4.49914e-08
4.47856e-08
4.46038e-08
4.4446e-08
4.43113e-08
4.41992e-08
4.41085e-08
4.40384e-08
4.39876e-08
4.3955e-08
4.39393e-08
4.48175e-08
4.46433e-08
4.44016e-08
4.41076e-08
4.37749e-08
4.34153e-08
4.30391e-08
4.26554e-08
4.22717e-08
4.18944e-08
4.15286e-08
4.11785e-08
4.08475e-08
4.05379e-08
4.02515e-08
3.99896e-08
3.97527e-08
3.9541e-08
3.93545e-08
3.91927e-08
3.9055e-08
3.89403e-08
3.88479e-08
3.87764e-08
3.87247e-08
3.86915e-08
3.86756e-08
3.95053e-08
3.93266e-08
3.90789e-08
3.87781e-08
3.84381e-08
3.80713e-08
3.76883e-08
3.72984e-08
3.69094e-08
3.65275e-08
3.61582e-08
3.58055e-08
3.54726e-08
3.5162e-08
3.48753e-08
3.46135e-08
3.43772e-08
3.41666e-08
3.39813e-08
3.38208e-08
3.36844e-08
3.35711e-08
3.34799e-08
3.34095e-08
3.33586e-08
3.3326e-08
3.33104e-08
3.40874e-08
3.39101e-08
3.36646e-08
3.33669e-08
3.3031e-08
3.26694e-08
3.22928e-08
3.19101e-08
3.15293e-08
3.11564e-08
3.07966e-08
3.04539e-08
3.01314e-08
2.98311e-08
2.95546e-08
2.93028e-08
2.90761e-08
2.88744e-08
2.86974e-08
2.85445e-08
2.84148e-08
2.83073e-08
2.82209e-08
2.81543e-08
2.81063e-08
2.80757e-08
2.8061e-08
2.87737e-08
2.86044e-08
2.83704e-08
2.80871e-08
2.77683e-08
2.74257e-08
2.70698e-08
2.67093e-08
2.63514e-08
2.60022e-08
2.56662e-08
2.53471e-08
2.50477e-08
2.47698e-08
2.45148e-08
2.42832e-08
2.40753e-08
2.38909e-08
2.37296e-08
2.35906e-08
2.3473e-08
2.33759e-08
2.3298e-08
2.32381e-08
2.31951e-08
2.31677e-08
2.31546e-08
2.37828e-08
2.36282e-08
2.34147e-08
2.31568e-08
2.28671e-08
2.25568e-08
2.22354e-08
2.19109e-08
2.15899e-08
2.12776e-08
2.09783e-08
2.06952e-08
2.04304e-08
2.01857e-08
1.99619e-08
1.97594e-08
1.95784e-08
1.94185e-08
1.92791e-08
1.91594e-08
1.90586e-08
1.89756e-08
1.89093e-08
1.88586e-08
1.88223e-08
1.87992e-08
1.87882e-08
1.93059e-08
1.91709e-08
1.89849e-08
1.87607e-08
1.85095e-08
1.82413e-08
1.79644e-08
1.76858e-08
1.74112e-08
1.71452e-08
1.68913e-08
1.66522e-08
1.64295e-08
1.62247e-08
1.60382e-08
1.58703e-08
1.5721e-08
1.55897e-08
1.5476e-08
1.53789e-08
1.52977e-08
1.52313e-08
1.51786e-08
1.51385e-08
1.511e-08
1.50921e-08
1.50836e-08
1.5469e-08
1.53563e-08
1.52012e-08
1.50146e-08
1.48062e-08
1.45846e-08
1.43569e-08
1.41288e-08
1.3905e-08
1.36892e-08
1.34843e-08
1.32922e-08
1.31145e-08
1.29518e-08
1.28047e-08
1.26731e-08
1.25568e-08
1.24553e-08
1.23679e-08
1.22939e-08
1.22324e-08
1.21825e-08
1.21432e-08
1.21137e-08
1.20928e-08
1.20798e-08
1.20737e-08
1.23277e-08
1.22389e-08
1.2117e-08
1.19709e-08
1.18083e-08
1.16359e-08
1.14596e-08
1.12838e-08
1.11124e-08
1.09483e-08
1.07935e-08
1.06496e-08
1.05174e-08
1.03976e-08
1.02902e-08
1.01951e-08
1.0112e-08
1.00403e-08
9.97939e-09
9.92848e-09
9.88678e-09
9.85347e-09
9.82768e-09
9.80861e-09
9.79543e-09
9.78736e-09
9.78368e-09
9.89337e-09
9.82791e-09
9.73831e-09
9.63133e-09
9.51291e-09
9.38815e-09
9.26132e-09
9.13592e-09
9.01469e-09
8.89969e-09
8.79241e-09
8.69385e-09
8.60459e-09
8.52485e-09
8.4546e-09
8.39357e-09
8.34135e-09
8.29737e-09
8.261e-09
8.23154e-09
8.20824e-09
8.19036e-09
8.17716e-09
8.16791e-09
8.16192e-09
8.15852e-09
8.1571e-09
8.11052e-09
8.06572e-09
8.00465e-09
7.93216e-09
7.8525e-09
7.76932e-09
7.68567e-09
7.604e-09
7.5262e-09
7.45367e-09
7.38738e-09
7.32792e-09
7.27558e-09
7.23038e-09
7.19213e-09
7.1605e-09
7.13502e-09
7.11511e-09
7.10016e-09
7.08949e-09
7.08241e-09
7.07822e-09
7.07625e-09
7.07583e-09
7.07635e-09
7.07721e-09
7.07788e-09
6.86904e-09
6.84115e-09
6.80344e-09
6.75916e-09
6.71119e-09
6.66202e-09
6.6137e-09
6.56786e-09
6.52573e-09
6.48819e-09
6.45581e-09
6.42888e-09
6.40745e-09
6.39137e-09
6.38036e-09
6.37398e-09
6.37171e-09
6.37295e-09
6.37704e-09
6.3833e-09
6.39102e-09
6.3995e-09
6.40807e-09
6.41606e-09
6.42286e-09
6.42789e-09
6.43063e-09
6.04712e-09
6.03279e-09
6.01384e-09
5.99231e-09
5.97003e-09
5.9486e-09
5.9293e-09
5.91317e-09
5.90093e-09
5.89308e-09
5.88985e-09
5.89129e-09
5.89725e-09
5.90744e-09
5.92144e-09
5.93869e-09
5.95858e-09
5.9804e-09
6.0034e-09
6.02681e-09
6.04984e-09
6.07169e-09
6.09158e-09
6.10878e-09
6.12259e-09
6.13235e-09
6.13749e-09
5.54511e-09
5.54222e-09
5.5392e-09
5.53716e-09
5.53714e-09
5.54005e-09
5.54662e-09
5.55741e-09
5.57276e-09
5.59284e-09
5.61762e-09
5.64693e-09
5.68042e-09
5.71762e-09
5.75791e-09
5.8006e-09
5.84487e-09
5.88985e-09
5.93461e-09
5.97817e-09
6.01952e-09
6.05769e-09
6.09167e-09
6.12051e-09
6.14332e-09
6.15926e-09
6.16756e-09
5.29791e-09
5.30576e-09
5.31784e-09
5.33448e-09
5.3561e-09
5.38305e-09
5.41562e-09
5.45398e-09
5.49814e-09
5.54799e-09
5.60326e-09
5.66352e-09
5.72821e-09
5.79662e-09
5.86793e-09
5.94117e-09
6.01527e-09
6.08909e-09
6.16137e-09
6.23082e-09
6.2961e-09
6.35585e-09
6.40872e-09
6.45339e-09
6.48859e-09
6.51312e-09
6.52589e-09
5.27068e-09
5.28971e-09
5.31761e-09
5.35403e-09
5.39878e-09
5.45177e-09
5.51287e-09
5.58187e-09
5.65851e-09
5.74237e-09
5.83294e-09
5.92956e-09
6.03141e-09
6.13757e-09
6.24683e-09
6.35787e-09
6.46926e-09
6.57944e-09
6.68674e-09
6.78943e-09
6.88567e-09
6.97361e-09
7.05135e-09
7.11702e-09
7.16878e-09
7.20488e-09
7.22368e-09
5.44483e-09
5.47592e-09
5.52097e-09
5.57895e-09
5.64921e-09
5.73103e-09
5.82378e-09
5.92687e-09
6.03968e-09
6.16151e-09
6.29157e-09
6.42891e-09
6.57247e-09
6.72098e-09
6.873e-09
7.02691e-09
7.18096e-09
7.33329e-09
7.48192e-09
7.62476e-09
7.75966e-09
7.88439e-09
7.99671e-09
8.09438e-09
8.17353e-09
8.22989e-09
8.25973e-09
5.79924e-09
5.84239e-09
5.90456e-09
5.98401e-09
6.0795e-09
6.19005e-09
6.31477e-09
6.45302e-09
6.60443e-09
6.76897e-09
6.94702e-09
7.13952e-09
7.34806e-09
7.57485e-09
7.81296e-09
8.0572e-09
8.30321e-09
8.547e-09
8.78467e-09
9.01231e-09
9.22591e-09
9.42138e-09
9.59455e-09
9.74121e-09
9.85716e-09
9.93833e-09
9.98076e-09
6.28131e-09
6.3366e-09
6.41756e-09
6.52413e-09
6.65858e-09
6.82635e-09
7.01968e-09
7.23381e-09
7.46551e-09
7.71216e-09
7.97137e-09
8.24074e-09
8.51781e-09
8.79994e-09
9.08424e-09
9.36772e-09
9.64728e-09
9.91971e-09
1.01817e-08
1.04297e-08
1.06602e-08
1.08694e-08
1.10535e-08
1.12085e-08
1.13306e-08
1.14158e-08
1.14602e-08
7.07512e-09
7.15629e-09
7.27193e-09
7.41752e-09
7.58921e-09
7.78341e-09
7.99632e-09
8.22433e-09
8.46404e-09
8.71228e-09
8.9661e-09
9.22275e-09
9.47971e-09
9.73468e-09
9.98551e-09
1.02302e-08
1.04668e-08
1.06936e-08
1.09085e-08
1.11095e-08
1.12947e-08
1.14616e-08
1.16077e-08
1.17305e-08
1.18272e-08
1.18946e-08
1.19299e-08
7.90011e-09
7.97619e-09
8.08271e-09
8.21369e-09
8.36379e-09
8.5281e-09
8.70218e-09
8.88205e-09
9.06425e-09
9.24589e-09
9.42463e-09
9.59871e-09
9.76688e-09
9.92831e-09
1.00825e-08
1.02293e-08
1.03685e-08
1.05001e-08
1.06238e-08
1.07392e-08
1.08456e-08
1.09423e-08
1.10277e-08
1.11005e-08
1.11586e-08
1.11998e-08
1.12217e-08
8.35382e-09
8.4037e-09
8.47172e-09
8.55246e-09
8.64102e-09
8.7331e-09
8.82511e-09
8.9142e-09
8.99832e-09
9.07618e-09
9.14718e-09
9.21135e-09
9.26919e-09
9.32153e-09
9.36942e-09
9.41396e-09
9.45619e-09
9.49697e-09
9.53691e-09
9.5763e-09
9.61507e-09
9.65272e-09
9.6884e-09
9.72083e-09
9.74838e-09
9.76907e-09
9.78066e-09
8.24473e-09
8.25907e-09
8.27674e-09
8.29464e-09
8.3101e-09
8.32097e-09
8.32583e-09
8.32393e-09
8.31521e-09
8.30021e-09
8.27993e-09
8.25572e-09
8.22914e-09
8.20181e-09
8.1753e-09
8.15104e-09
8.13026e-09
8.11386e-09
8.10243e-09
8.09621e-09
8.09505e-09
8.09841e-09
8.10539e-09
8.11473e-09
8.12483e-09
8.1338e-09
8.13947e-09
7.62824e-09
7.6124e-09
7.58838e-09
7.55597e-09
7.5151e-09
7.46604e-09
7.40945e-09
7.34636e-09
7.27817e-09
7.2065e-09
7.13311e-09
7.0598e-09
6.98831e-09
6.92028e-09
6.85711e-09
6.8e-09
6.74984e-09
6.70726e-09
6.67256e-09
6.64573e-09
6.62644e-09
6.61405e-09
6.60761e-09
6.60591e-09
6.60743e-09
6.61046e-09
6.61303e-09
6.71964e-09
6.68599e-09
6.63796e-09
6.57751e-09
6.50648e-09
6.42675e-09
6.34026e-09
6.24902e-09
6.15503e-09
6.06027e-09
5.9666e-09
5.87573e-09
5.78919e-09
5.7083e-09
5.63412e-09
5.56747e-09
5.50892e-09
5.45879e-09
5.41716e-09
5.38383e-09
5.35838e-09
5.34018e-09
5.32833e-09
5.32177e-09
5.31919e-09
5.31914e-09
5.31999e-09
5.73546e-09
5.69508e-09
5.63837e-09
5.56841e-09
5.488e-09
5.39973e-09
5.30606e-09
5.20929e-09
5.11152e-09
5.01465e-09
4.92037e-09
4.83013e-09
4.74514e-09
4.66637e-09
4.59459e-09
4.53032e-09
4.47388e-09
4.4254e-09
4.38481e-09
4.35186e-09
4.32611e-09
4.30697e-09
4.2937e-09
4.28538e-09
4.281e-09
4.27938e-09
4.27926e-09
4.81243e-09
4.77222e-09
4.71621e-09
4.64779e-09
4.57e-09
4.4856e-09
4.39707e-09
4.30663e-09
4.21622e-09
4.12754e-09
4.042e-09
3.96076e-09
3.88475e-09
3.81471e-09
3.75113e-09
3.69435e-09
3.64453e-09
3.60166e-09
3.56559e-09
3.53606e-09
3.51267e-09
3.49492e-09
3.48218e-09
3.47372e-09
3.46874e-09
3.46638e-09
3.46569e-09
4.00992e-09
3.97327e-09
3.92246e-09
3.86077e-09
3.79109e-09
3.71604e-09
3.63789e-09
3.55864e-09
3.47998e-09
3.40334e-09
3.32988e-09
3.26052e-09
3.19596e-09
3.13672e-09
3.08312e-09
3.03535e-09
2.99345e-09
2.95736e-09
2.9269e-09
2.90181e-09
2.88171e-09
2.86619e-09
2.85476e-09
2.84688e-09
2.84196e-09
2.83936e-09
2.83841e-09
3.33998e-09
3.30814e-09
3.26413e-09
3.2109e-09
3.15108e-09
3.08697e-09
3.0206e-09
2.95368e-09
2.88763e-09
2.82362e-09
2.76257e-09
2.70518e-09
2.65198e-09
2.60331e-09
2.55939e-09
2.52031e-09
2.48604e-09
2.45647e-09
2.43142e-09
2.41066e-09
2.39388e-09
2.38077e-09
2.37095e-09
2.364e-09
2.3595e-09
2.35698e-09
2.35597e-09
2.79233e-09
2.76545e-09
2.72838e-09
2.68371e-09
2.6337e-09
2.58033e-09
2.52531e-09
2.47006e-09
2.41575e-09
2.36333e-09
2.31352e-09
2.26686e-09
2.22374e-09
2.18438e-09
2.14891e-09
2.11734e-09
2.08965e-09
2.06571e-09
2.04538e-09
2.02844e-09
2.01468e-09
2.00382e-09
1.99558e-09
1.98966e-09
1.98572e-09
1.98345e-09
1.98248e-09
2.34965e-09
2.32735e-09
2.29667e-09
2.25979e-09
2.2186e-09
2.17478e-09
2.12975e-09
2.08467e-09
2.0405e-09
1.998e-09
1.95773e-09
1.92007e-09
1.88531e-09
1.85362e-09
1.82506e-09
1.79966e-09
1.77736e-09
1.75806e-09
1.74163e-09
1.72789e-09
1.71667e-09
1.70776e-09
1.70093e-09
1.69596e-09
1.69261e-09
1.69062e-09
1.68976e-09
1.9932e-09
1.97488e-09
1.9497e-09
1.91948e-09
1.88582e-09
1.85009e-09
1.81344e-09
1.77684e-09
1.74104e-09
1.70663e-09
1.67405e-09
1.64364e-09
1.61559e-09
1.59003e-09
1.56702e-09
1.54654e-09
1.52854e-09
1.51295e-09
1.49964e-09
1.48849e-09
1.47934e-09
1.47203e-09
1.46639e-09
1.46225e-09
1.45942e-09
1.45772e-09
1.45696e-09
1.70594e-09
1.69094e-09
1.67035e-09
1.64566e-09
1.61818e-09
1.58904e-09
1.55918e-09
1.52939e-09
1.50028e-09
1.47234e-09
1.44592e-09
1.42126e-09
1.39853e-09
1.37782e-09
1.35917e-09
1.34257e-09
1.32797e-09
1.3153e-09
1.30447e-09
1.29537e-09
1.28787e-09
1.28186e-09
1.2772e-09
1.27375e-09
1.27137e-09
1.26993e-09
1.26928e-09
1.47354e-09
1.46124e-09
1.44436e-09
1.42414e-09
1.40164e-09
1.37781e-09
1.35341e-09
1.32908e-09
1.30533e-09
1.28254e-09
1.261e-09
1.24091e-09
1.22239e-09
1.20552e-09
1.19032e-09
1.17678e-09
1.16487e-09
1.15451e-09
1.14565e-09
1.13818e-09
1.13201e-09
1.12705e-09
1.12319e-09
1.12031e-09
1.11832e-09
1.11709e-09
1.11654e-09
1.285e-09
1.2749e-09
1.26104e-09
1.24445e-09
1.22601e-09
1.20648e-09
1.1865e-09
1.16659e-09
1.14716e-09
1.12853e-09
1.11093e-09
1.09452e-09
1.07939e-09
1.06561e-09
1.0532e-09
1.04214e-09
1.0324e-09
1.02392e-09
1.01666e-09
1.01054e-09
1.00547e-09
1.00138e-09
9.9819e-10
9.95805e-10
9.94143e-10
9.93118e-10
9.92647e-10
1.13418e-09
1.1259e-09
1.11456e-09
1.10098e-09
1.0859e-09
1.06995e-09
1.05365e-09
1.03742e-09
1.02161e-09
1.00646e-09
9.9216e-10
9.78842e-10
9.66585e-10
9.5543e-10
9.4539e-10
9.36452e-10
9.28587e-10
9.21752e-10
9.15895e-10
9.10956e-10
9.06871e-10
9.03574e-10
9.00996e-10
8.99068e-10
8.97722e-10
8.9689e-10
8.96507e-10
1.02716e-09
1.02035e-09
1.01104e-09
9.99906e-10
9.87562e-10
9.74526e-10
9.61234e-10
9.48036e-10
9.35208e-10
9.22957e-10
9.11432e-10
9.00734e-10
8.90925e-10
8.82034e-10
8.74064e-10
8.66999e-10
8.60812e-10
8.55459e-10
8.50895e-10
8.47065e-10
8.43914e-10
8.41384e-10
8.39417e-10
8.37954e-10
8.36938e-10
8.36315e-10
8.36029e-10
1.23873e-23
5.42289e-23
1.69578e-22
4.92602e-22
1.43661e-21
4.23209e-21
1.25654e-20
3.74459e-20
1.11893e-19
3.34399e-19
9.99806e-19
2.98641e-18
8.90989e-18
2.65043e-17
7.85581e-17
2.31551e-16
6.77802e-16
1.96733e-15
5.65666e-15
1.61e-14
4.52593e-14
1.24351e-13
3.23894e-13
7.53532e-13
1.46851e-12
2.46877e-12
4.19254e-12
7.51387e-12
1.42522e-11
3.09615e-11
7.52599e-11
1.90976e-10
4.73069e-10
1.08706e-09
2.25315e-09
4.17716e-09
6.94591e-09
1.0479e-08
1.45695e-08
1.89664e-08
2.34426e-08
2.78274e-08
3.20103e-08
3.59307e-08
3.95641e-08
4.29085e-08
4.59756e-08
4.8784e-08
5.1355e-08
5.37099e-08
5.58695e-08
5.78528e-08
5.96769e-08
6.1357e-08
6.29069e-08
6.43382e-08
6.56613e-08
6.68852e-08
6.80174e-08
6.90642e-08
7.00305e-08
7.09201e-08
7.17352e-08
7.24769e-08
7.31442e-08
7.37349e-08
7.42442e-08
7.46653e-08
7.49884e-08
7.52006e-08
7.52854e-08
7.52222e-08
7.49856e-08
7.45453e-08
7.38656e-08
7.29056e-08
7.16201e-08
6.99602e-08
6.78765e-08
6.53223e-08
6.22596e-08
5.8666e-08
5.45438e-08
4.99296e-08
4.49033e-08
3.95933e-08
3.41747e-08
2.88571e-08
2.38592e-08
1.93726e-08
1.55248e-08
1.23716e-08
9.92586e-09
8.13281e-09
6.88297e-09
6.05436e-09
5.54674e-09
5.29429e-09
5.26162e-09
5.42992e-09
5.77848e-09
6.2549e-09
7.03581e-09
7.86288e-09
8.32904e-09
8.2372e-09
7.63559e-09
6.73591e-09
5.75519e-09
4.83217e-09
4.02796e-09
3.35569e-09
2.80562e-09
2.36068e-09
2.00228e-09
1.71337e-09
1.47964e-09
1.29e-09
1.13828e-09
1.03053e-09
)
;

boundaryField
{
    outlet
    {
        type            inletOutlet;
        inletValue      uniform 0;
        value           nonuniform List<scalar> 
28
(
1.02716e-09
1.02035e-09
1.01104e-09
9.99906e-10
9.87562e-10
9.74526e-10
9.61234e-10
9.48036e-10
9.35208e-10
9.22957e-10
9.11432e-10
9.00734e-10
8.90925e-10
8.82034e-10
8.74064e-10
8.66999e-10
8.60812e-10
8.55459e-10
8.50895e-10
8.47065e-10
8.43914e-10
8.41384e-10
8.39417e-10
8.37954e-10
8.36938e-10
8.36315e-10
8.36029e-10
1.03053e-09
)
;
    }
    inlet
    {
        type            fixedValue;
        value           uniform 0;
    }
    front
    {
        type            wedge;
    }
    wall
    {
        type            zeroGradient;
    }
    back
    {
        type            wedge;
    }
}


// ************************************************************************* //
