/*--------------------------------*- C++ -*----------------------------------*\
| =========                 |                                                 |
| \\      /  F ield         | OpenFOAM: The Open Source CFD Toolbox           |
|  \\    /   O peration     | Version:  2212                                  |
|   \\  /    A nd           | Website:  www.openfoam.com                      |
|    \\/     M anipulation  |                                                 |
\*---------------------------------------------------------------------------*/
FoamFile
{
    version     2.0;
    format      ascii;
    arch        "LSB;label=32;scalar=64";
    class       volScalarField;
    location    "30.00000000";
    object      A2_0;
}
// * * * * * * * * * * * * * * * * * * * * * * * * * * * * * * * * * * * * * //

dimensions      [0 0 0 0 0 0 0];

internalField   nonuniform List<scalar> 
3000
(
1.598155197e-21
1.795490969e-21
2.093283555e-21
2.490144557e-21
2.982061007e-21
3.555695218e-21
4.176500113e-21
4.76893249e-21
5.18783545e-21
6.000906035e-21
6.769117673e-21
7.927906728e-21
9.475622786e-21
1.14108084e-20
1.372287683e-20
1.637165212e-20
1.922405175e-20
2.174999183e-20
1.344505952e-20
1.528568517e-20
1.808863479e-20
2.189467704e-20
2.677239186e-20
3.279280212e-20
3.993191671e-20
4.778958894e-20
5.450296677e-20
2.561781898e-20
2.943058396e-20
3.532198644e-20
4.349185168e-20
5.423009562e-20
6.781018263e-20
8.415792103e-20
1.019663292e-19
1.163392914e-19
4.551127411e-20
5.292792964e-20
6.456856668e-20
8.10257152e-20
1.030746615e-19
1.313349309e-19
1.653347297e-19
2.014460461e-19
2.291683938e-19
7.830326044e-20
9.223201621e-20
1.144074046e-19
1.462475359e-19
1.894540354e-19
2.451180389e-19
3.115791389e-19
3.804588118e-19
4.314245132e-19
1.33018383e-19
1.586220457e-19
1.998600628e-19
2.597402937e-19
3.416038936e-19
4.470861725e-19
5.718297089e-19
6.98591204e-19
7.900712647e-19
2.252779002e-19
2.71647279e-19
3.469954872e-19
4.572523232e-19
6.085791469e-19
8.031681964e-19
1.031266669e-18
1.25967711e-18
1.421760688e-18
3.821709056e-19
4.65257176e-19
6.011376201e-19
8.009690146e-19
1.075708637e-18
1.428011612e-18
1.837988286e-18
2.244235633e-18
2.529317246e-18
6.506323439e-19
7.983193908e-19
1.040933797e-18
1.398842666e-18
1.891146729e-18
2.520685818e-18
3.249132246e-18
3.965600235e-18
4.464609412e-18
1.112034946e-18
1.372958956e-18
1.802883736e-18
2.438243437e-18
3.311942344e-18
4.426327766e-18
5.710139783e-18
6.966256293e-18
7.836844286e-18
1.907501643e-18
2.366370229e-18
3.123901081e-18
4.244356456e-18
5.783928003e-18
7.742797276e-18
9.991365648e-18
1.218338598e-17
1.369915946e-17
3.281966118e-18
4.086305539e-18
5.415744727e-18
7.382568523e-18
1.00819369e-17
1.3507248e-17
1.742448235e-17
2.123187869e-17
2.387452557e-17
5.660841895e-18
7.067908149e-18
9.395612402e-18
1.283966274e-17
1.756068903e-17
2.353225174e-17
3.032069894e-17
3.686982826e-17
4.154348155e-17
9.78305267e-18
1.224198826e-17
1.631408936e-17
2.234376516e-17
3.060960143e-17
4.104433112e-17
5.278829065e-17
6.356549838e-17
7.241146314e-17
1.693045196e-17
2.122376541e-17
2.834299806e-17
3.890413827e-17
5.343077374e-17
7.191839183e-17
9.322726675e-17
1.14519769e-16
1.278317069e-16
2.932363262e-17
3.680698096e-17
4.92234906e-17
6.765032401e-17
9.29916714e-17
1.251846416e-16
1.620165077e-16
1.977272824e-16
2.219719787e-16
5.081387185e-17
6.383815616e-17
8.545266769e-17
1.175265936e-16
1.616086758e-16
2.175324015e-16
2.813671842e-16
3.431086062e-16
3.853708938e-16
8.808526821e-17
1.107325542e-16
1.48321026e-16
2.040942627e-16
2.807235338e-16
3.778849744e-16
4.887247411e-16
5.958976298e-16
6.69309367e-16
1.5274004e-16
1.921004424e-16
2.574348426e-16
3.543764869e-16
4.875513829e-16
6.563713043e-16
8.489096753e-16
1.035040802e-15
1.162522647e-15
2.649181434e-16
3.33305355e-16
4.468319482e-16
6.152839472e-16
8.466827983e-16
1.139976878e-15
1.474416942e-15
1.797662958e-15
2.01901457e-15
4.595833096e-16
5.78381226e-16
7.756069025e-16
1.068258563e-15
1.47024856e-15
1.979706179e-15
2.560541085e-15
3.121830477e-15
3.506132274e-15
7.974417542e-16
1.003785075e-15
1.346368408e-15
1.854710135e-15
2.552937551e-15
3.437730691e-15
4.446329598e-15
5.420820661e-15
6.08796291e-15
1.383908259e-15
1.742285756e-15
2.337298436e-15
3.220191776e-15
4.432798688e-15
5.969233222e-15
7.720378641e-15
9.412053159e-15
1.05700507e-14
2.402050992e-15
3.024458716e-15
4.057831826e-15
5.59110167e-15
7.696768693e-15
1.036439558e-14
1.340431651e-14
1.634052742e-14
1.835025998e-14
4.16980439e-15
5.250739985e-15
7.045323033e-15
9.707809353e-15
1.336375389e-14
1.799457401e-14
2.327060475e-14
2.836563919e-14
3.185254185e-14
7.239318003e-15
9.116538006e-15
1.223285949e-14
1.685567365e-14
2.320217388e-14
3.123901963e-14
4.039309014e-14
4.923068171e-14
5.527750056e-14
1.256942046e-14
1.582941025e-14
2.124048433e-14
2.92657179e-14
4.028020607e-14
5.422352677e-14
7.00990105e-14
8.541968485e-14
9.589881401e-14
2.182471319e-14
2.748562508e-14
3.687992372e-14
5.080856212e-14
6.991781547e-14
9.409673563e-14
1.216113191e-13
1.481497032e-13
1.662926792e-13
3.789371068e-14
4.772233961e-14
6.402821602e-14
8.819432976e-14
1.213306223e-13
1.632300038e-13
2.108737686e-13
2.567913606e-13
2.881606394e-13
6.578497365e-14
8.28451032e-14
1.111368071e-13
1.530425288e-13
2.104601926e-13
2.829960862e-13
3.653909749e-13
4.447144688e-13
4.988508256e-13
1.141735304e-13
1.437723196e-13
1.928310127e-13
2.65441017e-13
3.648286053e-13
4.902310155e-13
6.324778239e-13
7.692192988e-13
8.624115654e-13
1.980618572e-13
2.493780111e-13
3.343715198e-13
4.600396681e-13
6.318241613e-13
8.482211601e-13
1.093227409e-12
1.328285352e-12
1.48818008e-12
3.433423962e-13
4.322155028e-13
5.792766679e-13
7.964285467e-13
1.092756191e-12
1.465251727e-12
1.885970945e-12
2.288565612e-12
2.561746059e-12
5.945867792e-13
7.482701999e-13
1.002271703e-12
1.376698014e-12
1.886516448e-12
2.525651235e-12
3.245299439e-12
3.931682637e-12
4.395954223e-12
1.028276239e-12
1.29348146e-12
1.731140123e-12
2.374919451e-12
3.249056649e-12
4.341223351e-12
5.566239168e-12
6.729861032e-12
7.513848882e-12
1.775142488e-12
2.231543218e-12
2.983307573e-12
4.086188887e-12
5.578569808e-12
7.435461485e-12
9.508447774e-12
1.146780595e-11
1.278167211e-11
3.057641737e-12
3.84032309e-12
5.126541123e-12
7.007368492e-12
9.54184429e-12
1.267964317e-11
1.616300731e-11
1.943620756e-11
2.161891174e-11
5.252345089e-12
6.588700036e-12
8.778645694e-12
1.196847359e-11
1.624554173e-11
2.150964091e-11
2.731540012e-11
3.273420116e-11
3.632485653e-11
8.992956857e-12
1.126254028e-11
1.49693961e-11
2.034377161e-11
2.750817128e-11
3.62661353e-11
4.585366429e-11
5.473468328e-11
6.057833275e-11
1.533887887e-11
1.916908645e-11
2.540040498e-11
3.438638623e-11
4.628563115e-11
6.072024937e-11
7.639197772e-11
9.078910584e-11
1.001908721e-10
2.604830129e-11
3.246485124e-11
4.285686258e-11
5.775123308e-11
7.732709882e-11
1.008732595e-10
1.26208977e-10
1.492793744e-10
1.64225743e-10
4.401589143e-11
5.467537282e-11
7.185129091e-11
9.630067305e-11
1.281710805e-10
1.661554729e-10
2.06639741e-10
2.431667799e-10
2.666392347e-10
7.396616464e-11
9.150877672e-11
1.196165015e-10
1.593282953e-10
2.10636731e-10
2.711991008e-10
3.351144724e-10
3.922457376e-10
4.286607396e-10
1.235382828e-10
1.521127011e-10
1.976165811e-10
2.613926993e-10
3.430275138e-10
4.384279395e-10
5.381109425e-10
6.26389318e-10
6.822105463e-10
2.049610221e-10
2.50990507e-10
3.238158995e-10
4.250304487e-10
5.5334898e-10
7.017997015e-10
8.553891502e-10
9.901819726e-10
1.074766907e-09
3.376038166e-10
4.10883896e-10
5.260434385e-10
6.84722925e-10
8.839582476e-10
1.112164133e-09
1.346015247e-09
1.54948284e-09
1.676247522e-09
5.518085339e-10
6.67053087e-10
8.469221165e-10
1.092635701e-09
1.398220875e-09
1.744873777e-09
2.096870607e-09
2.400664233e-09
2.588679205e-09
8.945668006e-10
1.07355339e-09
1.351012379e-09
1.726844855e-09
2.189966111e-09
2.710520442e-09
3.234598067e-09
3.683542356e-09
3.959711755e-09
1.43782303e-09
1.712333457e-09
2.135062862e-09
2.703030618e-09
3.396823682e-09
4.169990277e-09
4.942283503e-09
5.599384994e-09
6.00141279e-09
2.290473689e-09
2.706287133e-09
3.342591502e-09
4.190979544e-09
5.218920605e-09
6.355462095e-09
7.482637661e-09
8.435877384e-09
9.016292025e-09
3.615527912e-09
4.237808856e-09
5.184470988e-09
6.437726048e-09
7.944950034e-09
9.599553591e-09
1.123006837e-08
1.260159084e-08
1.343319472e-08
5.65443467e-09
6.574977854e-09
7.967810859e-09
9.799829952e-09
1.198834119e-08
1.437559408e-08
1.671487061e-08
1.867338716e-08
1.985663257e-08
8.761322737e-09
1.010830247e-08
1.213629575e-08
1.478820475e-08
1.793722408e-08
2.135301869e-08
2.468386111e-08
2.746139237e-08
2.913437174e-08
1.345014123e-08
1.540102735e-08
1.83252664e-08
2.212942335e-08
2.662302856e-08
3.147365834e-08
3.618380236e-08
4.009815464e-08
4.244989848e-08
2.046023006e-08
2.325922481e-08
2.743843024e-08
3.285067299e-08
3.921473211e-08
4.605567493e-08
5.267467243e-08
5.815962828e-08
6.144809968e-08
3.084714219e-08
3.482850519e-08
4.075310691e-08
4.839579556e-08
5.734736005e-08
6.693525166e-08
7.618391563e-08
8.382971582e-08
8.840594167e-08
4.610709728e-08
5.172632465e-08
6.006402667e-08
7.078361484e-08
8.329699809e-08
9.665917603e-08
1.095157598e-07
1.201233376e-07
1.264637427e-07
6.834716765e-08
7.622264443e-08
8.787930136e-08
1.028232596e-07
1.202183366e-07
1.387457886e-07
1.565344697e-07
1.711879972e-07
1.799376878e-07
1.005171127e-07
1.114857044e-07
1.276865697e-07
1.484060509e-07
1.72466115e-07
1.980375649e-07
2.225466152e-07
2.427104361e-07
2.547410593e-07
1.467239743e-07
1.61915131e-07
1.843131564e-07
2.128998425e-07
2.460287172e-07
2.811760808e-07
3.148154921e-07
3.42463475e-07
3.589504727e-07
2.12657216e-07
2.335916002e-07
2.644115743e-07
3.036798202e-07
3.49111012e-07
3.972397181e-07
4.432511628e-07
4.810390634e-07
5.035646793e-07
3.061605997e-07
3.348811031e-07
3.771111388e-07
4.308399858e-07
4.929146455e-07
5.585965179e-07
6.213325549e-07
6.728273152e-07
7.03517662e-07
4.379973527e-07
4.772427136e-07
5.348880265e-07
6.081419997e-07
6.926774659e-07
7.820391942e-07
8.673337654e-07
9.373179271e-07
9.790250174e-07
6.228674418e-07
6.763015167e-07
7.547196026e-07
8.542725099e-07
9.690493719e-07
1.090286183e-06
1.205944825e-06
1.300819542e-06
1.35736238e-06
8.807493789e-07
9.532624235e-07
1.059603593e-06
1.194495724e-06
1.349898546e-06
1.513950413e-06
1.670396111e-06
1.798712544e-06
1.875195187e-06
1.23865286e-06
1.33675472e-06
1.48053715e-06
1.662802913e-06
1.872657444e-06
2.094093387e-06
2.305212012e-06
2.478367625e-06
2.581596238e-06
1.732880692e-06
1.865209132e-06
2.059062409e-06
2.304671414e-06
2.58732793e-06
2.885491179e-06
3.169727408e-06
3.402869505e-06
3.541893963e-06
2.411905958e-06
2.589875509e-06
2.850489577e-06
3.180547659e-06
3.560263761e-06
3.960734046e-06
4.342491705e-06
4.655672873e-06
4.842479781e-06
3.339969109e-06
3.578585518e-06
3.927901154e-06
4.370156117e-06
4.878829414e-06
5.415254678e-06
5.926650824e-06
6.346276717e-06
6.596658322e-06
4.601485763e-06
4.920346817e-06
5.387016687e-06
5.977703468e-06
6.656991496e-06
7.373325976e-06
8.056332391e-06
8.616929411e-06
8.951544532e-06
6.306326372e-06
6.730820044e-06
7.351954067e-06
8.137993019e-06
9.04183181e-06
9.994988948e-06
1.090396806e-05
1.165028077e-05
1.209592973e-05
8.595983132e-06
9.15867813e-06
9.981862594e-06
1.102339229e-05
1.222088599e-05
1.348377004e-05
1.468837349e-05
1.567778564e-05
1.626889581e-05
1.165058179e-05
1.239278505e-05
1.347833428e-05
1.485152068e-05
1.643012446e-05
1.809495853e-05
1.968330317e-05
2.098840231e-05
2.176841374e-05
1.569663419e-05
1.66700678e-05
1.809343555e-05
1.989345729e-05
2.196234854e-05
2.414418233e-05
2.622602922e-05
2.793700934e-05
2.895991525e-05
2.101536329e-05
2.228389234e-05
2.413814241e-05
2.648222852e-05
2.917571463e-05
3.201566576e-05
3.472529028e-05
3.695246694e-05
3.828432906e-05
2.795138777e-05
2.959271116e-05
3.199094111e-05
3.502126166e-05
3.850151675e-05
4.216955616e-05
4.566843936e-05
4.85442618e-05
5.026431887e-05
3.692150439e-05
3.902863274e-05
4.210576106e-05
4.59913326e-05
5.04507979e-05
5.514803264e-05
5.962665291e-05
6.330698461e-05
6.550834147e-05
4.842215087e-05
5.110417242e-05
5.501820558e-05
5.995646391e-05
6.561904113e-05
7.157860064e-05
7.725694285e-05
8.192111768e-05
8.471061438e-05
6.303519783e-05
6.641774298e-05
7.135011404e-05
7.756686744e-05
8.468753899e-05
9.217349259e-05
9.929937952e-05
0.0001051483937
0.0001086452857
8.143136125e-05
8.565592635e-05
9.181026619e-05
9.955765711e-05
0.0001084194274
0.000117722843
0.0001265675384
0.0001338198197
0.0001381529352
0.0001043688692
0.0001095906803
0.0001171892981
0.0001267410849
0.000137648765
0.0001490804043
0.0001599305722
0.0001688148293
0.0001741179793
0.0001326856285
0.0001390697435
0.0001483476985
0.0001599907447
0.0001732606967
0.0001871394453
0.0002002856058
0.0002110307509
0.0002174364293
0.0001672826832
0.0001749978944
0.0001861937652
0.0002002163452
0.0002161622028
0.000232799299
0.0002485205393
0.0002613429471
0.0002689745895
0.0002090971871
0.000218307672
0.0002316512193
0.00024832711
0.0002672416455
0.0002869218464
0.000305467878
0.0003205568243
0.000329519955
0.0002590638411
0.0002699187988
0.0002856159414
0.0003051857274
0.0003273198113
0.00035027981
0.0003718511457
0.0003893534222
0.0003997284988
0.0003180651084
0.0003306869912
0.0003489030152
0.0003715535629
0.0003970935425
0.0004234989396
0.0004482260898
0.0004682297048
0.0004800603702
0.0003868722744
0.0004013446268
0.0004221870975
0.0004480309408
0.0004770766491
0.0005070007484
0.0005349270935
0.0005574489569
0.0005707365841
0.0004660808233
0.0004824369465
0.0005059401656
0.0005349979979
0.000567546315
0.0006009612468
0.0006320361986
0.0006570190253
0.0006717231417
0.0005560451428
0.0005742602189
0.0006003770575
0.0006325739005
0.0006685177677
0.0007052884784
0.0007393668191
0.0007666813708
0.0007827210834
0.0006568357672
0.000676828426
0.000705431809
0.0007405945362
0.0007797222229
0.0008196141682
0.0008564645324
0.0008859170212
0.0009031756483
0.0007682184073
0.0007898513097
0.0008207374279
0.0008586046657
0.0009006131782
0.0009433063866
0.0009826252463
0.001013969002
0.001032301055
0.0008896471717
0.0009127360083
0.0009456376524
0.0009858761945
0.001030390202
0.001075498946
0.001116929017
0.001149879203
0.001169118918
0.001020289988
0.001044615332
0.001079218902
0.001121444545
0.001168039418
0.001215135354
0.001258286481
0.001292536287
0.001312506796
0.001159073956
0.001184394938
0.001220359693
0.001264160291
0.001312386871
0.001361023193
0.001405493529
0.001440730185
0.001461252418
0.00130474671
0.001330815105
0.001367792644
0.001412750961
0.001462159497
0.001511893673
0.001557289127
0.0015932083
0.001614108875
0.001455947315
0.001482520567
0.001520172585
0.001565886693
0.001616047725
0.00166646086
0.001712411267
0.001748728788
0.001769846341
0.001611279008
0.001638131038
0.001676143825
0.001722243418
0.001772764062
0.00182347555
0.001869646586
0.001906106915
0.001927296632
0.001769376405
0.001796305417
0.001834400139
0.001880557822
0.001931092725
0.001981769884
0.002027870677
0.002064252159
0.002085388529
0.001928961383
0.001955794642
0.001993733456
0.002039671192
0.002089928442
0.002140291301
0.002186077909
0.002222195004
0.002243172945
0.002088885069
0.002115480745
0.002153068949
0.00219855998
0.002248302438
0.002298124363
0.002343399832
0.002379102894
0.002399837567
0.002248154134
0.00227440079
0.002311485822
0.002356353067
0.002405396198
0.002454501382
0.002499113243
0.002534286485
0.002554712132
0.00240594269
0.002431757068
0.002468225271
0.00251233727
0.00256054459
0.002608803426
0.002652639524
0.002687197795
0.002707265951
0.002561592147
0.002586915925
0.002622687964
0.002665953381
0.002713230534
0.002760553831
0.002803537231
0.00283742217
0.002857099533
0.002714602052
0.002739398117
0.002774423814
0.002816785339
0.002863073651
0.002909406426
0.002951490029
0.002984666011
0.003003932194
0.00286461495
0.002888863631
0.002923116769
0.002964545044
0.003009815173
0.00305513055
0.003096291802
0.003128742017
0.0031475874
0.003011397983
0.003035093536
0.003068567011
0.003109054937
0.003153300823
0.003197594483
0.003237830701
0.00326955358
0.003287977235
0.003154823211
0.003177970613
0.003210672083
0.003250229902
0.00329346389
0.003336749182
0.003376073179
0.003407079082
0.003425086961
0.003294848556
0.003317460901
0.003349409244
0.003388060345
0.003430308626
0.003472612308
0.003511048733
0.003541357194
0.003558960564
0.003431500326
0.00345359663
0.003484818899
0.00352259628
0.003563895207
0.003605253919
0.003642836195
0.00367247358
0.003689687689
0.003564857569
0.003586460996
0.00361698998
0.003653933392
0.003694326497
0.003734783884
0.003771551688
0.003800549262
0.003817392227
0.00369503865
0.003716175111
0.003746047407
0.003782201093
0.003821736699
0.003861341107
0.003897338329
0.003925730676
0.003942222566
0.003822190023
0.003842887092
0.003872141597
0.003907552528
0.003946281874
0.003985084518
0.004020357634
0.004048181383
0.004064343482
0.003946477049
0.003966763126
0.003995439887
0.004030156391
0.004068132169
0.004106185698
0.004140782481
0.004168075297
0.004183929506
0.00406807662
0.004087980302
0.004116119632
0.004150190346
0.004187465576
0.004224822957
0.004258791468
0.004285591251
0.004301159622
0.004187171345
0.00420672095
0.004234362765
0.004267835841
0.004304463002
0.004341176662
0.00437456447
0.004400908734
0.004416213103
0.00430394504
0.004323168254
0.004350351571
0.004383274074
0.004419304459
0.004455425627
0.004488279208
0.004514204606
0.004529266309
0.004418579291
0.004437502903
0.004464265478
0.004496682942
0.004532166163
0.004567744379
0.004600108671
0.004625650634
0.00464049029
0.004531250885
0.004549900603
0.004576278661
0.004608234762
0.004643218396
0.004678301156
0.004710219221
0.004735411689
0.004750049052
0.004642129952
0.004660530268
0.00468655831
0.004718094641
0.004752623976
0.004787256471
0.004818769265
0.004843644506
0.004858098342
0.004751378653
0.004769552753
0.004795263437
0.004826419349
0.004860537217
0.004894762162
0.004925908377
0.004950496857
0.004964784878
0.004859150317
0.004877120029
0.004902544087
0.004933356599
0.004967103273
0.005000960807
0.005031776779
0.00505610709
0.005070245911
0.004965588923
0.00498337469
0.005008540896
0.005039044652
0.005072457795
0.005105985437
0.005136505101
0.00516060393
0.005174609049
0.005070828858
0.005088449734
0.005113384898
0.00514361216
0.005176726828
0.005209959469
0.005240214368
0.005264106501
0.005277992302
0.005174994882
0.00519246855
0.005217197541
0.005247178216
0.005280026885
0.005312996832
0.005343016146
0.005366724497
0.005380504269
0.005278202241
0.005295545039
0.005320090828
0.005349852534
0.005382465175
0.005415202215
0.005445012828
0.005468558489
0.005482244455
0.005380556941
0.005397783914
0.005422167645
0.005451735782
0.005484139935
0.00551667142
0.005546297997
0.005569700306
0.005583303667
0.00548215613
0.005499281072
0.005523522123
0.005552919954
0.005585140832
0.005617491783
0.005646956873
0.005670233497
0.005683764477
0.005583088473
0.005600123989
0.005624240054
0.005653488817
0.00568554942
0.00571774265
0.005747066795
0.005770233818
0.005783701721
0.005683434614
0.00570039218
0.005724399372
0.005753518393
0.005785439638
0.005817495876
0.005846697731
0.005869769746
0.00588318301
0.005783267669
0.005800157709
0.00582407065
0.00585307746
0.005884878309
0.005916816337
0.005945912791
0.005968903004
0.005982269257
0.005882653738
0.005899485687
0.00592331761
0.005952228066
0.005983925663
0.006015762447
0.006044768747
0.006067689072
0.006081015194
0.00598165241
0.005998434785
0.006022197634
0.006051026039
0.006082635838
0.006114386666
0.006143316541
0.006166177698
0.006179469875
0.006080317262
0.006097057733
0.006120762258
0.006149521482
0.006181057379
0.006212735989
0.00624160177
0.006264413384
0.006277677166
0.006178696351
0.006195401808
0.006219057661
0.006247759254
0.006279233716
0.006310852426
0.006339665162
0.00636243585
0.006375676207
0.006276832683
0.006293509298
0.006317125125
0.00634577943
0.006377203615
0.006408773443
0.006437543011
0.006460280473
0.006473501842
0.006374764654
0.006391417946
0.006415001476
0.006443617733
0.006475001603
0.006506532383
0.006535267595
0.006557978698
0.006571185032
0.006472526477
0.006489161369
0.006512719493
0.006541305939
0.006572658374
0.006604158863
0.006632867564
0.006655558415
0.006668753232
0.006570148569
0.006586769444
0.006610308296
0.006638872258
0.006670201151
0.006701679134
0.006730368289
0.006753044312
0.006766230733
0.006667657923
0.006684268673
0.006707793698
0.006736341682
0.006767654037
0.006799116415
0.006827792201
0.0068504582
0.006863638988
0.006765078437
0.006781682512
0.006805198536
0.006833736302
0.00686503832
0.006896491201
0.006925159078
0.006947819299
0.006960996896
0.006862431231
0.006879031681
0.00690254297
0.006931075609
0.006962372766
0.006993821541
0.007022486327
0.007045144515
0.007058321072
0.006959734922
0.00697633444
0.006999844756
0.007028376755
0.007059673876
0.007091123293
0.007119789227
0.007142448676
0.007155626086
0.00705700589
0.007073606843
0.007097119494
0.007125654799
0.007156956123
0.007188410351
0.007217081155
0.007239744753
0.007252924673
0.007154258502
0.007170862968
0.007194380857
0.007222922926
0.007254232168
0.007285694855
0.007314373784
0.007337044056
0.007350227936
0.007251505331
0.007268115126
0.00729164079
0.007320192644
0.007351513047
0.007382987378
0.007411677269
0.007434356415
0.007447545516
0.00734875734
0.007365374048
0.007388909697
0.007417473966
0.007448808349
0.007480297091
0.007509000408
0.007531690335
0.007544885751
0.007446024057
0.007462649052
0.007486196602
0.007514775565
0.00754612637
0.007577631915
0.007606350786
0.007629053142
0.007642255816
0.007543313728
0.007559948196
0.007583509299
0.007612104921
0.007643474251
0.007674998657
0.007703734911
0.007726451109
0.00773966185
0.007640633453
0.007657278413
0.007680854487
0.007709468451
0.007740858105
0.007772403131
0.007801158327
0.007823889572
0.007837109068
0.007737989311
0.00775464563
0.007778237884
0.00780687162
0.007838283126
0.007869850262
0.007898625722
0.007921373031
0.007934601862
0.007835386472
0.007852054882
0.007875664334
0.00790431905
0.007935753691
0.007967344188
0.007996141016
0.008018905239
0.008032143891
0.00793282929
0.007949510405
0.007973137906
0.008001814605
0.008033273449
0.008064888343
0.008093707453
0.00811648929
0.00812973816
0.008030321401
0.008047015725
0.008070661973
0.008099361479
0.008130845399
0.008162485535
0.008191327667
0.008214127686
0.008227387096
0.008127865792
0.008144573734
0.008168239293
0.008196962268
0.008228471962
0.008260138012
0.008289003754
0.008311822402
0.008325092605
0.008225464878
0.008242186759
0.008265872073
0.008294619034
0.008326155045
0.008357847528
0.008386737331
0.008409574947
0.008422856134
0.008323120559
0.008339856624
0.008363562028
0.008392333364
0.008423896095
0.008455615392
0.008484529583
0.008507386412
0.00852067872
0.008420834282
0.008437584707
0.008461310437
0.008490106422
0.008521696151
0.008553442521
0.008582381315
0.008605257516
0.008618561031
0.008518607086
0.008535371984
0.008559118193
0.008587938993
0.008619555887
0.008651329478
0.008680292994
0.008703188648
0.008716503413
0.008616439648
0.008633219075
0.008656985835
0.008685831528
0.008717475652
0.008749276512
0.00877826478
0.008801179899
0.008814505917
0.008714332317
0.008731126282
0.008754913597
0.008783784172
0.008815455502
0.008847283591
0.008876296558
0.008899231094
0.008912568331
0.008812285157
0.008829093621
0.00885290143
0.008881796803
0.008913495232
0.008945350428
0.008974387972
0.008997341818
0.009010690209
0.008910297965
0.00892712085
0.008950949034
0.008979869052
0.009011594399
0.009043476507
0.009072538438
0.009095511435
0.009108870886
0.009008370304
0.009025207493
0.009049055882
0.009078000328
0.009109752344
0.009141661101
0.009170747168
0.009193739111
0.009207109498
0.00910650152
0.009123352862
0.009147221236
0.009176189834
0.009207968207
0.009239903286
0.009269013182
0.009292023822
0.009305404997
0.009204690756
0.009221556068
0.009245444161
0.009274436582
0.009306240937
0.009338201954
0.009367335317
0.009390364361
0.009403756151
0.009302936967
0.009319816034
0.009343723537
0.009372739397
0.009404569305
0.009436555815
0.00946571223
0.009488759343
0.009502161551
0.009401238924
0.009418131499
0.00944205806
0.009471096923
0.009502951894
0.009534963394
0.009564142395
0.009587207201
0.009600619603
0.00949959521
0.009516501018
0.00954044624
0.009569507615
0.009601387101
0.009633423028
0.00966262409
0.009685706167
0.009699128516
0.009598004219
0.00961492295
0.009638886388
0.009667969728
0.009699873116
0.009731932842
0.009761155381
0.009784254257
0.009797686275
0.009696464132
0.009713395441
0.0097373766
0.009766481293
0.009798407898
0.009830490721
0.009859734083
0.009882849234
0.00989629061
0.009794972894
0.009811916394
0.009835914719
0.00986504008
0.009896989136
0.009929094269
0.00995835772
0.009981488553
0.009994938938
0.009893528172
0.009910483428
0.009934498295
0.009963643551
0.009995614193
0.01002774074
0.01005702345
0.0100801693
0.0100936283
0.009992127293
0.01000909381
0.01003312451
0.01006228879
0.01009428003
0.01012642698
0.010155728
0.01017888809
0.01019235524
0.01009076717
0.01010774438
0.0101317901
0.01016097238
0.01019298308
0.01022514927
0.0102544675
0.01027764094
0.01029111571
0.01018944417
0.01020643143
0.01023049122
0.01025969033
0.01029171917
0.01032390321
0.01035323736
0.01037642311
0.01038990489
0.01028815403
0.01030515055
0.0103292233
0.01035843786
0.01039048327
0.01042268354
0.01045203208
0.01047522889
0.01048871693
0.01038689159
0.01040389646
0.01042798083
0.01045720918
0.01048926929
0.01052148385
0.01055084495
0.01057405131
0.01058754472
0.01048565061
0.01050266273
0.01052675713
0.01055599727
0.01058806981
0.0106202963
0.01064966772
0.01067288182
0.01068637951
0.01058442348
0.01060144149
0.01062554396
0.01065479346
0.01068687567
0.0107191112
0.01074849022
0.01077170983
0.01078521046
0.01068320079
0.01070022305
0.01072433121
0.01075358707
0.01078567555
0.01081791657
0.01084729984
0.0108705222
0.01088402412
0.01078197094
0.0107989954
0.0108231063
0.01085236483
0.01088445538
0.01091669751
0.01094608085
0.01096930257
0.01098280374
0.01088071951
0.01089774367
0.01092185365
0.01095111027
0.01098319768
0.01101543549
0.01104481376
0.0110680306
0.01108152848
0.01097942867
0.0109964494
0.01102055393
0.01104980298
0.0110818808
0.01111410753
0.01114347433
0.01116668105
0.01118017251
0.01107807634
0.01109508976
0.01111918323
0.01114841768
0.01118047792
0.01121268522
0.01124203264
0.01126522275
0.01127870389
0.01117663528
0.01119363661
0.01121771209
0.01124692326
0.01127895605
0.01131113361
0.01134045187
0.01136361736
0.0113770834
0.01127507209
0.01129205545
0.0113161044
0.01134528161
0.0113772748
0.01140940995
0.01143868705
0.0114618181
0.01147526314
0.01137334604
0.01139030421
0.01141431617
0.01144344635
0.01147538511
0.01150746236
0.01153668365
0.01155976827
0.01157318512
0.01147140778
0.01148833198
0.01151229424
0.0115413615
0.0115732278
0.01160522836
0.01163437608
0.01165739973
0.01167077971
0.01156919803
0.01158607764
0.01160997485
0.01163896002
0.01167073212
0.01170263338
0.01173168616
0.01175463139
0.01176796407
0.01166664616
0.01168346846
0.01170728222
0.01173616237
0.01176781431
0.01179958924
0.01182852161
0.01185136765
0.01186464061
0.01176366878
0.01178041866
0.01180412714
0.01183287506
0.01186437608
0.01189599277
0.01192477466
0.01194749698
0.01196069559
0.01186016841
0.01187682809
0.01190040561
0.01192898937
0.01196030339
0.01199172445
0.0120203207
0.01204289071
0.01205599792
0.01195603217
0.01197258094
0.01199599764
0.01202438012
0.01205546531
0.01208664743
0.01211501737
0.01213740203
0.01215039818
0.01205113076
0.01206754475
0.01209076626
0.01211890483
0.01214971318
0.01218060675
0.01220870392
0.01223086553
0.01224372822
0.01214531771
0.01216156974
0.01218455695
0.01221240314
0.01224288021
0.01227342912
0.012301201
0.01232309706
0.01233580106
0.01223842896
0.01225448844
0.01227719737
0.01230469679
0.0123347816
0.0123649231
0.01239231116
0.01241389436
0.01242641165
0.01233028298
0.01234611586
0.01236849769
0.01239559008
0.01242521519
0.01245488006
0.01248181986
0.01250303827
0.01251533814
0.01242068133
0.01243625029
0.01245825152
0.01248487097
0.01251396282
0.01254307576
0.01256949739
0.01259029481
0.01260234411
0.01250941002
0.01252467464
0.01254623748
0.01257231295
0.01260079245
0.01262927275
0.0126551015
0.01267541803
0.01268718153
0.0125962414
0.0126111586
0.01263222154
0.0126576776
0.01268546105
0.01271322355
0.01273838087
0.01275815375
0.01276959464
0.0126809369
0.01269546147
0.0127159601
0.012740718
0.01276771828
0.01279467466
0.01281907942
0.01283824408
0.01284932462
0.01276325049
0.01277733581
0.01279720386
0.01282118282
0.01284731089
0.01287337134
0.01289694135
0.01291543269
0.01292611498
0.01284293284
0.01285653174
0.01287570235
0.01289882116
0.01292398794
0.01294906297
0.01297171684
0.01298947072
0.0129997176
0.01291973621
0.01293280199
0.01295120917
0.01297338802
0.0129975064
0.01302150907
0.01304316821
0.01306012308
0.01306989915
0.01299341981
0.01300590739
0.01302348766
0.01304465018
0.01306763734
0.01309048558
0.01311107638
0.01312717509
0.0131364477
0.01306375572
0.01307562285
0.01309231699
0.01311239242
0.01313417221
0.01315579129
0.01317524742
0.01319043903
0.01319917938
0.01313053492
0.01314174346
0.01315749837
0.01317642374
0.01319692918
0.01321725417
0.01323551886
0.01324976041
0.01325794459
0.01319357348
0.01320409068
0.01321886113
0.01323658349
0.01325575913
0.01327473734
0.01329176552
0.01330502378
0.01331263376
0.01325271846
0.01326251815
0.01327626851
0.01329274699
0.01331055111
0.01332814423
0.01334390451
0.01335615758
0.01336318223
0.01330785336
0.01331691708
0.01332962283
0.01334483035
0.01336123686
0.01337742281
0.01339189891
0.01340313648
0.01340957102
0.01335890289
0.01336722074
0.01337886965
0.01339279443
0.01340779414
0.01342256743
0.01343575788
0.01344598179
0.0134518289
0.01340583671
0.01341340798
0.01342400078
0.01343664622
0.01345024653
0.01346361896
0.01347553869
0.01348476381
0.01349003367
0.01344867036
0.01345550317
0.01346505323
0.0134764387
0.01348866485
0.01350066611
0.01351134612
0.01351959987
0.01352430987
0.01348746515
0.01349357701
0.01350211096
0.01351227173
0.01352316609
0.01353384271
0.0135433289
0.01355065003
0.01355482387
0.01352232896
0.01352774627
0.01353530313
0.01354428911
0.01355390958
0.01356332287
0.0135716737
0.01357810984
0.01358177578
0.01355341316
0.01355817026
0.01356479998
0.01357267373
0.01358109117
0.01358931421
0.01359659716
0.01360219993
0.01360538657
0.0135809075
0.01358504528
0.01359080664
0.01359764068
0.01360493578
0.01361204969
0.01361833972
0.01362317471
0.01362592417
0.01360503273
0.01360859683
0.01361355499
0.01361942833
0.01362568902
0.01363178859
0.01363717922
0.01364132211
0.01364367848
0.01362603081
0.01362906929
0.01363329397
0.01363829617
0.0136436267
0.01364881876
0.01365340683
0.01365693344
0.01365894031
0.01364416154
0.01364673098
0.01365030306
0.01365453236
0.01365903913
0.01366342907
0.01366730913
0.01367029286
0.01367199215
0.0136597168
0.01366187402
0.01366487325
0.01366842485
0.0136722103
0.01367589887
0.01367916068
0.0136816709
0.013683102
0.01367298641
0.01367478539
0.01367728714
0.01368025069
0.01368341088
0.01368649213
0.01368921912
0.01369132001
0.01369251943
0.01368424756
0.0136857383
0.01368781222
0.0136902704
0.01369289368
0.01369545386
0.01369772239
0.01369947263
0.01370047371
0.01369375942
0.01369498739
0.01369669678
0.01369872463
0.01370089108
0.01370300838
0.01370488765
0.01370634048
0.01370717339
0.01370175996
0.01370276599
0.01370416766
0.01370583255
0.01370761417
0.01370935897
0.01371091148
0.01371211516
0.01371280744
0.01370846468
0.01370928508
0.01371042963
0.01371179169
0.01371325293
0.01371468861
0.01371597119
0.01371697038
0.01371754818
0.01371406659
0.0137147335
0.01371566576
0.01371677844
0.01371797695
0.01371916083
0.01372022613
0.01372106469
0.0137215582
0.01371873726
0.01371927896
0.01372003848
0.01372094908
0.01372193607
0.01372291952
0.0137238157
0.01372452699
0.01372494413
0.01372262842
0.01372306973
0.01372369123
0.01372444132
0.01372526136
0.01372608864
0.0137268422
0.01372743846
0.01372778779
0.01372587437
0.01372623701
0.01372675066
0.01372737741
0.01372806443
0.01372875316
0.01372937934
0.01372987426
0.01373016395
0.01372859518
0.0137288984
0.01372932708
0.01372984645
0.01373041356
0.01373098072
0.0137314955
0.01373190218
0.01373214031
0.01373088529
0.013731134
0.01373148484
0.01373190893
0.01373237127
0.01373283297
0.01373325192
0.01373358314
0.01373377741
0.0137327969
0.01373299753
0.01373328043
0.01373362187
0.013733994
0.01373436576
0.01373470357
0.01373497126
0.01373512873
0.01373438165
0.01373454083
0.01373476538
0.01373503655
0.01373533251
0.01373562887
0.01373589902
0.01373611395
0.01373624096
0.01373568665
0.01373581094
0.01373598655
0.01373619913
0.01373643194
0.01373666607
0.01373688062
0.01373705228
0.01373715433
0.01373675494
0.01373685047
0.01373698587
0.0137371505
0.01373733181
0.01373751537
0.01373768481
0.0137378214
0.01373790321
0.013737625
0.0137376973
0.01373780029
0.01373792635
0.01373806633
0.01373820935
0.01373834262
0.01373845107
0.01373851658
0.01373833064
0.01373838453
0.01373846186
0.01373855742
0.01373866471
0.01373877563
0.01373888021
0.01373896626
0.01373901877
0.01373890105
0.01373894063
0.013738998
0.01373906982
0.0137391516
0.01373923741
0.01373931945
0.01373938781
0.01373942997
0.0137393611
0.01373938977
0.01373943188
0.01373948548
0.01373954764
0.01373961399
0.01373967847
0.01373973293
0.0137397669
0.0137397317
0.01373975219
0.01373978284
0.01373982268
0.0137398699
0.01373992134
0.01373997221
0.01374001581
0.01374004331
0.0137400302
0.01374004468
0.01374006686
0.01374009646
0.01374013243
0.01374017252
0.01374021292
0.01374024808
0.01374027057
0.01374027086
0.01374028101
0.01374029704
0.01374031911
0.01374034672
0.01374037823
0.0137404106
0.01374043923
0.01374045767
0.01374046527
0.01374047239
0.01374048402
0.01374050064
0.01374052206
0.01374054711
0.01374057336
0.01374059676
0.01374061191
0.01374062282
0.01374062784
0.01374063641
0.01374064911
0.01374066599
0.01374068621
0.0137407076
0.0137407268
0.01374073928
0.01374075102
0.01374075464
0.01374076109
0.01374077103
0.0137407846
0.01374080103
0.01374081854
0.01374083436
0.01374084468
0.01374085586
0.01374085857
0.01374086362
0.01374087158
0.01374088258
0.01374089602
0.01374091045
0.01374092354
0.01374093211
0.01374094215
0.01374094427
0.01374094829
0.01374095473
0.01374096373
0.01374097482
0.01374098678
0.01374099766
0.0137410048
0.01374101348
0.01374101518
0.01374101844
0.01374102372
0.01374103116
0.01374104036
0.01374105031
0.01374105939
0.01374106534
0.01374107268
0.01374107407
0.01374107677
0.01374108116
0.01374108735
0.01374109501
0.01374110331
0.01374111087
0.01374111584
0.01374112201
0.01374112318
0.01374112544
0.01374112911
0.01374113429
0.01374114068
0.01374114758
0.01374115387
0.01374115802
0.0137411633
0.01374116429
0.0137411662
0.01374116927
0.01374117359
0.01374117889
0.01374118461
0.01374118985
0.01374119333
0.01374119798
0.01374119882
0.01374120042
0.01374120298
0.01374120654
0.01374121091
0.01374121565
0.01374122002
0.01374122295
0.0137412272
0.0137412279
0.01374122921
0.01374123129
0.0137412342
0.01374123779
0.01374124173
0.0137412454
0.01374124787
0.01374125185
0.0137412524
0.01374125344
0.0137412551
0.01374125745
0.01374126041
0.0137412637
0.0137412668
0.01374126891
0.01374127264
0.01374127304
0.01374127383
0.01374127515
0.01374127705
0.0137412795
0.01374128228
0.01374128492
0.01374128672
0.01374129016
0.01374129044
0.01374129103
0.01374129206
0.01374129362
0.01374129568
0.01374129803
0.0137413003
0.01374130185
0.01374130495
0.01374130513
0.01374130557
0.01374130639
0.01374130768
0.01374130943
0.01374131145
0.0137413134
0.01374131474
0.01374131744
0.01374131756
0.01374131789
0.01374131856
0.01374131966
0.01374132116
0.01374132291
0.01374132461
0.01374132578
0.01374132805
0.01374132813
0.01374132839
0.01374132896
0.0137413299
0.01374133121
0.01374133274
0.01374133423
0.01374133524
0.01374133708
0.01374133715
0.01374133737
0.01374133787
0.0137413387
0.01374133986
0.0137413412
0.0137413425
0.01374134339
0.01374134483
0.01374134489
0.01374134509
0.01374134554
0.01374134629
0.01374134731
0.01374134851
0.01374134965
0.01374135043
0.01374135151
0.01374135157
0.01374135177
0.01374135218
0.01374135286
0.01374135377
0.01374135483
0.01374135584
0.01374135653
0.0137413573
0.01374135737
0.01374135756
0.01374135795
0.01374135856
0.01374135938
0.01374136032
0.01374136121
0.01374136182
0.01374136234
0.01374136242
0.01374136261
0.01374136297
0.01374136352
0.01374136426
0.01374136509
0.01374136588
0.01374136642
0.01374136675
0.01374136683
0.01374136702
0.01374136735
0.01374136785
0.01374136851
0.01374136925
0.01374136995
0.01374137043
0.01374137062
0.01374137071
0.01374137088
0.01374137119
0.01374137164
0.01374137223
0.01374137288
0.0137413735
0.01374137392
0.01374137403
0.01374137411
0.01374137427
0.01374137455
0.01374137496
0.01374137548
0.01374137605
0.0137413766
0.01374137696
0.01374137702
0.0137413771
0.01374137725
0.0137413775
0.01374137786
0.01374137831
0.01374137882
0.01374137929
0.01374137961
0.01374137966
0.01374137973
0.01374137986
0.01374138008
0.01374138039
0.01374138079
0.01374138123
0.01374138164
0.01374138192
0.01374138198
0.01374138204
0.01374138216
0.01374138234
0.01374138261
0.01374138295
0.01374138333
0.01374138368
0.01374138392
0.01374138402
0.01374138407
0.01374138416
0.01374138432
0.01374138454
0.01374138483
0.01374138514
0.01374138544
0.01374138565
0.01374138581
0.01374138584
0.01374138591
0.01374138604
0.01374138622
0.01374138645
0.01374138671
0.01374138695
0.01374138712
0.01374138737
0.01374138739
0.01374138743
0.01374138752
0.01374138766
0.01374138783
0.01374138804
0.01374138823
0.01374138837
0.01374138871
0.01374138872
0.01374138874
0.01374138879
0.01374138888
0.01374138901
0.01374138915
0.0137413893
0.0137413894
0.01374138987
0.01374138986
0.01374138985
0.01374138987
0.01374138991
0.01374138998
0.01374139007
0.01374139017
0.01374139024
0.01374139085
0.01374139082
0.01374139078
0.01374139076
0.01374139075
0.01374139077
0.0137413908
0.01374139084
0.01374139088
0.01374139166
0.01374139161
0.01374139154
0.01374139147
0.01374139142
0.01374139137
0.01374139134
0.01374139133
0.01374139133
0.01374139231
0.01374139223
0.01374139214
0.01374139202
0.01374139191
0.0137413918
0.0137413917
0.01374139163
0.0137413916
0.0137413928
0.01374139271
0.01374139257
0.01374139241
0.01374139223
0.01374139205
0.01374139189
0.01374139176
0.01374139169
0.01374139315
0.01374139302
0.01374139285
0.01374139263
0.01374139239
0.01374139213
0.01374139189
0.0137413917
0.01374139159
0.01374139335
0.01374139319
0.01374139297
0.01374139269
0.01374139237
0.01374139203
0.01374139171
0.01374139144
0.01374139129
0.01374139339
0.0137413932
0.01374139293
0.01374139258
0.01374139218
0.01374139175
0.01374139134
0.01374139099
0.01374139079
0.01374139328
0.01374139306
0.01374139272
0.0137413923
0.0137413918
0.01374139128
0.01374139076
0.01374139033
0.01374139007
0.01374139302
0.01374139275
0.01374139234
0.01374139183
0.01374139124
0.0137413906
0.01374138997
0.01374138945
0.01374138913
0.01374139258
0.01374139226
0.01374139179
0.01374139118
0.01374139047
0.01374138971
0.01374138896
0.01374138832
0.01374138794
0.01374139197
0.0137413916
0.01374139104
0.01374139032
0.01374138949
0.01374138858
0.01374138769
0.01374138694
0.01374138648
0.01374139118
0.01374139074
0.01374139008
0.01374138925
0.01374138827
0.01374138721
0.01374138616
0.01374138528
0.01374138474
0.01374139018
0.01374138967
0.01374138891
0.01374138794
0.0137413868
0.01374138556
0.01374138435
0.01374138332
0.0137413827
0.01374138896
0.01374138837
0.0137413875
0.01374138638
0.01374138506
0.01374138364
0.01374138224
0.01374138105
0.01374138033
0.01374138752
0.01374138684
0.01374138584
0.01374138455
0.01374138304
0.01374138141
0.01374137981
0.01374137845
0.01374137763
0.01374138583
0.01374138506
0.01374138391
0.01374138245
0.01374138073
0.01374137887
0.01374137706
0.01374137552
0.01374137459
0.01374138388
0.013741383
0.01374138171
0.01374138005
0.01374137811
0.01374137603
0.01374137399
0.01374137227
0.01374137123
0.01374138167
0.01374138068
0.01374137923
0.01374137737
0.01374137521
0.01374137289
0.01374137063
0.01374136873
0.01374136759
0.0137413792
0.0137413781
0.01374137649
0.01374137444
0.01374137205
0.01374136951
0.01374136704
0.01374136499
0.01374136377
0.0137413765
0.0137413753
0.01374137354
0.0137413713
0.01374136872
0.01374136599
0.01374136336
0.0137413612
0.01374135992
0.01374137369
0.01374137239
0.0137413705
0.01374136812
0.01374136538
0.01374136252
0.0137413598
0.0137413576
0.01374135632
0.01374137099
0.01374136963
0.01374136764
0.01374136516
0.01374136235
0.01374135944
0.01374135673
0.01374135457
0.01374135335
0.01374136898
0.01374136759
0.01374136557
0.01374136306
0.01374136025
0.01374135738
0.01374135476
0.01374135271
0.0137413516
1.507154408e-21
5.644979864e-21
1.259522546e-20
2.387290493e-20
4.215326146e-20
7.206431114e-20
1.216557896e-19
2.048534117e-19
3.457811441e-19
5.862189487e-19
9.985697597e-19
1.70836576e-18
2.933393051e-18
5.051704026e-18
8.719565702e-18
1.507530098e-17
2.609183211e-17
4.519074039e-17
7.830923696e-17
1.357519053e-16
2.354052008e-16
4.083197122e-16
7.084060371e-16
1.229276522e-15
2.133499461e-15
3.703404092e-15
6.429302e-15
1.116262858e-14
1.938153799e-14
3.365103388e-14
5.841886218e-14
1.013892479e-13
1.75887591e-13
3.049173132e-13
5.280917825e-13
9.1342317e-13
1.577263206e-12
2.717827566e-12
4.671174539e-12
8.003975211e-12
1.366598185e-11
2.323832266e-11
3.933378558e-11
6.623500473e-11
1.10899683e-10
1.845233652e-10
3.049355767e-10
5.002215359e-10
8.141184909e-10
1.31394609e-09
2.102113047e-09
3.332625459e-09
5.234542321e-09
8.145012453e-09
1.255498619e-08
1.917272406e-08
2.901181375e-08
4.351197188e-08
6.470435083e-08
9.543687599e-08
1.396802104e-07
2.029414616e-07
2.928209609e-07
4.197575783e-07
5.980200631e-07
8.470153012e-07
1.19299814e-06
1.671279674e-06
2.329038904e-06
3.228842523e-06
4.452965478e-06
6.10857787e-06
8.333820736e-06
1.130473778e-05
1.524296878e-05
2.042405015e-05
2.718611501e-05
3.593873459e-05
4.717075389e-05
6.145619871e-05
7.945820391e-05
0.0001019283453
0.0001296996408
0.0001636710305
0.0002047814268
0.0002539721372
0.0003121377901
0.0003800676404
0.0004583806367
0.0005474586835
0.0006473993982
0.0007579954766
0.0008787239223
0.001008769992
0.001147071605
0.001292380445
0.001443333305
0.001598525861
0.001756581307
0.001916207697
0.002076241367
0.00223567438
0.002393667268
0.002549549406
0.002702810094
0.002853083444
0.003000129859
0.003143816215
0.003284096538
0.003420994283
0.003554586502
0.003684990236
0.003812351141
0.003936834178
0.004058616144
0.00417787978
0.004294809203
0.004409586422
0.004522388741
0.004633386867
0.004742743581
0.004850612858
0.004957139335
0.005062458058
0.005166694438
0.005269964362
0.005372374452
0.005474022448
0.005574997584
0.005675381039
0.005775246432
0.005874660333
0.005973682768
0.00607236772
0.006170763617
0.006268913807
0.006366856998
0.006464627687
0.006562256551
0.006659770814
0.006757194588
0.006854549181
0.006951853385
0.007049123732
0.007146374729
0.007243619072
0.007340867837
0.007438130653
0.007535415853
0.00763273062
0.007730081103
0.007827472537
0.007924909334
0.008022395181
0.008119933112
0.008217525581
0.008315174528
0.008412881432
0.008510647361
0.008608473018
0.008706358779
0.008804304726
0.008902310678
0.009000376214
0.009098500698
0.009196683289
0.009294922956
0.009393218484
0.009491568472
0.009589971328
0.009688425251
0.009786928206
0.009885477881
0.009984071631
0.0100827064
0.01018137861
0.01028008403
0.01037881759
0.01047757313
0.01057634315
0.01067511838
0.0107738874
0.01087263603
0.01097134671
0.0110699977
0.01116856221
0.01126700736
0.01136529301
0.01146337058
0.01156118163
0.01165865654
0.01175571303
0.01185225488
0.01194817058
0.01204333233
0.01213759523
0.01223079685
0.01232275726
0.01241327962
0.01250215139
0.01258914621
0.01267402654
0.01275654705
0.01283645871
0.01291351357
0.01298747015
0.01305809921
0.01312518985
0.01318855563
0.0132480405
0.01330352439
0.01335492794
0.01340221647
0.01344540133
0.01348453937
0.01351973421
0.01355113341
0.01357892352
0.01360332298
0.01362457272
0.01364292839
0.01365868151
0.01367212316
0.0136835324
0.01369317051
0.01370127772
0.0137080717
0.01371374749
0.01371847848
0.01372241809
0.01372570203
0.01372845102
0.01373076693
0.0137327014
0.01373430589
0.01373562755
0.0137367096
0.01373759078
0.01373830523
0.0137388825
0.01373934779
0.01373972229
0.01374002365
0.01374026635
0.0137404622
0.01374062072
0.01374074956
0.01374085481
0.01374094134
0.01374101284
0.01374107216
0.01374112158
0.01374116293
0.01374119766
0.01374122693
0.01374125164
0.01374127249
0.01374129007
0.01374130489
0.01374131742
0.01374132804
0.01374133708
0.01374134483
0.0137413515
0.01374135729
0.01374136232
0.01374136673
0.0137413706
0.013741374
0.01374137699
0.01374137964
0.01374138196
0.01374138401
0.0137413858
0.01374138736
0.01374138872
0.01374138988
0.01374139086
0.01374139168
0.01374139234
0.01374139285
0.01374139321
0.01374139342
0.01374139348
0.01374139339
0.01374139314
0.01374139273
0.01374139215
0.01374139138
0.01374139041
0.01374138924
0.01374138783
0.01374138618
0.01374138428
0.01374138212
0.0137413797
0.01374137706
0.01374137429
0.01374137162
0.01374136963
)
;

boundaryField
{
    outlet
    {
        type            inletOutlet;
        inletValue      uniform 0;
        value           nonuniform List<scalar> 10(0.01374136898 0.01374136759 0.01374136557 0.01374136306 0.01374136025 0.01374135738 0.01374135476 0.01374135271 0.0137413516 0.01374136963);
    }
    inlet
    {
        type            fixedValue;
        value           uniform 0;
    }
    front
    {
        type            wedge;
    }
    wall
    {
        type            zeroGradient;
    }
    back
    {
        type            wedge;
    }
}


// ************************************************************************* //
