/*--------------------------------*- C++ -*----------------------------------*\
| =========                 |                                                 |
| \\      /  F ield         | OpenFOAM: The Open Source CFD Toolbox           |
|  \\    /   O peration     | Version:  2212                                  |
|   \\  /    A nd           | Website:  www.openfoam.com                      |
|    \\/     M anipulation  |                                                 |
\*---------------------------------------------------------------------------*/
FoamFile
{
    version     2.0;
    format      ascii;
    arch        "LSB;label=32;scalar=64";
    class       volScalarField;
    location    "30.00000000";
    object      C2H6;
}
// * * * * * * * * * * * * * * * * * * * * * * * * * * * * * * * * * * * * * //

dimensions      [0 0 0 0 0 0 0];

internalField   nonuniform List<scalar> 
3000
(
5.66148749e-22
6.360564591e-22
7.415517736e-22
8.821428497e-22
1.05640805e-21
1.259622365e-21
1.479547194e-21
1.689420782e-21
1.837820282e-21
2.125832768e-21
2.397977932e-21
2.808488309e-21
3.356779236e-21
4.042334313e-21
4.861402912e-21
5.79975212e-21
6.810236164e-21
7.705068867e-21
4.762950268e-21
5.415007457e-21
6.407975992e-21
7.756298395e-21
9.484269411e-21
1.161704903e-20
1.414613768e-20
1.692977981e-20
1.930804568e-20
9.075210023e-21
1.042591483e-20
1.251299437e-20
1.540723786e-20
1.921134955e-20
2.402220535e-20
2.981352118e-20
3.61222878e-20
4.12140184e-20
1.612258272e-20
1.874999392e-20
2.287378308e-20
2.870385601e-20
3.651486041e-20
4.652626377e-20
5.85709259e-20
7.13635961e-20
8.118440817e-20
2.773933559e-20
3.267369394e-20
4.052947056e-20
5.180902993e-20
6.711516966e-20
8.683441514e-20
1.10378544e-19
1.347794187e-19
1.528341632e-19
4.712241598e-20
5.619262476e-20
7.080134273e-20
9.201407939e-20
1.210144023e-19
1.583815706e-19
2.025719155e-19
2.474769777e-19
2.798835217e-19
7.980550216e-20
9.623185621e-20
1.229238725e-19
1.61982065e-19
2.155889382e-19
2.845209264e-19
3.653230187e-19
4.462352116e-19
5.036514147e-19
1.353843921e-19
1.648171733e-19
2.129516966e-19
2.837398409e-19
3.81062709e-19
5.058604216e-19
6.510870372e-19
7.949915517e-19
8.959748526e-19
2.304844413e-19
2.828003523e-19
3.687421558e-19
4.95523691e-19
6.69909967e-19
8.929059072e-19
1.150934298e-18
1.404717333e-18
1.581471707e-18
3.939289363e-19
4.863546026e-19
6.386427656e-19
8.636971368e-19
1.173170636e-18
1.567892637e-18
2.022621235e-18
2.467535627e-18
2.775893806e-18
6.757050199e-19
8.382426753e-19
1.106566995e-18
1.503436148e-18
2.048749137e-18
2.742567089e-18
3.538986137e-18
4.315370967e-18
4.852236135e-18
1.162571716e-18
1.447473929e-18
1.918363356e-18
2.615004804e-18
3.571097778e-18
4.784301508e-18
6.171731302e-18
7.520257301e-18
8.456250277e-18
2.00522074e-18
2.503610354e-18
3.328085613e-18
4.547959066e-18
6.220121672e-18
8.335212121e-18
1.073964351e-17
1.305932518e-17
1.47147415e-17
3.465401923e-18
4.336379084e-18
5.778746433e-18
7.914492796e-18
1.084229977e-17
1.453835644e-17
1.869818308e-17
2.251560994e-17
2.564901601e-17
5.997185393e-18
7.51794407e-18
1.003968562e-17
1.378060776e-17
1.892618994e-17
2.547486043e-17
3.302293235e-17
4.056526219e-17
4.528070794e-17
1.03871539e-17
1.303790938e-17
1.743609669e-17
2.396328069e-17
3.293976448e-17
4.434329188e-17
5.739007271e-17
7.003976499e-17
7.862787874e-17
1.799949688e-17
2.261298953e-17
3.02693403e-17
4.163066756e-17
5.724558129e-17
7.705510087e-17
9.966690824e-17
1.215371827e-16
1.365074656e-16
3.120183873e-17
3.922400998e-17
5.253868571e-17
7.22948163e-17
9.943862028e-17
1.338553611e-16
1.73117232e-16
2.110801689e-16
2.37084149e-16
5.410390634e-17
6.80462043e-17
9.118904879e-17
1.255278507e-16
1.72701226e-16
2.325007888e-16
3.007018733e-16
3.666333298e-16
4.117899826e-16
9.383967694e-17
1.180638503e-16
1.582773279e-16
2.179465133e-16
2.999127526e-16
4.03803519e-16
5.222689918e-16
6.367692701e-16
7.151764735e-16
1.627940176e-16
2.048746715e-16
2.747360384e-16
3.78399228e-16
5.207922672e-16
7.012524985e-16
9.069959879e-16
1.105816043e-15
1.241943507e-15
2.824703089e-16
3.555613087e-16
4.769112873e-16
6.56976249e-16
9.043025665e-16
1.217714235e-15
1.574980407e-15
1.920164886e-15
2.156480189e-15
4.902086134e-16
6.171531948e-16
8.279187596e-16
1.140657492e-15
1.570187458e-15
2.114423735e-15
2.734714964e-15
3.333940398e-15
3.744126624e-15
8.508554004e-16
1.071324844e-15
1.437366568e-15
1.98048186e-15
2.726351852e-15
3.671279439e-15
4.748081138e-15
5.788146652e-15
6.500034733e-15
1.47702951e-15
1.859918835e-15
2.495596578e-15
3.438703283e-15
4.733713062e-15
6.374043576e-15
8.242920802e-15
1.004768547e-14
1.128281722e-14
2.564313533e-15
3.229262968e-15
4.333127314e-15
5.970621965e-15
8.218681227e-15
1.106549522e-14
1.430805291e-14
1.743850735e-14
1.958041342e-14
4.45234405e-15
5.607098632e-15
7.523810968e-15
1.036651169e-14
1.426806711e-14
1.920707451e-14
2.483049331e-14
3.025738737e-14
3.39693078e-14
7.730756702e-15
9.735966666e-15
1.306361806e-14
1.799742469e-14
2.476631038e-14
3.333097503e-14
4.307719941e-14
5.247763413e-14
5.890424481e-14
1.3422722e-14
1.6904222e-14
2.268009464e-14
3.1240223e-14
4.297777092e-14
5.781938294e-14
7.469577226e-14
9.09607161e-14
1.020723519e-13
2.330237389e-14
2.934541831e-14
3.936691454e-14
5.421077239e-14
7.454927527e-14
1.002429622e-13
1.294289056e-13
1.575268986e-13
1.76703096e-13
4.044258364e-14
5.092707601e-14
6.830466172e-14
9.402460023e-14
1.292297029e-13
1.736497841e-13
2.240364933e-13
2.724731017e-13
3.054836959e-13
7.015753311e-14
8.833475725e-14
1.184411847e-13
1.629553957e-13
2.238049529e-13
3.00457166e-13
3.872433569e-13
4.705056558e-13
5.27143617e-13
1.216188514e-13
1.530995112e-13
2.051915634e-13
2.821111705e-13
3.870764422e-13
5.190219283e-13
6.680492227e-13
8.106564335e-13
9.074224984e-13
2.10614716e-13
2.650525058e-13
3.550249984e-13
4.876544046e-13
6.682424515e-13
8.946369782e-13
1.149550993e-12
1.392681868e-12
1.557136297e-12
3.642363337e-13
4.581774109e-13
6.132050013e-13
8.412447186e-13
1.150881874e-12
1.537749509e-12
1.971675001e-12
2.383853508e-12
2.661557935e-12
6.287915335e-13
7.904579442e-13
1.056748153e-12
1.447411122e-12
1.976042765e-12
2.633791525e-12
3.368085387e-12
4.062129866e-12
4.527527958e-12
1.083078826e-12
1.360320462e-12
1.815925023e-12
2.48215229e-12
3.379915112e-12
4.491387227e-12
5.72526558e-12
6.884699617e-12
7.65785779e-12
1.860487347e-12
2.33385142e-12
3.109574667e-12
4.239476515e-12
5.754500947e-12
7.619151831e-12
9.675669698e-12
1.159511913e-11
1.286700222e-11
3.185488045e-12
3.989420607e-12
5.302464248e-12
7.206177244e-12
9.743953158e-12
1.284620194e-11
1.624229949e-11
1.938813684e-11
2.14580762e-11
5.433342582e-12
6.790079925e-12
8.997339544e-12
1.218035666e-11
1.639531093e-11
2.150834592e-11
2.705959044e-11
3.215934566e-11
3.548964226e-11
9.226837661e-12
1.149971002e-11
1.518077154e-11
2.045666013e-11
2.739082938e-11
3.573135772e-11
4.470578335e-11
5.287778661e-11
5.817209387e-11
1.559132334e-11
1.936712819e-11
2.545118728e-11
3.4111655e-11
4.54008005e-11
5.885564351e-11
7.319599313e-11
8.613461175e-11
9.444903165e-11
2.620031913e-11
3.24142687e-11
4.237059572e-11
5.643731947e-11
7.461180902e-11
9.606422954e-11
1.18704351e-10
1.38941404e-10
1.518403362e-10
4.375977187e-11
5.388141132e-11
6.999980986e-11
9.259060574e-11
1.215073137e-10
1.553000795e-10
1.906098202e-10
2.218798097e-10
2.416528197e-10
7.260136358e-11
8.890594253e-11
1.147021759e-10
1.50554424e-10
1.960074509e-10
2.485917054e-10
3.029961987e-10
3.507425443e-10
3.807042389e-10
1.195861436e-10
1.45543438e-10
1.863352885e-10
2.425427847e-10
3.131159769e-10
3.939511237e-10
4.767859182e-10
5.488582499e-10
5.937608591e-10
1.95461821e-10
2.362837892e-10
2.999970602e-10
3.870338059e-10
4.952782748e-10
6.180697513e-10
7.427541395e-10
8.503639656e-10
9.169626529e-10
3.168737852e-10
3.802744929e-10
4.785561307e-10
6.116836518e-10
7.757306141e-10
9.60121506e-10
1.145760383e-09
1.304785484e-09
1.402610229e-09
5.09306188e-10
6.065434254e-10
7.562828616e-10
9.574686792e-10
1.203224354e-09
1.477095687e-09
1.750657577e-09
1.983416156e-09
2.125822463e-09
8.113322573e-10
9.586220222e-10
1.184014245e-09
1.484530874e-09
1.84864883e-09
2.251235183e-09
2.650503787e-09
2.988160635e-09
3.193755206e-09
1.280692705e-09
1.501117797e-09
1.836445587e-09
2.280375077e-09
2.814265668e-09
3.400361069e-09
3.977923513e-09
4.463745254e-09
4.758316487e-09
2.002912239e-09
2.328988762e-09
2.822360786e-09
3.471302304e-09
4.246521299e-09
5.092139005e-09
5.92076233e-09
6.614511903e-09
7.03364324e-09
3.103426234e-09
3.580557476e-09
4.29891988e-09
5.238288483e-09
6.353746189e-09
7.563703001e-09
8.743568538e-09
9.727438346e-09
1.032004886e-08
4.76427423e-09
5.455326861e-09
6.491166966e-09
7.838698964e-09
9.430454964e-09
1.114868272e-08
1.281715078e-08
1.420373017e-08
1.503678901e-08
7.24731493e-09
8.238798188e-09
9.719195355e-09
1.16363775e-08
1.389073185e-08
1.631402567e-08
1.865871165e-08
2.060168978e-08
2.17665945e-08
1.092637013e-08
1.233670428e-08
1.443540997e-08
1.714274058e-08
2.031374799e-08
2.371019506e-08
2.698649744e-08
2.969500514e-08
3.131612276e-08
1.633124471e-08
1.832182035e-08
2.12754221e-08
2.507283637e-08
2.950574879e-08
3.423939164e-08
3.879394152e-08
4.255174386e-08
4.479784071e-08
2.420786061e-08
2.699782703e-08
3.112736526e-08
3.642155071e-08
4.258416261e-08
4.914796641e-08
5.544997469e-08
6.064115219e-08
6.374071458e-08
3.560002414e-08
3.948605203e-08
4.522590636e-08
5.256679769e-08
6.109131647e-08
7.015122027e-08
7.883441963e-08
8.597778149e-08
9.023955515e-08
5.19600068e-08
5.734266665e-08
6.527910992e-08
7.540860416e-08
8.714758786e-08
9.960145892e-08
1.115203237e-07
1.213155526e-07
1.271560799e-07
7.529705067e-08
8.271596755e-08
9.363858459e-08
1.075556143e-07
1.236568639e-07
1.40713574e-07
1.570187812e-07
1.704083886e-07
1.783889959e-07
1.083750991e-07
1.185557992e-07
1.335261441e-07
1.52573783e-07
1.745808e-07
1.978664493e-07
2.201063988e-07
2.383591971e-07
2.492358476e-07
1.549736755e-07
1.68890043e-07
1.893333475e-07
2.153154001e-07
2.453021637e-07
2.770030437e-07
3.072609772e-07
3.320851554e-07
3.468760828e-07
2.202282862e-07
2.391855204e-07
2.670127411e-07
3.023493797e-07
3.431010844e-07
3.861564771e-07
4.272365159e-07
4.609339151e-07
4.810122259e-07
3.110675783e-07
3.368115156e-07
3.745806807e-07
4.22515222e-07
4.777699933e-07
5.361321394e-07
5.918124943e-07
6.374905556e-07
6.647123649e-07
4.367634434e-07
4.716230123e-07
5.227503074e-07
5.876213454e-07
6.623910035e-07
7.413737876e-07
8.167507345e-07
8.786144148e-07
9.154974982e-07
6.096064878e-07
6.566761823e-07
7.257074514e-07
8.133011294e-07
9.142901834e-07
1.021030128e-06
1.122979704e-06
1.206730159e-06
1.256702184e-06
8.457109009e-07
9.090788247e-07
1.002030071e-06
1.120024368e-06
1.256162845e-06
1.40021212e-06
1.537993e-06
1.651357752e-06
1.719093045e-06
1.165938766e-06
1.250962046e-06
1.37573148e-06
1.534235709e-06
1.71732974e-06
1.911386166e-06
2.09739038e-06
2.250793681e-06
2.342647329e-06
1.596913204e-06
1.710535451e-06
1.877378076e-06
2.089553942e-06
2.335034928e-06
2.595784271e-06
2.846407639e-06
3.053755372e-06
3.178280059e-06
2.172062429e-06
2.323156437e-06
2.545193546e-06
2.827916992e-06
3.155633286e-06
3.504632403e-06
3.841183703e-06
4.120689723e-06
4.289202674e-06
2.932603486e-06
3.132305869e-06
3.426015203e-06
3.800499808e-06
4.235442747e-06
4.699905288e-06
5.149397389e-06
5.524311426e-06
5.751404653e-06
3.928336567e-06
4.190320124e-06
4.575919378e-06
5.068175411e-06
5.640968361e-06
6.254236269e-06
6.849792415e-06
7.348615995e-06
7.652046626e-06
5.218079957e-06
5.558687019e-06
6.060289588e-06
6.701248182e-06
7.448183606e-06
8.249620237e-06
9.030066194e-06
9.685833501e-06
1.008609393e-05
6.86953251e-06
7.307672858e-06
7.953068459e-06
8.77817287e-06
9.740546326e-06
1.077437423e-05
1.178271336e-05
1.263171246e-05
1.315124833e-05
8.958319738e-06
9.515025904e-06
1.033493696e-05
1.138297522e-05
1.26051887e-05
1.391816767e-05
1.519911415e-05
1.627836684e-05
1.693965706e-05
1.156595984e-05
1.226346278e-05
1.328992372e-05
1.460065434e-05
1.612746112e-05
1.776556497e-05
1.936178705e-05
2.070561049e-05
2.15289132e-05
1.47760622e-05
1.563618764e-05
1.690021173e-05
1.851131059e-05
2.038366485e-05
2.238753855e-05
2.433520685e-05
2.597111632e-05
2.697181589e-05
1.866892365e-05
1.971114819e-05
2.123970908e-05
2.318266658e-05
2.543322533e-05
2.783293405e-05
3.015629741e-05
3.210053371e-05
3.328640556e-05
2.331472984e-05
2.455377398e-05
2.63662914e-05
2.866191836e-05
3.130958622e-05
3.411898293e-05
3.682526738e-05
3.907866563e-05
4.044747514e-05
2.87652463e-05
3.020839254e-05
3.231275954e-05
3.496668331e-05
3.801158999e-05
4.122348674e-05
4.42982644e-05
4.68429833e-05
4.838078697e-05
3.504472613e-05
3.668932956e-05
3.907861177e-05
4.207677574e-05
4.54959187e-05
4.907810357e-05
5.248263445e-05
5.528047638e-05
5.696097342e-05
4.214077022e-05
4.397215123e-05
4.662173639e-05
4.992784867e-05
5.367253866e-05
5.756579725e-05
6.123615955e-05
6.422870283e-05
6.601374608e-05
4.999638034e-05
5.198659305e-05
5.485279026e-05
5.840704036e-05
6.240262747e-05
6.652178254e-05
7.037067791e-05
7.348143557e-05
7.53225065e-05
5.850449321e-05
6.061234173e-05
6.36328783e-05
6.735336541e-05
7.150185345e-05
7.573956295e-05
7.966094116e-05
8.279972044e-05
8.464012463e-05
6.75062868e-05
6.967883832e-05
7.277553752e-05
7.65624158e-05
8.074822642e-05
8.498218724e-05
8.885950377e-05
9.193201148e-05
9.371950442e-05
7.679438098e-05
7.897005199e-05
8.205372109e-05
8.579597283e-05
8.989466966e-05
9.399811958e-05
9.771805382e-05
0.0001006379981
0.0001023227427
8.612173095e-05
8.823483153e-05
9.121213489e-05
9.479661031e-05
9.868665241e-05
0.0001025429992
0.0001060028996
0.0001086917598
0.0001102296988
9.52170508e-05
9.720382748e-05
9.99868774e-05
0.0001033116597
0.0001068858759
0.0001103921298
0.0001135036601
0.0001158962916
0.0001172521668
0.0001038128966
0.0001056182623
0.0001081316118
0.0001111092591
0.0001142781024
0.0001173517553
0.0001200473209
0.0001220964181
0.0001232459807
0.0001116631386
0.0001132423405
0.0001154261012
0.0001179897543
0.0001206878898
0.0001232724199
0.0001255092866
0.0001271878217
0.0001281187983
0.000118556505
0.0001198784402
0.000121692625
0.000123800385
0.0001259905508
0.0001280580762
0.0001298196593
0.0001311210438
0.0001318327995
0.0001243333188
0.0001253823445
0.0001268089014
0.0001284453957
0.0001301190271
0.0001316697537
0.0001329640822
0.0001339002334
0.0001344023178
0.0001288968774
0.0001296727883
0.0001307150639
0.0001318900141
0.0001330647464
0.0001341235448
0.0001349794028
0.0001355772314
0.0001358871499
0.0001322174977
0.0001327337834
0.0001334136894
0.0001341579408
0.0001348726689
0.0001354835935
0.0001359451732
0.0001362421872
0.0001363828066
0.0001343288876
0.0001346097151
0.0001349632773
0.0001353231754
0.0001356316931
0.0001358514964
0.0001359725047
0.0001360122431
0.0001360092197
0.0001353180268
0.0001353945684
0.0001354667388
0.0001354978984
0.0001354622206
0.0001353538935
0.0001351919663
0.0001350198547
0.0001348993822
0.0001353108179
0.0001352175616
0.0001350571473
0.0001348185728
0.0001345028772
0.0001341300247
0.0001337420571
0.0001334020751
0.0001331891329
0.0001344561973
0.0001342277428
0.0001338830993
0.0001334323387
0.0001328981443
0.0001323206815
0.0001317593986
0.0001312917291
0.0001310088916
0.0001329111404
0.000132579781
0.0001320956362
0.0001314853143
0.0001307881645
0.0001300594879
0.0001293713056
0.0001288109503
0.0001284777241
0.0001308283102
0.0001304224925
0.0001298379808
0.0001291137453
0.0001283013552
0.0001274668822
0.0001266909132
0.0001260671318
0.000125699728
0.0001283472163
0.0001278908023
0.0001272385811
0.000126438272
0.0001255498997
0.0001246467132
0.0001238146638
0.0001231510322
0.0001227624581
0.0001255889606
0.000125101122
0.0001244073234
0.0001235610628
0.0001226277767
0.0001216850476
0.0001208217202
0.0001201365963
0.0001197369507
0.0001226540904
0.000122149633
0.0001214343731
0.0001205652519
0.0001196107566
0.000118650635
0.0001177747787
0.0001170819907
0.0001166788647
0.0001196227973
0.0001191127278
0.000118390921
0.0001175159999
0.0001165577395
0.0001155964598
0.0001147217649
0.0001140313784
0.0001136302881
0.0001165566511
0.0001160488388
0.0001153311228
0.0001144625321
0.0001135128656
0.0001125618818
0.0001116979691
0.000111017037
0.0001106218422
0.0001135011589
0.0001130009922
0.0001122946326
0.0001114406274
0.0001105079279
0.0001095749657
0.0001087282962
0.000108061537
0.0001076748143
0.0001104885985
0.0001099995737
0.0001093092679
0.0001084751605
0.0001075647852
0.0001066547552
0.0001058294076
0.0001051797817
0.000104803141
0.000107540765
0.0001070649828
0.0001063935372
0.0001055824759
0.0001046975677
0.0001038133163
0.0001030116239
0.0001023808036
0.0001020151458
0.0001046714274
0.0001042099913
0.0001035588624
0.0001027724522
0.0001019145761
0.0001010574796
0.000100280533
9.966927316e-05
9.931499341e-05
0.0001018883997
0.0001014417238
0.0001008114349
0.0001000502147
9.9219846e-05
9.839026581e-05
9.763829759e-05
9.704671894e-05
9.670386232e-05
9.919521255e-05
9.8763251e-05
9.815370342e-05
9.741750191e-05
9.661439015e-05
9.581201194e-05
9.508468335e-05
9.45124843e-05
9.418086234e-05
9.659241538e-05
9.61748294e-05
9.558552821e-05
9.487372168e-05
9.409715495e-05
9.332123521e-05
9.261784498e-05
9.206445604e-05
9.174373197e-05
9.40785611e-05
9.367483664e-05
9.310505037e-05
9.241674585e-05
9.16657381e-05
9.091527919e-05
9.023491208e-05
8.969960601e-05
8.938935575e-05
9.165093133e-05
9.126046036e-05
9.07093312e-05
9.004349271e-05
8.931691346e-05
8.859078499e-05
8.793241509e-05
8.741438372e-05
8.71141386e-05
8.930605773e-05
8.892819272e-05
8.839481051e-05
8.775034403e-05
8.704700574e-05
8.634402668e-05
8.570658741e-05
8.520499389e-05
8.491426978e-05
8.704008756e-05
8.667417689e-05
8.615762727e-05
8.553343611e-05
8.485215131e-05
8.417114374e-05
8.355357385e-05
8.306758713e-05
8.278590374e-05
8.48490333e-05
8.449444331e-05
8.399383777e-05
8.338885723e-05
8.272847437e-05
8.206829728e-05
8.14695699e-05
8.099838648e-05
8.072527959e-05
8.272893772e-05
8.238506567e-05
8.189955916e-05
8.131277694e-05
8.067220148e-05
8.003177074e-05
7.945091055e-05
7.899376745e-05
7.872879623e-05
8.067597849e-05
8.034225935e-05
7.987105965e-05
7.930152658e-05
7.867973214e-05
7.805803111e-05
7.749412343e-05
7.705030501e-05
7.67930559e-05
7.868653032e-05
7.836243959e-05
7.79048111e-05
7.735164557e-05
7.674767853e-05
7.614376231e-05
7.559595676e-05
7.516479756e-05
7.491488583e-05
7.67571979e-05
7.644225186e-05
7.599751592e-05
7.545990422e-05
7.487288398e-05
7.428587965e-05
7.375339033e-05
7.333427508e-05
7.30913449e-05
7.488482907e-05
7.457858343e-05
7.414611649e-05
7.362331061e-05
7.305242727e-05
7.248153159e-05
7.196363498e-05
7.155599698e-05
7.131972051e-05
7.306651502e-05
7.276856271e-05
7.234779323e-05
7.183910726e-05
7.128361772e-05
7.072809325e-05
7.022412473e-05
6.982744324e-05
6.959751912e-05
7.129958261e-05
7.100955111e-05
7.059995581e-05
7.010476133e-05
6.956398439e-05
6.902315477e-05
6.853250456e-05
6.814630163e-05
6.792245316e-05
6.958158111e-05
6.929912945e-05
6.890022913e-05
6.841795049e-05
6.789126187e-05
6.736450702e-05
6.688661575e-05
6.651045272e-05
6.629242586e-05
6.791026606e-05
6.763508197e-05
6.724643774e-05
6.677654742e-05
6.626337473e-05
6.575012569e-05
6.528447985e-05
6.491795388e-05
6.470551528e-05
6.628358302e-05
6.601538024e-05
6.563658954e-05
6.517860343e-05
6.467842105e-05
6.417815511e-05
6.372428273e-05
6.336702339e-05
6.31599584e-05
6.469965068e-05
6.443816619e-05
6.406885902e-05
6.362233197e-05
6.313465637e-05
6.26468924e-05
6.220435883e-05
6.185602489e-05
6.165413576e-05
6.315674409e-05
6.290173569e-05
6.254157117e-05
6.210609291e-05
6.16304782e-05
6.115477235e-05
6.072317642e-05
6.03834528e-05
6.018655688e-05
6.165327893e-05
6.140452295e-05
6.105318622e-05
6.062837759e-05
6.01644115e-05
5.970035317e-05
5.927932363e-05
5.894791866e-05
5.875584685e-05
6.018779686e-05
5.994508612e-05
5.960228545e-05
5.918779501e-05
5.873509523e-05
5.828230347e-05
5.787149573e-05
5.754813859e-05
5.736073384e-05
5.875895199e-05
5.852209399e-05
5.818755819e-05
5.778305913e-05
5.734127e-05
5.689939025e-05
5.649848345e-05
5.618292192e-05
5.600003793e-05
5.736549861e-05
5.713431387e-05
5.680779003e-05
5.641297744e-05
5.598176696e-05
5.555046812e-05
5.515916251e-05
5.485116087e-05
5.467266093e-05
5.600628013e-05
5.578060071e-05
5.546185214e-05
5.507644053e-05
5.465549774e-05
5.423446955e-05
5.385248416e-05
5.355182139e-05
5.337757727e-05
5.46802191e-05
5.445988733e-05
5.414869171e-05
5.377241287e-05
5.336144549e-05
5.295039622e-05
5.257746675e-05
5.228393492e-05
5.211382598e-05
5.338630838e-05
5.31711757e-05
5.286732351e-05
5.249992456e-05
5.209865694e-05
5.169731134e-05
5.133318835e-05
5.104659114e-05
5.088050349e-05
5.212360327e-05
5.19135292e-05
5.16168223e-05
5.125806401e-05
5.086623528e-05
5.047433278e-05
5.011878006e-05
4.983893156e-05
4.96767573e-05
5.089121452e-05
5.068606581e-05
5.039631619e-05
5.004597151e-05
4.966333399e-05
4.928062712e-05
4.893342028e-05
4.866014381e-05
4.850178042e-05
4.968830227e-05
4.948795211e-05
4.92049808e-05
4.886283356e-05
4.848915136e-05
4.811540437e-05
4.777632957e-05
4.750945677e-05
4.735480654e-05
4.851407063e-05
4.831839798e-05
4.804203413e-05
4.770787788e-05
4.734292569e-05
4.697791332e-05
4.664676621e-05
4.638613615e-05
4.623510569e-05
4.736776302e-05
4.7176652e-05
4.690673202e-05
4.658036908e-05
4.622393108e-05
4.586743752e-05
4.55440223e-05
4.528948075e-05
4.514198055e-05
4.624865799e-05
4.606199741e-05
4.579836428e-05
4.547960485e-05
4.51314738e-05
4.478329179e-05
4.446742035e-05
4.421881915e-05
4.407476321e-05
4.51560657e-05
4.497374857e-05
4.471625123e-05
4.440491266e-05
4.406488909e-05
4.372481909e-05
4.341631033e-05
4.317350681e-05
4.303281234e-05
4.40893248e-05
4.391124796e-05
4.365974072e-05
4.335564687e-05
4.302353838e-05
4.26913879e-05
4.239006708e-05
4.215292358e-05
4.20155107e-05
4.304779964e-05
4.287386346e-05
4.262820557e-05
4.233118623e-05
4.200680689e-05
4.168238987e-05
4.138808809e-05
4.115647155e-05
4.102226302e-05
4.203087801e-05
4.186098604e-05
4.162104128e-05
4.133093171e-05
4.10141015e-05
4.069723783e-05
4.040979155e-05
4.01835731e-05
4.005249416e-05
4.103796903e-05
4.087202779e-05
4.063766411e-05
4.035430457e-05
4.004484899e-05
3.9735364e-05
3.945461464e-05
3.923366934e-05
3.910564747e-05
4.006850138e-05
3.990642014e-05
3.967750934e-05
3.940074479e-05
3.909849439e-05
3.87962185e-05
3.852201207e-05
3.830621859e-05
3.818118339e-05
3.912192177e-05
3.896361235e-05
3.874002984e-05
3.846970956e-05
3.817449965e-05
3.787926801e-05
3.761145482e-05
3.740069522e-05
3.727857825e-05
3.81976936e-05
3.80430702e-05
3.782469476e-05
3.756067211e-05
3.727234242e-05
3.698399462e-05
3.6722429e-05
3.65165885e-05
3.639732317e-05
3.729529578e-05
3.714427484e-05
3.693098842e-05
3.667312059e-05
3.639151504e-05
3.610989483e-05
3.58544349e-05
3.565340171e-05
3.553692315e-05
3.641422172e-05
3.62667218e-05
3.605840935e-05
3.580655712e-05
3.553152357e-05
3.525647867e-05
3.500698613e-05
3.481065129e-05
3.469689628e-05
3.555397842e-05
3.540992012e-05
3.52064694e-05
3.496049702e-05
3.469188707e-05
3.442326893e-05
3.417960889e-05
3.398786612e-05
3.3876773e-05
3.471408577e-05
3.457339156e-05
3.437469306e-05
3.413446802e-05
3.387213685e-05
3.36098005e-05
3.337184132e-05
3.318458689e-05
3.30760955e-05
3.389407578e-05
3.375666999e-05
3.356261677e-05
3.332800969e-05
3.30718159e-05
3.281561979e-05
3.258323291e-05
3.240036555e-05
3.229441713e-05
3.309349204e-05
3.295930074e-05
3.276978834e-05
3.254067285e-05
3.229047831e-05
3.204028416e-05
3.181334403e-05
3.163476481e-05
3.153130198e-05
3.231188919e-05
3.218084015e-05
3.19957665e-05
3.177201909e-05
3.152768882e-05
3.128336152e-05
3.106174545e-05
3.088735771e-05
3.07863244e-05
3.154883244e-05
3.142085506e-05
3.124012038e-05
3.102162035e-05
3.078302242e-05
3.054442991e-05
3.032801797e-05
3.015772725e-05
3.005906865e-05
3.08038972e-05
3.067892242e-05
3.050242918e-05
3.028905852e-05
3.005606394e-05
2.98230771e-05
2.961175206e-05
2.944546599e-05
2.934912855e-05
3.007666864e-05
2.995462898e-05
2.978228179e-05
2.957392509e-05
2.934640775e-05
2.911890033e-05
2.891254756e-05
2.875017584e-05
2.865610716e-05
2.936674146e-05
2.924757089e-05
2.907927647e-05
2.887582088e-05
2.865365742e-05
2.843150598e-05
2.823001336e-05
2.807146769e-05
2.797961658e-05
2.867371954e-05
2.855735349e-05
2.839302059e-05
2.819435573e-05
2.797742553e-05
2.776050931e-05
2.756376723e-05
2.740896125e-05
2.731927762e-05
2.799721571e-05
2.788359101e-05
2.77231304e-05
2.752914831e-05
2.731733338e-05
2.71055343e-05
2.691343553e-05
2.676228479e-05
2.667471966e-05
2.73368515e-05
2.722590639e-05
2.706923078e-05
2.687982587e-05
2.667301082e-05
2.646621337e-05
2.627865308e-05
2.613107499e-05
2.604558048e-05
2.669225698e-05
2.658393104e-05
2.643095507e-05
2.624602407e-05
2.604409605e-05
2.584218731e-05
2.565906295e-05
2.551497677e-05
2.543150604e-05
2.60630706e-05
2.595730473e-05
2.580794492e-05
2.562738686e-05
2.543023552e-05
2.523310506e-05
2.50543164e-05
2.491364319e-05
2.483215048e-05
2.544893899e-05
2.534567543e-05
2.519985017e-05
2.502356632e-05
2.48310838e-05
2.463862369e-05
2.446407275e-05
2.432673535e-05
2.424717592e-05
2.484951696e-05
2.474869925e-05
2.460632876e-05
2.443422265e-05
2.424630354e-05
2.405840829e-05
2.388799936e-05
2.37539224e-05
2.367625256e-05
2.426446738e-05
2.416604034e-05
2.402704669e-05
2.385902407e-05
2.367556541e-05
2.349213204e-05
2.332577163e-05
2.319488152e-05
2.311905861e-05
2.369346119e-05
2.359737096e-05
2.346167807e-05
2.329764693e-05
2.311854822e-05
2.293947618e-05
2.277707309e-05
2.264929803e-05
2.257528044e-05
2.313617748e-05
2.304237151e-05
2.290990514e-05
2.274977573e-05
2.257493897e-05
2.240013026e-05
2.224159556e-05
2.211686558e-05
2.204461276e-05
2.259230362e-05
2.250073068e-05
2.237141851e-05
2.22151034e-05
2.204443312e-05
2.187379229e-05
2.171903943e-05
2.159728643e-05
2.152675894e-05
2.206153548e-05
2.197214572e-05
2.184591738e-05
2.169333151e-05
2.152673488e-05
2.136016915e-05
2.120911404e-05
2.109027188e-05
2.102143141e-05
2.154357781e-05
2.145632282e-05
2.133310996e-05
2.118417078e-05
2.102155772e-05
2.085897712e-05
2.071153823e-05
2.059554282e-05
2.052835228e-05
2.103814471e-05
2.095297758e-05
2.083271403e-05
2.068734163e-05
2.052862502e-05
2.036994256e-05
2.022604112e-05
2.01128306e-05
2.004725419e-05
2.054496033e-05
2.04618358e-05
2.034445769e-05
2.020257501e-05
2.004767089e-05
1.989280282e-05
1.975236308e-05
1.964187799e-05
1.957788134e-05
2.006375974e-05
1.99826343e-05
1.986808033e-05
1.972961345e-05
1.957844133e-05
1.942730748e-05
1.9290257e-05
1.918244054e-05
1.911999085e-05
1.959429007e-05
1.951512219e-05
1.940333386e-05
1.926821231e-05
1.912069562e-05
1.89732198e-05
1.883948984e-05
1.873428821e-05
1.867335446e-05
1.913631188e-05
1.905906224e-05
1.894998422e-05
1.881814146e-05
1.867420799e-05
1.853031851e-05
1.839984456e-05
1.829720738e-05
1.823776055e-05
1.868960092e-05
1.861423269e-05
1.850781326e-05
1.837918719e-05
1.823876974e-05
1.809840008e-05
1.797112243e-05
1.78710032e-05
1.781301661e-05
1.82539501e-05
1.818042933e-05
1.807662087e-05
1.795115452e-05
1.781419164e-05
1.767728119e-05
1.755314568e-05
1.745550241e-05
1.739895204e-05
1.78291719e-05
1.775746793e-05
1.765622758e-05
1.753386985e-05
1.740030668e-05
1.726680168e-05
1.714576057e-05
1.705055647e-05
1.699542139e-05
1.741510106e-05
1.734518702e-05
1.724647738e-05
1.712718394e-05
1.699697326e-05
1.686682782e-05
1.674884074e-05
1.665604501e-05
1.660230788e-05
1.701159754e-05
1.694345092e-05
1.684724086e-05
1.673097517e-05
1.660407852e-05
1.647725579e-05
1.636229087e-05
1.627187961e-05
1.621952715e-05
1.661854979e-05
1.655215306e-05
1.645841863e-05
1.634515303e-05
1.622154193e-05
1.60980154e-05
1.598605045e-05
1.589800759e-05
1.584703122e-05
1.623587811e-05
1.61712194e-05
1.607994476e-05
1.596966166e-05
1.584931897e-05
1.572907379e-05
1.562009752e-05
1.553441588e-05
1.548481229e-05
1.586353805e-05
1.580061183e-05
1.571179027e-05
1.560448335e-05
1.548740457e-05
1.537043893e-05
1.526445228e-05
1.518113452e-05
1.513290624e-05
1.550152369e-05
1.544033145e-05
1.535396635e-05
1.524964178e-05
1.513583638e-05
1.502216283e-05
1.491918008e-05
1.48382397e-05
1.479139569e-05
1.514987053e-05
1.509042145e-05
1.50065272e-05
1.490520469e-05
1.479469729e-05
1.46843439e-05
1.458439381e-05
1.450585596e-05
1.44604121e-05
1.480865783e-05
1.475096933e-05
1.466957209e-05
1.457128586e-05
1.446411721e-05
1.435712855e-05
1.426025516e-05
1.418415726e-05
1.414013665e-05
1.447801016e-05
1.442210826e-05
1.434324654e-05
1.424804594e-05
1.414427361e-05
1.404071132e-05
1.39469744e-05
1.387336649e-05
1.383079965e-05
1.415809783e-05
1.410401743e-05
1.402774228e-05
1.3935692e-05
1.38353905e-05
1.37353334e-05
1.364480855e-05
1.357375319e-05
1.353267801e-05
1.384913589e-05
1.379692063e-05
1.372329556e-05
1.363447538e-05
1.353773579e-05
1.344127937e-05
1.335405734e-05
1.328562915e-05
1.324609049e-05
1.35513814e-05
1.350108333e-05
1.343018366e-05
1.334468761e-05
1.32516165e-05
1.315887164e-05
1.307505707e-05
1.300934152e-05
1.297139053e-05
1.326512889e-05
1.321680762e-05
1.31487193e-05
1.306665411e-05
1.297737166e-05
1.288846258e-05
1.280817194e-05
1.274526356e-05
1.270895655e-05
1.299070366e-05
1.294442519e-05
1.287924297e-05
1.280072567e-05
1.271536293e-05
1.263042417e-05
1.255378278e-05
1.249378273e-05
1.24591796e-05
1.272845295e-05
1.268428796e-05
1.262211291e-05
1.254726769e-05
1.24659628e-05
1.238513528e-05
1.231227351e-05
1.225528627e-05
1.222244857e-05
1.247873489e-05
1.243675656e-05
1.237769288e-05
1.230664704e-05
1.222954067e-05
1.215296677e-05
1.208401527e-05
1.203014477e-05
1.199913331e-05
1.224190541e-05
1.22021868e-05
1.2146338e-05
1.207921716e-05
1.200644695e-05
1.193426471e-05
1.186934893e-05
1.181869399e-05
1.17895661e-05
1.201830342e-05
1.198091441e-05
1.19283789e-05
1.186530146e-05
1.179699582e-05
1.172933246e-05
1.16685665e-05
1.162121581e-05
1.159402227e-05
1.180823453e-05
1.177323848e-05
1.172410471e-05
1.166517586e-05
1.160144719e-05
1.153841211e-05
1.148189218e-05
1.143791898e-05
1.14127009e-05
1.161195413e-05
1.157940428e-05
1.153374565e-05
1.147905107e-05
1.141998873e-05
1.136166637e-05
1.130946414e-05
1.126892088e-05
1.124570654e-05
1.142965029e-05
1.139958616e-05
1.135745586e-05
1.130705546e-05
1.125271887e-05
1.119916172e-05
1.115131796e-05
1.111423126e-05
1.109303314e-05
1.126142745e-05
1.123387137e-05
1.11952975e-05
1.114921952e-05
1.109963177e-05
1.105085401e-05
1.100737287e-05
1.09737391e-05
1.095455138e-05
1.110729173e-05
1.108224576e-05
1.104722699e-05
1.100546284e-05
1.096060521e-05
1.091657743e-05
1.087742184e-05
1.08472036e-05
1.083000024e-05
1.096713884e-05
1.094458218e-05
1.091308428e-05
1.087558454e-05
1.083539235e-05
1.079603772e-05
1.076112626e-05
1.073425027e-05
1.071898387e-05
1.084074533e-05
1.082063258e-05
1.079258607e-05
1.075925794e-05
1.072361817e-05
1.068881051e-05
1.06580161e-05
1.063437246e-05
1.062097409e-05
1.072776399e-05
1.071002435e-05
1.068532358e-05
1.065603012e-05
1.062478106e-05
1.059434505e-05
1.056749563e-05
1.054693878e-05
1.053531866e-05
1.062772408e-05
1.06122616e-05
1.05907654e-05
1.056532669e-05
1.053825982e-05
1.051197348e-05
1.048885515e-05
1.047120752e-05
1.046125808e-05
1.054003646e-05
1.052673149e-05
1.050826546e-05
1.048646183e-05
1.046332609e-05
1.04409265e-05
1.042128976e-05
1.04063464e-05
1.039794442e-05
1.046400377e-05
1.045271551e-05
1.043707612e-05
1.041865425e-05
1.039916337e-05
1.038035354e-05
1.036391915e-05
1.035145308e-05
1.034446341e-05
1.039883679e-05
1.038940758e-05
1.037636811e-05
1.036104741e-05
1.034488691e-05
1.032934388e-05
1.031581135e-05
1.030558076e-05
1.02998607e-05
1.034367433e-05
1.033593344e-05
1.032524974e-05
1.031273037e-05
1.029956711e-05
1.028695201e-05
1.027600918e-05
1.026776525e-05
1.026316928e-05
1.029760379e-05
1.029137255e-05
1.028279048e-05
1.027276249e-05
1.026225505e-05
1.025222384e-05
1.024355697e-05
1.023705234e-05
1.023343722e-05
1.025968557e-05
1.02547828e-05
1.024804597e-05
1.024019884e-05
1.023200801e-05
1.022422224e-05
1.021752617e-05
1.021252414e-05
1.020975508e-05
1.022897816e-05
1.022522555e-05
1.022008287e-05
1.021411466e-05
1.020791336e-05
1.020205019e-05
1.019703563e-05
1.019330759e-05
1.019125134e-05
1.020456253e-05
1.020178967e-05
1.019800233e-05
1.019362806e-05
1.01891093e-05
1.018486303e-05
1.018125373e-05
1.017858611e-05
1.017712166e-05
1.018556492e-05
1.018361387e-05
1.018096041e-05
1.017791353e-05
1.017478834e-05
1.017187606e-05
1.016942305e-05
1.016762617e-05
1.016664701e-05
1.017117082e-05
1.016989367e-05
1.016816804e-05
1.01662048e-05
1.01642152e-05
1.016238797e-05
1.016087405e-05
1.015978371e-05
1.015919829e-05
1.01606229e-05
1.015988891e-05
1.015891038e-05
1.015781893e-05
1.015674206e-05
1.015578638e-05
1.015502661e-05
1.015450391e-05
1.015423517e-05
1.015324865e-05
1.015294605e-05
1.015256076e-05
1.015216154e-05
1.015180958e-05
1.015154652e-05
1.015138679e-05
1.015131657e-05
1.015130093e-05
1.014846527e-05
1.014850085e-05
1.014858091e-05
1.014872523e-05
1.014894329e-05
1.014922602e-05
1.014954041e-05
1.014982893e-05
1.015001478e-05
1.01457775e-05
1.01460753e-05
1.014651671e-05
1.014708401e-05
1.0147747e-05
1.014845731e-05
1.014914484e-05
1.014971714e-05
1.015006324e-05
1.014477172e-05
1.01452711e-05
1.0145991e-05
1.014688548e-05
1.014789425e-05
1.014893881e-05
1.014992002e-05
1.015071737e-05
1.015119151e-05
1.014510749e-05
1.014576098e-05
1.014669462e-05
1.014784159e-05
1.014911914e-05
1.015042588e-05
1.015163994e-05
1.015261795e-05
1.015319616e-05
1.014650798e-05
1.01472791e-05
1.014837681e-05
1.014971921e-05
1.01512071e-05
1.015272196e-05
1.015412435e-05
1.015525223e-05
1.015592051e-05
1.014875018e-05
1.014961141e-05
1.015083582e-05
1.015233092e-05
1.015398579e-05
1.01556694e-05
1.015722879e-05
1.015848431e-05
1.015922793e-05
1.015165587e-05
1.015258679e-05
1.015391025e-05
1.015552661e-05
1.015731659e-05
1.015913999e-05
1.016082842e-05
1.01621862e-05
1.016298831e-05
1.015508373e-05
1.015606942e-05
1.015747161e-05
1.015918619e-05
1.016108584e-05
1.016301883e-05
1.016480511e-05
1.016623781e-05
1.016708226e-05
1.015892284e-05
1.015995229e-05
1.016141673e-05
1.016320576e-05
1.016518545e-05
1.016719501e-05
1.016904768e-05
1.017052956e-05
1.017140054e-05
1.01630821e-05
1.016414179e-05
1.016564827e-05
1.016748535e-05
1.016951366e-05
1.017156769e-05
1.017345613e-05
1.0174962e-05
1.017584422e-05
1.016747013e-05
1.016854543e-05
1.017007193e-05
1.017193042e-05
1.017397758e-05
1.0176045e-05
1.01779398e-05
1.017944558e-05
1.018032462e-05
1.017199865e-05
1.017307526e-05
1.017460138e-05
1.01764557e-05
1.017849301e-05
1.01805442e-05
1.018241767e-05
1.018390098e-05
1.018476357e-05
1.017658784e-05
1.017765205e-05
1.017915816e-05
1.01809841e-05
1.018298459e-05
1.018499207e-05
1.018681884e-05
1.018825948e-05
1.018909388e-05
1.018116515e-05
1.01822041e-05
1.018367192e-05
1.018544715e-05
1.018738627e-05
1.018932534e-05
1.019108303e-05
1.019246349e-05
1.019325979e-05
1.018566579e-05
1.018666782e-05
1.018808086e-05
1.018978554e-05
1.019164175e-05
1.019349119e-05
1.019516096e-05
1.019646695e-05
1.019721727e-05
1.019003326e-05
1.01909882e-05
1.019233228e-05
1.019394956e-05
1.019570498e-05
1.019744759e-05
1.019901467e-05
1.020023538e-05
1.020093406e-05
1.019421991e-05
1.019511939e-05
1.0196383e-05
1.01978995e-05
1.019954033e-05
1.020116336e-05
1.020261733e-05
1.020374563e-05
1.020438922e-05
1.019818737e-05
1.019902504e-05
1.020019964e-05
1.020160578e-05
1.02031226e-05
1.02046179e-05
1.020595273e-05
1.020698503e-05
1.020757213e-05
1.020190681e-05
1.020267848e-05
1.020375865e-05
1.020504874e-05
1.020643653e-05
1.020780046e-05
1.020901423e-05
1.020995018e-05
1.021048123e-05
1.020535891e-05
1.020606256e-05
1.020704598e-05
1.020821809e-05
1.020947593e-05
1.021070893e-05
1.021180335e-05
1.021264537e-05
1.021312241e-05
1.020853345e-05
1.020916909e-05
1.021005629e-05
1.021111189e-05
1.021224244e-05
1.021334835e-05
1.021432799e-05
1.021508041e-05
1.021550601e-05
1.021142853e-05
1.021199796e-05
1.02127919e-05
1.021373528e-05
1.021474407e-05
1.021572928e-05
1.021660064e-05
1.021726866e-05
1.021764601e-05
1.021404943e-05
1.021455587e-05
1.021526145e-05
1.0216099e-05
1.021699359e-05
1.021786617e-05
1.021863655e-05
1.021922625e-05
1.021955908e-05
1.02164072e-05
1.021685491e-05
1.021747835e-05
1.021821788e-05
1.021900698e-05
1.021977549e-05
1.0220453e-05
1.022097101e-05
1.022126326e-05
1.02185172e-05
1.021891103e-05
1.021945929e-05
1.022010905e-05
1.022080154e-05
1.022147511e-05
1.022206823e-05
1.022252136e-05
1.022277703e-05
1.022039757e-05
1.022074249e-05
1.022122232e-05
1.022179053e-05
1.022239552e-05
1.022298336e-05
1.022350048e-05
1.022389535e-05
1.022411829e-05
1.022206701e-05
1.022236779e-05
1.022278598e-05
1.022328084e-05
1.022380723e-05
1.022431817e-05
1.022476726e-05
1.022511009e-05
1.022530383e-05
1.022354452e-05
1.022380581e-05
1.022416888e-05
1.022459818e-05
1.022505436e-05
1.022549666e-05
1.022588509e-05
1.02261816e-05
1.022634944e-05
1.022484885e-05
1.0225075e-05
1.022538902e-05
1.022575994e-05
1.02261536e-05
1.022653483e-05
1.022686938e-05
1.022712495e-05
1.022727002e-05
1.022599791e-05
1.022619285e-05
1.02264633e-05
1.022678235e-05
1.022712049e-05
1.022744758e-05
1.022773463e-05
1.022795436e-05
1.022807958e-05
1.022700828e-05
1.022717552e-05
1.02274073e-05
1.022768033e-05
1.022796932e-05
1.022824879e-05
1.022849441e-05
1.022868309e-05
1.022879119e-05
1.022789505e-05
1.022803771e-05
1.022823518e-05
1.022846754e-05
1.02287134e-05
1.022895145e-05
1.022916134e-05
1.022932342e-05
1.022941689e-05
1.022867171e-05
1.02287926e-05
1.022895983e-05
1.022915661e-05
1.022936509e-05
1.022956756e-05
1.022974703e-05
1.022988654e-05
1.022996758e-05
1.022935041e-05
1.022945225e-05
1.022959318e-05
1.022975926e-05
1.02299358e-05
1.023010815e-05
1.023026198e-05
1.023038249e-05
1.023045306e-05
1.022994244e-05
1.023002786e-05
1.023014629e-05
1.023028635e-05
1.023043601e-05
1.023058316e-05
1.023071558e-05
1.023082022e-05
1.023088201e-05
1.023045835e-05
1.023052991e-05
1.023062946e-05
1.023074782e-05
1.023087519e-05
1.023100149e-05
1.023111618e-05
1.023120762e-05
1.023126208e-05
1.023090804e-05
1.023096813e-05
1.023105214e-05
1.023115268e-05
1.02312618e-05
1.0231371e-05
1.02314711e-05
1.023155165e-05
1.023160003e-05
1.023130067e-05
1.023135146e-05
1.023142287e-05
1.023150901e-05
1.023160333e-05
1.023169863e-05
1.023178683e-05
1.023185846e-05
1.023190186e-05
1.023164455e-05
1.023168792e-05
1.023174929e-05
1.023182392e-05
1.023190638e-05
1.023199051e-05
1.023206912e-05
1.023213358e-05
1.023217296e-05
1.02319471e-05
1.023198465e-05
1.023203813e-05
1.023210367e-05
1.023217677e-05
1.023225209e-05
1.023232318e-05
1.023238204e-05
1.023241833e-05
1.023221481e-05
1.023224787e-05
1.023229524e-05
1.023235378e-05
1.023241968e-05
1.023248827e-05
1.023255374e-05
1.023260855e-05
1.023264269e-05
1.023245329e-05
1.023248297e-05
1.023252576e-05
1.023257908e-05
1.02326397e-05
1.023270353e-05
1.023276521e-05
1.023281748e-05
1.023285042e-05
1.02326674e-05
1.023269464e-05
1.023273418e-05
1.023278388e-05
1.023284102e-05
1.023290195e-05
1.023296165e-05
1.023301296e-05
1.023304559e-05
1.023286133e-05
1.023288698e-05
1.023292446e-05
1.023297203e-05
1.023302739e-05
1.023308725e-05
1.023314672e-05
1.023319843e-05
1.023323153e-05
1.023303876e-05
1.023306359e-05
1.023310015e-05
1.023314704e-05
1.023320227e-05
1.023326279e-05
1.023332367e-05
1.0233377e-05
1.023341114e-05
1.023320298e-05
1.023322774e-05
1.023326449e-05
1.02333121e-05
1.023336882e-05
1.023343167e-05
1.023349532e-05
1.023355115e-05
1.023358681e-05
1.023335697e-05
1.023338242e-05
1.023342045e-05
1.023347014e-05
1.023352988e-05
1.023359641e-05
1.023366388e-05
1.023372286e-05
1.023376036e-05
1.023350353e-05
1.02335304e-05
1.023357077e-05
1.023362384e-05
1.023368781e-05
1.02337591e-05
1.023383106e-05
1.02338936e-05
1.023393314e-05
1.023364532e-05
1.023367434e-05
1.023371804e-05
1.023377548e-05
1.023384466e-05
1.023392132e-05
1.023399814e-05
1.023406442e-05
1.023410609e-05
1.023378495e-05
1.023381669e-05
1.023386441e-05
1.023392701e-05
1.023400191e-05
1.023408419e-05
1.023416595e-05
1.023423597e-05
1.023427974e-05
1.023392458e-05
1.023395948e-05
1.023401176e-05
1.023407983e-05
1.023416055e-05
1.023424842e-05
1.023433497e-05
1.023440856e-05
1.023445432e-05
1.023406612e-05
1.023410439e-05
1.023416132e-05
1.023423484e-05
1.023432121e-05
1.023441437e-05
1.023450538e-05
1.023458226e-05
1.023462985e-05
1.023421088e-05
1.023425244e-05
1.023431387e-05
1.023439254e-05
1.023448415e-05
1.023458211e-05
1.023467713e-05
1.023475693e-05
1.023480615e-05
1.023435955e-05
1.023440418e-05
1.023446974e-05
1.023455307e-05
1.023464933e-05
1.02347515e-05
1.023484999e-05
1.023493233e-05
1.023498294e-05
1.023451236e-05
1.023455972e-05
1.023462891e-05
1.023471626e-05
1.02348165e-05
1.023492224e-05
1.023502365e-05
1.023510809e-05
1.023515987e-05
1.023466914e-05
1.023471882e-05
1.023479105e-05
1.023488175e-05
1.023498526e-05
1.023509392e-05
1.02351977e-05
1.023528385e-05
1.023533657e-05
1.023482941e-05
1.023488097e-05
1.023495565e-05
1.023504902e-05
1.023515513e-05
1.023526608e-05
1.023537171e-05
1.02354592e-05
1.023551263e-05
1.02349925e-05
1.02350455e-05
1.023512207e-05
1.023521748e-05
1.023532555e-05
1.023543823e-05
1.023554524e-05
1.023563371e-05
1.023568767e-05
1.023515762e-05
1.023521168e-05
1.023528962e-05
1.02353865e-05
1.023549599e-05
1.023560989e-05
1.023571788e-05
1.023580701e-05
1.023586129e-05
1.023532394e-05
1.023537873e-05
1.023545761e-05
1.02355555e-05
1.023566592e-05
1.023578062e-05
1.023588921e-05
1.02359787e-05
1.023603314e-05
1.023549071e-05
1.023554596e-05
1.023562542e-05
1.023572391e-05
1.023583488e-05
1.023595001e-05
1.023605887e-05
1.023614847e-05
1.02362029e-05
1.023565723e-05
1.023571272e-05
1.023579247e-05
1.023589126e-05
1.023600245e-05
1.023611771e-05
1.023622656e-05
1.023631606e-05
1.023637036e-05
1.02358229e-05
1.023587847e-05
1.02359583e-05
1.023605712e-05
1.023616829e-05
1.023628342e-05
1.023639205e-05
1.023648125e-05
1.023653533e-05
1.023598724e-05
1.023604276e-05
1.02361225e-05
1.023622117e-05
1.023633211e-05
1.023644691e-05
1.023655513e-05
1.023664393e-05
1.023669771e-05
1.023614985e-05
1.023620524e-05
1.023628476e-05
1.023638314e-05
1.023649369e-05
1.023660801e-05
1.02367157e-05
1.023680399e-05
1.023685742e-05
1.023631045e-05
1.023636564e-05
1.023644486e-05
1.023654283e-05
1.023665287e-05
1.02367666e-05
1.023687366e-05
1.023696138e-05
1.023701443e-05
1.023646881e-05
1.023652375e-05
1.02366026e-05
1.023670008e-05
1.023680952e-05
1.023692258e-05
1.023702895e-05
1.023711605e-05
1.023716867e-05
1.023662478e-05
1.023667943e-05
1.023675785e-05
1.023685477e-05
1.023696354e-05
1.023707586e-05
1.023718149e-05
1.023726792e-05
1.023732008e-05
1.023677821e-05
1.023683254e-05
1.023691049e-05
1.02370068e-05
1.023711485e-05
1.023722637e-05
1.023733118e-05
1.023741686e-05
1.023746852e-05
1.023692899e-05
1.023698298e-05
1.023706041e-05
1.023715604e-05
1.023726329e-05
1.023737393e-05
1.023747781e-05
1.023756264e-05
1.023761372e-05
1.023707699e-05
1.023713058e-05
1.023720742e-05
1.02373023e-05
1.023740864e-05
1.023751823e-05
1.023762101e-05
1.023770479e-05
1.023775515e-05
1.023722197e-05
1.023727509e-05
1.023735125e-05
1.023744522e-05
1.023755043e-05
1.02376587e-05
1.023776003e-05
1.023784247e-05
1.023789189e-05
1.023736342e-05
1.023741598e-05
1.023749127e-05
1.023758405e-05
1.023768776e-05
1.023779423e-05
1.023789358e-05
1.023797412e-05
1.023802223e-05
1.023750024e-05
1.023755204e-05
1.023762614e-05
1.023771728e-05
1.023781887e-05
1.023792277e-05
1.023801927e-05
1.023809706e-05
1.023814327e-05
1.023762968e-05
1.023768041e-05
1.023775284e-05
1.023784165e-05
1.023794019e-05
1.02380404e-05
1.023813279e-05
1.023820663e-05
1.023825007e-05
1.02377447e-05
1.023779399e-05
1.023786415e-05
1.023794981e-05
1.023804427e-05
1.023813953e-05
1.023822642e-05
1.023829494e-05
1.023833461e-05
1.02378269e-05
1.023787462e-05
1.023794235e-05
1.023802464e-05
1.023811481e-05
1.023820492e-05
1.023828612e-05
1.023834908e-05
1.023838471e-05
5.339110194e-22
1.999743044e-21
4.461889347e-21
8.457059096e-21
1.493297871e-20
2.552914311e-20
4.309716328e-20
7.257011231e-20
1.224935107e-19
2.076668564e-19
3.537365176e-19
6.051677107e-19
1.039103788e-18
1.789459631e-18
3.08870373e-18
5.340061235e-18
9.24238431e-18
1.600765913e-17
2.773895248e-17
4.808634522e-17
8.338557814e-17
1.446354012e-16
2.509320468e-16
4.354349139e-16
7.557289992e-16
1.311821058e-15
2.277389419e-15
3.954029797e-15
6.865334424e-15
1.19198797e-14
2.069314758e-14
3.591413108e-14
6.230295754e-14
1.080079063e-13
1.870608373e-13
3.235530432e-13
5.586986713e-13
9.627097419e-13
1.65462493e-12
2.835170652e-12
4.840768468e-12
8.231486138e-12
1.393282632e-11
2.346178521e-11
3.9282923e-11
6.536193006e-11
1.080143883e-10
1.771886549e-10
2.883773488e-10
4.654264272e-10
7.446110015e-10
1.180482668e-09
1.854177212e-09
2.88511503e-09
4.447188219e-09
6.791244582e-09
1.02762363e-08
1.541194247e-08
2.291736633e-08
3.380018422e-08
4.946424256e-08
7.185397677e-08
1.036467175e-07
1.485063411e-07
2.114141825e-07
2.990940318e-07
4.205470173e-07
5.87708742e-07
8.16233305e-07
1.126395904e-06
1.54408654e-06
2.101841949e-06
2.83983179e-06
3.806679291e-06
5.059956585e-06
6.666152292e-06
8.699871299e-06
1.124200386e-05
1.43762606e-05
1.818392699e-05
2.273729176e-05
2.809147187e-05
3.427527778e-05
4.128189859e-05
4.90605711e-05
5.751054691e-05
6.647870167e-05
7.576198883e-05
8.511563447e-05
9.426789815e-05
0.0001029473448
0.000110903105
0.0001179175414
0.0001238236546
0.0001285173314
0.0001319622299
0.0001341867936
0.0001352744791
0.000135349446
0.000134560454
0.000133065498
0.0001310190358
0.0001285627549
0.0001258200065
0.0001228934433
0.0001198650961
0.0001167980579
0.0001137390417
0.0001107212463
0.0001077671465
0.000104890997
0.0001021009481
9.940075467e-05
9.679110906e-05
9.427064974e-05
9.183670431e-05
8.94858239e-05
8.721415805e-05
8.501771076e-05
8.289251009e-05
8.083471565e-05
7.884068278e-05
7.690699662e-05
7.503048615e-05
7.320822474e-05
7.143752272e-05
6.971591426e-05
6.804114117e-05
6.641113659e-05
6.482400809e-05
6.327802078e-05
6.17715815e-05
6.0303224e-05
5.887159539e-05
5.747544376e-05
5.611360698e-05
5.478500273e-05
5.348861951e-05
5.222350874e-05
5.098877776e-05
4.97835836e-05
4.860712766e-05
4.745865085e-05
4.633742952e-05
4.524277183e-05
4.417401457e-05
4.313052045e-05
4.211167572e-05
4.111688808e-05
4.014558493e-05
3.919721175e-05
3.82712308e-05
3.736711993e-05
3.648437153e-05
3.562249167e-05
3.478099929e-05
3.395942556e-05
3.315731324e-05
3.237421614e-05
3.160969873e-05
3.086333563e-05
3.013471132e-05
2.942341978e-05
2.872906419e-05
2.805125672e-05
2.738961825e-05
2.674377821e-05
2.611337438e-05
2.549805281e-05
2.489746766e-05
2.431128119e-05
2.373916373e-05
2.318079375e-05
2.263585797e-05
2.210405163e-05
2.158507879e-05
2.107865284e-05
2.058449716e-05
2.010234598e-05
1.96319455e-05
1.917305525e-05
1.872544978e-05
1.828892068e-05
1.786327887e-05
1.744835728e-05
1.704401386e-05
1.665013469e-05
1.626663742e-05
1.589347462e-05
1.553063704e-05
1.517815656e-05
1.483610858e-05
1.450461357e-05
1.418383768e-05
1.387399176e-05
1.35753289e-05
1.328814e-05
1.30127473e-05
1.274949574e-05
1.24987422e-05
1.226084257e-05
1.203613713e-05
1.182493449e-05
1.162749467e-05
1.144401212e-05
1.127459928e-05
1.111927179e-05
1.097793608e-05
1.08503803e-05
1.073626929e-05
1.063514424e-05
1.054642734e-05
1.046943139e-05
1.040337536e-05
1.034740444e-05
1.030061003e-05
1.026205399e-05
1.023079368e-05
1.020590652e-05
1.018651286e-05
1.017179358e-05
1.01609834e-05
1.015340082e-05
1.014845417e-05
1.014563991e-05
1.014453702e-05
1.014479871e-05
1.014614283e-05
1.014834205e-05
1.015121468e-05
1.015461673e-05
1.01584352e-05
1.016257997e-05
1.016696026e-05
1.017148774e-05
1.017608235e-05
1.018067118e-05
1.018518889e-05
1.018957828e-05
1.019379089e-05
1.01977874e-05
1.020153798e-05
1.020502229e-05
1.020822914e-05
1.021115576e-05
1.021380672e-05
1.021619257e-05
1.021832836e-05
1.022023213e-05
1.022192271e-05
1.022341912e-05
1.022474028e-05
1.022590428e-05
1.022692789e-05
1.022782643e-05
1.022861352e-05
1.02293014e-05
1.022990136e-05
1.0230424e-05
1.023087927e-05
1.023127643e-05
1.023162393e-05
1.023192931e-05
1.023219921e-05
1.023243934e-05
1.023265464e-05
1.023284936e-05
1.023302723e-05
1.023319152e-05
1.023334525e-05
1.023349119e-05
1.023363203e-05
1.023377039e-05
1.023390856e-05
1.023404849e-05
1.023419165e-05
1.023433882e-05
1.023449028e-05
1.023464592e-05
1.023480526e-05
1.023496763e-05
1.023513221e-05
1.023529817e-05
1.023546471e-05
1.02356311e-05
1.023579673e-05
1.023596108e-05
1.023612376e-05
1.023628445e-05
1.023644293e-05
1.023659902e-05
1.02367526e-05
1.023690355e-05
1.023705173e-05
1.023719692e-05
1.023733863e-05
1.02374758e-05
1.023760571e-05
1.023772138e-05
1.023780428e-05
)
;

boundaryField
{
    outlet
    {
        type            inletOutlet;
        inletValue      uniform 0;
        value           nonuniform List<scalar> 10(1.02378269e-05 1.023787462e-05 1.023794235e-05 1.023802464e-05 1.023811481e-05 1.023820492e-05 1.023828612e-05 1.023834908e-05 1.023838471e-05 1.023780428e-05);
    }
    inlet
    {
        type            fixedValue;
        value           uniform 0;
    }
    front
    {
        type            wedge;
    }
    wall
    {
        type            zeroGradient;
    }
    back
    {
        type            wedge;
    }
}


// ************************************************************************* //
