/*--------------------------------*- C++ -*----------------------------------*\
| =========                 |                                                 |
| \\      /  F ield         | OpenFOAM: The Open Source CFD Toolbox           |
|  \\    /   O peration     | Version:  2212                                  |
|   \\  /    A nd           | Website:  www.openfoam.com                      |
|    \\/     M anipulation  |                                                 |
\*---------------------------------------------------------------------------*/
FoamFile
{
    version     2.0;
    format      ascii;
    arch        "LSB;label=32;scalar=64";
    class       volScalarField;
    location    "30.00000000";
    object      C3H6_0;
}
// * * * * * * * * * * * * * * * * * * * * * * * * * * * * * * * * * * * * * //

dimensions      [0 0 0 0 0 0 0];

internalField   nonuniform List<scalar> 
3000
(
4.173506256e-22
4.688745129e-22
5.466269616e-22
6.502450834e-22
7.786808553e-22
9.284518593e-22
1.090538313e-21
1.24521683e-21
1.354588434e-21
1.567075806e-21
1.767648435e-21
2.070194888e-21
2.474282453e-21
2.979529424e-21
3.583171849e-21
4.274722267e-21
5.019438759e-21
5.678928255e-21
3.510910004e-21
3.991457694e-21
4.723241056e-21
5.716898079e-21
6.99032849e-21
8.562072163e-21
1.042586714e-20
1.247725344e-20
1.422990577e-20
6.689226265e-21
7.684594881e-21
9.222599776e-21
1.135539015e-20
1.415863304e-20
1.77037025e-20
2.19712224e-20
2.662001115e-20
3.037197664e-20
1.18829004e-20
1.381895494e-20
1.685759972e-20
2.115346062e-20
2.690886036e-20
3.428546049e-20
4.316007051e-20
5.258569636e-20
5.982158473e-20
2.044306792e-20
2.407870337e-20
2.986674153e-20
3.817720915e-20
4.945410211e-20
6.398206228e-20
8.132761459e-20
9.930402745e-20
1.126049737e-19
3.472433219e-20
4.140657148e-20
5.216895008e-20
6.779619587e-20
8.915994014e-20
1.166866008e-19
1.492387845e-19
1.823167302e-19
2.061875988e-19
5.88017946e-20
7.090212158e-20
9.05641252e-20
1.193345942e-19
1.588205614e-19
2.095932994e-19
2.691074852e-19
3.287013058e-19
3.709889239e-19
9.9741021e-20
1.214198385e-19
1.568726574e-19
2.090092019e-19
2.806867698e-19
3.725965203e-19
4.795484106e-19
5.855238797e-19
6.598893899e-19
1.697818882e-19
2.083106053e-19
2.716020051e-19
3.649668688e-19
4.93384888e-19
6.575938093e-19
8.475940287e-19
1.034463113e-18
1.164610604e-18
2.901416257e-19
3.582010751e-19
4.703387139e-19
6.360529549e-19
8.639201884e-19
1.15454696e-18
1.48934508e-18
1.816908205e-18
2.043928236e-18
4.976110962e-19
6.172833069e-19
8.148386411e-19
1.107027128e-18
1.508491878e-18
2.019270361e-18
2.605563183e-18
3.17709042e-18
3.572287657e-18
8.560356537e-19
1.065773131e-18
1.412420784e-18
1.925241076e-18
2.629027987e-18
3.522044445e-18
4.543269964e-18
5.535827403e-18
6.224725596e-18
1.476290564e-18
1.843138875e-18
2.449991855e-18
3.347846728e-18
4.578551249e-18
6.135189391e-18
7.904707822e-18
9.611796983e-18
1.082999057e-17
2.550934806e-18
3.191935303e-18
4.253422339e-18
5.825132989e-18
7.979639429e-18
1.06993713e-17
1.376025043e-17
1.6569111e-17
1.887452441e-17
4.413960675e-18
5.532998212e-18
7.388542124e-18
1.014107445e-17
1.392697974e-17
1.874501008e-17
2.429809655e-17
2.984675251e-17
3.331566637e-17
7.643858762e-18
9.594096336e-18
1.282986549e-17
1.763175926e-17
2.423526412e-17
3.262385708e-17
4.222087285e-17
5.152547793e-17
5.784236917e-17
1.32437739e-17
1.663754445e-17
2.226951538e-17
3.06265199e-17
4.211183662e-17
5.668183037e-17
7.331228053e-17
8.93968112e-17
1.004064356e-16
2.295445768e-17
2.885483984e-17
3.864759283e-17
5.317737762e-17
7.313964915e-17
9.844959135e-17
1.273215199e-16
1.552373209e-16
1.74358669e-16
3.97970526e-17
5.005022561e-17
6.706893722e-17
9.231991439e-17
1.270073312e-16
1.70977198e-16
2.211226732e-16
2.695977546e-16
3.027975881e-16
6.901509585e-17
8.682692151e-17
1.163945917e-16
1.602657059e-16
2.205279739e-16
2.969061839e-16
3.839960378e-16
4.681680354e-16
5.258055505e-16
1.197102045e-16
1.506471385e-16
2.020062916e-16
2.782121552e-16
3.828851002e-16
5.155356944e-16
6.667653536e-16
8.129010532e-16
9.129540332e-16
2.07682793e-16
2.614099472e-16
3.50608048e-16
4.829593273e-16
6.64741419e-16
8.950859471e-16
1.157651517e-15
1.411329248e-15
1.584993746e-15
3.603657187e-16
4.536651744e-16
6.085648706e-16
8.383995743e-16
1.154052071e-15
1.553983199e-15
2.00978546e-15
2.450093102e-15
2.751487481e-15
6.253928856e-16
7.874052759e-16
1.056383051e-15
1.455463889e-15
2.003505863e-15
2.697780314e-15
3.488916954e-15
4.253036981e-15
4.776035679e-15
1.085477357e-15
1.366802023e-15
1.83384578e-15
2.526736066e-15
3.478126036e-15
4.683158879e-15
6.056035228e-15
7.381769117e-15
8.28904015e-15
1.884242645e-15
2.37273491e-15
3.183641511e-15
4.38651002e-15
6.037817551e-15
8.128852787e-15
1.051047649e-14
1.280968291e-14
1.438279247e-14
3.271056789e-15
4.119246422e-15
5.527063851e-15
7.614935333e-15
1.048038269e-14
1.410762416e-14
1.823734273e-14
2.222260169e-14
2.494838811e-14
5.678771495e-15
7.151412333e-15
9.595186358e-15
1.32183562e-14
1.818892295e-14
2.447791943e-14
3.163425548e-14
3.853645465e-14
4.325501482e-14
9.858369274e-15
1.241481394e-14
1.665586968e-14
2.294108512e-14
3.155894866e-14
4.245541648e-14
5.484531283e-14
6.678590919e-14
7.494307727e-14
1.711178976e-14
2.154846615e-14
2.890581076e-14
3.980311487e-14
5.473359798e-14
7.359456608e-14
9.50182898e-14
1.156427201e-13
1.297180031e-13
2.969361586e-14
3.738987767e-14
5.014570651e-14
6.902445663e-14
9.486441838e-14
1.274667458e-13
1.644469418e-13
1.999947284e-13
2.242206444e-13
5.150208673e-14
6.484308362e-14
8.693874987e-14
1.196073895e-13
1.642627085e-13
2.205128913e-13
2.841974616e-13
3.452941818e-13
3.868531948e-13
8.926354463e-14
1.123644917e-13
1.505892749e-13
2.070304022e-13
2.840477025e-13
3.808579415e-13
4.901975439e-13
5.948235072e-13
6.658154944e-13
1.545538057e-13
1.944937454e-13
2.605030066e-13
3.578047808e-13
4.902861542e-13
6.563659158e-13
8.433610105e-13
1.021707071e-12
1.14233768e-12
2.672300349e-13
3.36139282e-13
4.498548551e-13
6.17121084e-13
8.442314095e-13
1.127979127e-12
1.446231736e-12
1.74852602e-12
1.952191007e-12
4.612226116e-13
5.79785482e-13
7.750728303e-13
1.061562734e-12
1.449219907e-12
1.93154796e-12
2.469992264e-12
2.978909615e-12
3.320160862e-12
7.942435152e-13
9.975181907e-13
1.33156261e-12
1.820022034e-12
2.478221288e-12
3.293083927e-12
4.197667686e-12
5.047656876e-12
5.614452545e-12
1.363935548e-12
1.710912919e-12
2.279511427e-12
3.107705017e-12
4.218165804e-12
5.584869055e-12
7.092179903e-12
8.499006447e-12
9.431194612e-12
2.334507686e-12
2.923604378e-12
3.885751178e-12
5.280701829e-12
7.140246822e-12
9.413392041e-12
1.190183938e-11
1.420689675e-11
1.572359113e-11
3.980254243e-12
4.974050448e-12
6.590837599e-12
8.922347647e-12
1.200974e-11
1.575498362e-11
1.982124028e-11
2.355680094e-11
2.599622776e-11
6.75592911e-12
8.42001667e-12
1.111511888e-11
1.497790921e-11
2.005489843e-11
2.61617059e-11
3.273279346e-11
3.871645998e-11
4.259305946e-11
1.140926757e-11
1.417216232e-11
1.86241384e-11
2.496151125e-11
3.322268767e-11
4.30690561e-11
5.356388352e-11
6.303321438e-11
6.911837239e-11
1.915869879e-11
2.370247064e-11
3.098288758e-11
4.126930399e-11
5.456017899e-11
7.024909508e-11
8.680766131e-11
1.016094983e-10
1.110443918e-10
3.197031871e-11
3.936495277e-11
5.114099517e-11
6.764648073e-11
8.877519358e-11
1.134686561e-10
1.392728062e-10
1.62126474e-10
1.76578288e-10
5.298350866e-11
6.488206024e-11
8.370790683e-11
1.098739297e-10
1.430494163e-10
1.814335438e-10
2.211504756e-10
2.560100331e-10
2.778863972e-10
8.715539078e-11
1.06071777e-10
1.357997409e-10
1.767644133e-10
2.282031349e-10
2.871276016e-10
3.475165914e-10
4.000649232e-10
4.328059557e-10
1.422220796e-10
1.719189893e-10
2.182694951e-10
2.815900343e-10
3.603449023e-10
4.496920607e-10
5.404263247e-10
6.187431413e-10
6.672159974e-10
2.301114024e-10
2.7613261e-10
3.474720085e-10
4.441049364e-10
5.631843828e-10
6.970381878e-10
8.318073124e-10
9.472636617e-10
1.018290501e-09
3.689903703e-10
4.393803288e-10
5.477681594e-10
6.933835928e-10
8.712465099e-10
1.06944904e-09
1.267422622e-09
1.435864965e-09
1.538919839e-09
5.861957747e-10
6.924607984e-10
8.550447686e-10
1.071771801e-09
1.334306686e-09
1.624511825e-09
1.912262602e-09
2.155560083e-09
2.303674776e-09
9.223848297e-10
1.080766226e-09
1.321626005e-09
1.640353882e-09
2.023480408e-09
2.443842935e-09
2.857852103e-09
3.205913447e-09
3.416865611e-09
1.437364155e-09
1.670517478e-09
2.023090519e-09
2.48648795e-09
3.039559455e-09
3.642236477e-09
4.232162159e-09
4.725548048e-09
5.023370044e-09
2.218219646e-09
2.557433635e-09
3.067703315e-09
3.734170078e-09
4.524413969e-09
5.380172176e-09
6.213136969e-09
6.906469862e-09
7.323422733e-09
3.390389071e-09
3.878474065e-09
4.609164018e-09
5.558097595e-09
6.67664394e-09
7.881093538e-09
9.047492198e-09
1.001413911e-08
1.059346132e-08
5.132882078e-09
5.828025159e-09
6.864238683e-09
8.203144644e-09
9.773100067e-09
1.145518865e-08
1.307689157e-08
1.441592841e-08
1.521623124e-08
7.699101607e-09
8.680049067e-09
1.013682281e-08
1.201085117e-08
1.419837316e-08
1.653236335e-08
1.8774712e-08
2.062150191e-08
2.172358722e-08
1.144509105e-08
1.281807681e-08
1.485057858e-08
1.745561953e-08
2.04853984e-08
2.370794942e-08
2.679697322e-08
2.933785626e-08
3.085343267e-08
1.686770997e-08
1.877593781e-08
2.159356161e-08
2.519456806e-08
2.937171002e-08
3.380584048e-08
3.805130263e-08
4.154166523e-08
4.362332699e-08
2.465691949e-08
2.729383963e-08
3.118006601e-08
3.613690763e-08
4.187731295e-08
4.796413681e-08
5.378821841e-08
5.857463871e-08
6.142877591e-08
3.576880825e-08
3.939689162e-08
4.473712661e-08
5.153993703e-08
5.940997881e-08
6.774838865e-08
7.572191083e-08
8.227178091e-08
8.617652895e-08
5.152845099e-08
5.650476859e-08
6.3823241e-08
7.313755655e-08
8.390365285e-08
9.530121731e-08
1.061924705e-07
1.151347009e-07
1.204644797e-07
7.376991938e-08
8.057845549e-08
9.058416747e-08
1.033074852e-07
1.18000658e-07
1.335426475e-07
1.483842575e-07
1.605646395e-07
1.678233077e-07
1.050160164e-07
1.143079722e-07
1.279535085e-07
1.452904417e-07
1.652943619e-07
1.864381441e-07
2.066180142e-07
2.231743134e-07
2.330401346e-07
1.487063615e-07
1.613538032e-07
1.79914987e-07
2.034798703e-07
2.306507789e-07
2.59353961e-07
2.867388754e-07
3.092032991e-07
3.225904799e-07
2.094931863e-07
2.266617791e-07
2.51845433e-07
2.838006836e-07
3.206289938e-07
3.595228947e-07
3.96627144e-07
4.270672979e-07
4.452112183e-07
2.936225328e-07
3.168681154e-07
3.509550261e-07
3.941950644e-07
4.440215635e-07
4.966454968e-07
5.468612998e-07
5.880753177e-07
6.126519213e-07
4.09413502e-07
4.408076874e-07
4.868391702e-07
5.452318981e-07
6.125340555e-07
6.836492204e-07
7.515600026e-07
8.073463642e-07
8.40640061e-07
5.678444266e-07
6.101349632e-07
6.721519899e-07
7.508502048e-07
8.416147094e-07
9.376175719e-07
1.029416954e-06
1.104942078e-06
1.150079119e-06
7.832485681e-07
8.400591343e-07
9.234012551e-07
1.029233967e-06
1.151428382e-06
1.280879445e-06
1.404914416e-06
1.507197252e-06
1.568459552e-06
1.074110156e-06
1.150181291e-06
1.261847752e-06
1.403794322e-06
1.567941136e-06
1.742212687e-06
1.909655084e-06
2.048173965e-06
2.131399279e-06
1.463934799e-06
1.565401837e-06
1.714467806e-06
1.904203975e-06
2.124041395e-06
2.358063766e-06
2.583687049e-06
2.771090738e-06
2.884159195e-06
1.982146712e-06
2.116840954e-06
2.314906072e-06
2.567387875e-06
2.860569883e-06
3.173614264e-06
3.476605255e-06
3.729470944e-06
3.88284117e-06
2.66493969e-06
2.842685164e-06
3.104309067e-06
3.438327718e-06
3.827069493e-06
4.243444043e-06
4.64809743e-06
4.987480496e-06
5.194371062e-06
3.555979848e-06
3.78884033e-06
4.131892056e-06
4.570493811e-06
5.082023879e-06
5.631513347e-06
6.167507135e-06
6.618943432e-06
6.895379645e-06
4.706824178e-06
5.009235246e-06
5.455053565e-06
6.025680182e-06
6.692313597e-06
7.409990623e-06
8.111950303e-06
8.705108776e-06
9.069687719e-06
6.176884066e-06
6.565586218e-06
7.138828723e-06
7.872993962e-06
8.731400296e-06
9.656624253e-06
1.056298304e-05
1.133036288e-05
1.180318523e-05
8.032738798e-06
8.526395764e-06
9.254301977e-06
1.01864129e-05
1.127617748e-05
1.245072905e-05
1.360145595e-05
1.457617539e-05
1.517731697e-05
1.034630979e-05
1.096462373e-05
1.187567533e-05
1.304119416e-05
1.440219248e-05
1.586720655e-05
1.730059479e-05
1.851329314e-05
1.926071049e-05
1.319179209e-05
1.395423571e-05
1.507613e-05
1.650871183e-05
1.817773669e-05
1.996960836e-05
2.171786035e-05
2.319283094e-05
2.409988296e-05
1.664124615e-05
1.756527166e-05
1.892221242e-05
2.065008432e-05
2.265630031e-05
2.480168913e-05
2.688606184e-05
2.863709739e-05
2.970999928e-05
2.075854389e-05
2.185732341e-05
2.346659036e-05
2.550837216e-05
2.786840213e-05
3.037912958e-05
3.280484553e-05
3.483127285e-05
3.606683642e-05
2.559187306e-05
2.687184155e-05
2.874032794e-05
3.110034217e-05
3.381324957e-05
3.668127747e-05
3.943339187e-05
4.171698068e-05
4.310100916e-05
3.11651175e-05
3.262348994e-05
3.474418788e-05
3.740863937e-05
4.04517552e-05
4.364524512e-05
4.668560346e-05
4.918867911e-05
5.069515888e-05
3.746891535e-05
3.909160561e-05
4.144084474e-05
4.437470385e-05
4.770092588e-05
5.116239405e-05
5.442848918e-05
5.709338741e-05
5.868403548e-05
4.445244823e-05
4.621281307e-05
4.874883019e-05
5.189472247e-05
5.543211625e-05
5.907891548e-05
6.248502473e-05
6.523484273e-05
6.68566718e-05
5.201721195e-05
5.387599666e-05
5.653933293e-05
5.981884355e-05
6.34732319e-05
6.720147117e-05
7.064362418e-05
7.339104913e-05
7.499942217e-05
6.001402752e-05
6.192075957e-05
6.463675359e-05
6.795435605e-05
7.161519687e-05
7.530760637e-05
7.86815452e-05
8.1349832e-05
8.289939733e-05
6.824431793e-05
7.014024612e-05
7.282360008e-05
7.607266401e-05
7.962416885e-05
8.317256638e-05
8.638198713e-05
8.889548423e-05
9.034279047e-05
7.64664251e-05
7.828945902e-05
8.085476585e-05
8.393795341e-05
8.72766105e-05
9.057805539e-05
9.353203375e-05
9.58214952e-05
9.712788925e-05
8.442967659e-05
8.612527237e-05
8.84966214e-05
9.132324742e-05
9.435339723e-05
9.731625996e-05
9.993632777e-05
0.0001019440333
0.0001030783568
9.189205702e-05
9.341089908e-05
9.552070653e-05
9.801255274e-05
0.0001006540839
0.0001032046154
0.0001054303396
0.0001071139359
0.0001080544151
9.862358899e-05
9.992551893e-05
0.0001017200308
0.0001038170719
0.0001060112248
0.0001080984155
0.0001098909601
0.0001112255748
0.0001119606814
0.0001044247263
0.0001054817501
0.000106924898
0.0001085891807
0.0001103019071
0.0001118998256
0.0001132431412
0.0001142216363
0.0001147499026
0.0001091422398
0.0001099400984
0.0001110152582
0.0001122322786
0.0001134548393
0.0001145622819
0.0001154619728
0.0001160934984
0.0001164224349
0.000112680019
0.0001132181661
0.0001139277163
0.0001147052606
0.0001154522208
0.0001160899887
0.0001165702706
0.0001168775201
0.000117021888
0.0001150033248
0.0001152934646
0.0001156564312
0.0001160213078
0.0001163265072
0.0001165329708
0.0001166323712
0.0001166480644
0.0001166278107
0.0001161363167
0.0001161998885
0.0001162482515
0.0001162416448
0.0001161529618
0.000115978733
0.0001157452554
0.0001155083932
0.0001153465402
0.0001161538718
0.0001160189819
0.000115793343
0.0001154656132
0.0001150393881
0.0001145419173
0.0001140283511
0.0001135807146
0.0001133014434
0.000115169561
0.0001148678777
0.0001144131826
0.0001138188851
0.0001131147541
0.0001123534879
0.0001116133391
0.0001109965429
0.0001106236204
0.0001133220442
0.0001128860374
0.0001122478435
0.0001114414878
0.0001105181084
0.0001095506062
0.0001086349338
0.0001078882006
0.0001074438201
0.0001107617994
0.0001102225702
0.0001094441625
0.0001084770121
0.000107388927
0.0001062681013
0.0001052233449
0.0001043820282
0.0001038860614
0.0001076396906
0.0001070254792
0.000106145927
0.0001050639026
0.0001038595585
0.0001026320071
0.0001014987394
0.0001005935205
0.0001000631316
0.0001040982047
0.0001034335417
0.0001024866289
0.0001013292106
0.0001000499914
9.875525862e-05
9.756770325e-05
9.662433353e-05
9.607388054e-05
0.000100265577
9.957096807e-05
9.858483678e-05
9.738476351e-05
9.606481438e-05
9.473536209e-05
9.352148109e-05
9.256092081e-05
9.200206295e-05
9.625257431e-05
9.554457658e-05
9.454188577e-05
9.332542284e-05
9.199202556e-05
9.065368428e-05
8.943564364e-05
8.847445674e-05
8.791639048e-05
9.215144178e-05
9.144299187e-05
9.044140439e-05
8.922896388e-05
8.790324849e-05
8.657594726e-05
8.537078807e-05
8.442167462e-05
8.387144173e-05
8.803643097e-05
8.733731048e-05
8.635015139e-05
8.515708502e-05
8.385488461e-05
8.255350401e-05
8.137390726e-05
8.044629123e-05
7.990910812e-05
8.396533555e-05
8.328267921e-05
8.231964319e-05
8.115708293e-05
7.988983368e-05
7.862507535e-05
7.748012167e-05
7.658072612e-05
7.60603051e-05
7.998156586e-05
7.932035942e-05
7.838819911e-05
7.72638644e-05
7.603945377e-05
7.481865309e-05
7.371452688e-05
7.284790362e-05
7.234674738e-05
7.611641878e-05
7.547995066e-05
7.458309756e-05
7.350201878e-05
7.232554106e-05
7.115338647e-05
7.009399608e-05
6.926299049e-05
6.87826503e-05
7.239129918e-05
7.178154975e-05
7.092264755e-05
6.988778524e-05
6.876218594e-05
6.764133046e-05
6.662883417e-05
6.583497908e-05
6.537627363e-05
6.881975001e-05
6.823771446e-05
6.741806075e-05
6.643081748e-05
6.535742521e-05
6.428899049e-05
6.332422978e-05
6.256806997e-05
6.213126589e-05
6.54092203e-05
6.485516866e-05
6.407507044e-05
6.313570256e-05
6.211465665e-05
6.109863814e-05
6.018148619e-05
5.946283973e-05
5.904779732e-05
6.216254989e-05
6.163623152e-05
6.089528474e-05
6.000322624e-05
5.90338132e-05
5.806939934e-05
5.719903586e-05
5.651720054e-05
5.612348915e-05
5.907918088e-05
5.857998209e-05
5.787728727e-05
5.703139967e-05
5.611231319e-05
5.519813229e-05
5.437325647e-05
5.372717013e-05
5.335415791e-05
5.615612267e-05
5.568318613e-05
5.50175118e-05
5.421627391e-05
5.334581241e-05
5.248012061e-05
5.169911355e-05
5.108747658e-05
5.073439931e-05
5.338870505e-05
5.294101881e-05
5.231092348e-05
5.155257308e-05
5.07287876e-05
4.990960976e-05
4.917065649e-05
4.8592024e-05
4.825803696e-05
5.077115474e-05
5.034761759e-05
4.975153941e-05
4.903417755e-05
4.825498069e-05
4.748021437e-05
4.678139399e-05
4.623424411e-05
4.591846051e-05
4.829702911e-05
4.789649776e-05
4.733281928e-05
4.665448578e-05
4.591773059e-05
4.518522151e-05
4.452457267e-05
4.400735616e-05
4.370887519e-05
4.595953624e-05
4.558085883e-05
4.504795296e-05
4.440667995e-05
4.371021609e-05
4.301781173e-05
4.239337928e-05
4.190455483e-05
4.162248158e-05
4.375176663e-05
4.339380585e-05
4.289006776e-05
4.228391684e-05
4.162562944e-05
4.097121626e-05
4.038108346e-05
3.991914223e-05
3.965260152e-05
4.16668568e-05
4.132850555e-05
4.085237403e-05
4.027946123e-05
3.965729697e-05
3.903882529e-05
3.848113547e-05
3.804461732e-05
3.779276288e-05
3.969810155e-05
3.937829291e-05
3.892826416e-05
3.838677589e-05
3.779875967e-05
3.721425954e-05
3.66872297e-05
3.62747335e-05
3.603675372e-05
3.783902768e-05
3.753674089e-05
3.71113767e-05
3.659957933e-05
3.604382408e-05
3.549141445e-05
3.499334308e-05
3.460353257e-05
3.437865383e-05
3.608343979e-05
3.579770343e-05
3.539563537e-05
3.491187978e-05
3.438659122e-05
3.386448435e-05
3.339375524e-05
3.302536173e-05
3.281284981e-05
3.442544481e-05
3.415533778e-05
3.377526848e-05
3.331799171e-05
3.282146984e-05
3.232797261e-05
3.188305563e-05
3.153487844e-05
3.133403868e-05
3.285946189e-05
3.260411316e-05
3.224481606e-05
3.181254069e-05
3.134317891e-05
3.08766916e-05
3.045614142e-05
3.012704677e-05
2.993722342e-05
3.13802231e-05
3.113881058e-05
3.079912806e-05
3.039045989e-05
2.994674234e-05
2.950575589e-05
2.910820946e-05
2.879712838e-05
2.861770333e-05
2.998276675e-05
2.975451535e-05
2.94333561e-05
2.90469809e-05
2.862747888e-05
2.821057126e-05
2.783474438e-05
2.754066993e-05
2.737106109e-05
2.866242607e-05
2.844660555e-05
2.814294141e-05
2.777762116e-05
2.738098895e-05
2.698682091e-05
2.663150432e-05
2.635348856e-05
2.6193148e-05
2.741481535e-05
2.721073791e-05
2.692360058e-05
2.657816936e-05
2.620313976e-05
2.583045034e-05
2.549450566e-05
2.523165629e-05
2.508006838e-05
2.623581462e-05
2.604283252e-05
2.577131008e-05
2.544466997e-05
2.509004974e-05
2.47376517e-05
2.442000721e-05
2.417148433e-05
2.402816379e-05
2.512155383e-05
2.493905696e-05
2.468229051e-05
2.437340745e-05
2.403807286e-05
2.370484818e-05
2.340449476e-05
2.316950763e-05
2.303399763e-05
2.40683971e-05
2.389581065e-05
2.365299102e-05
2.336089084e-05
2.304378328e-05
2.272867884e-05
2.244466601e-05
2.222246991e-05
2.20943403e-05
2.307292742e-05
2.290970966e-05
2.268007424e-05
2.240383887e-05
2.210396075e-05
2.180598416e-05
2.153741637e-05
2.132730968e-05
2.120615522e-05
2.213193205e-05
2.197757221e-05
2.176040198e-05
2.149916589e-05
2.121557671e-05
2.093379248e-05
2.067982552e-05
2.048114694e-05
2.036658572e-05
2.124238873e-05
2.109640502e-05
2.089102183e-05
2.064396862e-05
2.037578138e-05
2.010930721e-05
1.986914498e-05
1.968127091e-05
1.957294285e-05
2.040145286e-05
2.026339067e-05
2.006915456e-05
1.983551391e-05
1.958189165e-05
1.93298951e-05
1.910278651e-05
1.892512866e-05
1.882269409e-05
1.960644556e-05
1.947587571e-05
1.929218258e-05
1.907122731e-05
1.883137999e-05
1.85930753e-05
1.837831143e-05
1.821031458e-05
1.811345297e-05
1.885484265e-05
1.873135981e-05
1.855763914e-05
1.834868256e-05
1.812186411e-05
1.789650933e-05
1.76934208e-05
1.753456073e-05
1.744296946e-05
1.814426442e-05
1.80274857e-05
1.786319852e-05
1.766559187e-05
1.745109754e-05
1.723799178e-05
1.704594631e-05
1.689572792e-05
1.680912118e-05
1.747246636e-05
1.736202986e-05
1.720666684e-05
1.701979707e-05
1.681696087e-05
1.661544185e-05
1.643384202e-05
1.62917975e-05
1.620990529e-05
1.683733044e-05
1.673289408e-05
1.658597371e-05
1.640926131e-05
1.621745372e-05
1.602689546e-05
1.585517662e-05
1.572086384e-05
1.564343099e-05
1.623685721e-05
1.613809752e-05
1.599916454e-05
1.583206158e-05
1.565068739e-05
1.547049805e-05
1.530812637e-05
1.518112739e-05
1.510791269e-05
1.566915848e-05
1.557576954e-05
1.544439336e-05
1.528638163e-05
1.511487798e-05
1.494449788e-05
1.479096858e-05
1.467088819e-05
1.46016636e-05
1.513245054e-05
1.504414295e-05
1.491991629e-05
1.477050563e-05
1.46083401e-05
1.444723989e-05
1.430207554e-05
1.418854001e-05
1.412308984e-05
1.462504794e-05
1.454154789e-05
1.442408543e-05
1.428281212e-05
1.412948104e-05
1.397715998e-05
1.383990898e-05
1.373256477e-05
1.367068505e-05
1.414535766e-05
1.40664061e-05
1.395534323e-05
1.382176851e-05
1.367679536e-05
1.353277968e-05
1.340301479e-05
1.330152748e-05
1.324302526e-05
1.369187378e-05
1.361722555e-05
1.351221727e-05
1.338592596e-05
1.324885984e-05
1.311270128e-05
1.299001827e-05
1.289407146e-05
1.283876418e-05
1.326317246e-05
1.319259556e-05
1.309331536e-05
1.297391458e-05
1.284432879e-05
1.271560319e-05
1.259961959e-05
1.25089139e-05
1.245662886e-05
1.285790731e-05
1.279118215e-05
1.269732103e-05
1.258443896e-05
1.246192973e-05
1.234023569e-05
1.223058956e-05
1.214484174e-05
1.209541553e-05
1.247480499e-05
1.241172376e-05
1.232298927e-05
1.221627403e-05
1.210045922e-05
1.198541691e-05
1.188176577e-05
1.180070776e-05
1.175398575e-05
1.211266122e-05
1.205302722e-05
1.196914259e-05
1.186826114e-05
1.17587791e-05
1.165002905e-05
1.15520488e-05
1.147542698e-05
1.143126287e-05
1.177033691e-05
1.171396398e-05
1.163466725e-05
1.153930441e-05
1.14358129e-05
1.133301493e-05
1.124039887e-05
1.116797322e-05
1.112622857e-05
1.144675462e-05
1.139346657e-05
1.131850982e-05
1.122836729e-05
1.113054242e-05
1.10333746e-05
1.094583251e-05
1.087737592e-05
1.083791973e-05
1.11408952e-05
1.109052529e-05
1.101967387e-05
1.093446936e-05
1.08420046e-05
1.07501623e-05
1.066741954e-05
1.06027171e-05
1.056542543e-05
1.085179462e-05
1.080418502e-05
1.073721689e-05
1.065668325e-05
1.056928854e-05
1.048248348e-05
1.040428017e-05
1.034312855e-05
1.030788411e-05
1.057854099e-05
1.053354237e-05
1.047024739e-05
1.039413181e-05
1.031153266e-05
1.022949206e-05
1.01555823e-05
1.009778909e-05
1.006448093e-05
1.032027179e-05
1.027774281e-05
1.021792213e-05
1.014598538e-05
1.006792208e-05
9.990387814e-06
9.920538944e-06
9.865922103e-06
9.834445231e-06
1.007617115e-05
1.003597809e-05
9.979443548e-06
9.911459277e-06
9.837686056e-06
9.764413923e-06
9.698405811e-06
9.646793109e-06
9.617048204e-06
9.845467433e-06
9.80748375e-06
9.754057312e-06
9.689811342e-06
9.620095691e-06
9.550854632e-06
9.488479014e-06
9.439707513e-06
9.411600614e-06
9.627430814e-06
9.591536784e-06
9.541050003e-06
9.480339701e-06
9.414461637e-06
9.349033061e-06
9.290092914e-06
9.244008473e-06
9.217450695e-06
9.42137106e-06
9.387453413e-06
9.339746927e-06
9.282380591e-06
9.220132006e-06
9.158309122e-06
9.102618067e-06
9.059074878e-06
9.033982142e-06
9.22663542e-06
9.194587e-06
9.14951005e-06
9.09530633e-06
9.036490358e-06
8.978077557e-06
8.925459295e-06
8.884319441e-06
8.86061222e-06
9.042606624e-06
9.012326064e-06
8.969736039e-06
8.918523393e-06
8.862953819e-06
8.807766076e-06
8.758053855e-06
8.719186889e-06
8.696789969e-06
8.868700991e-06
8.840092409e-06
8.799854416e-06
8.751470588e-06
8.698971283e-06
8.646833602e-06
8.599869711e-06
8.563152264e-06
8.541994512e-06
8.704366642e-06
8.67733935e-06
8.639325808e-06
8.59361734e-06
8.544021728e-06
8.494768609e-06
8.4504039e-06
8.415719306e-06
8.395733454e-06
8.549081811e-06
8.523550044e-06
8.487640296e-06
8.444462061e-06
8.397612617e-06
8.351087556e-06
8.309180996e-06
8.276418936e-06
8.257541381e-06
8.40235325e-06
8.378235904e-06
8.344315854e-06
8.303530623e-06
8.259278395e-06
8.215333413e-06
8.175751651e-06
8.144807824e-06
8.126978431e-06
8.263714727e-06
8.240935117e-06
8.208896887e-06
8.170374911e-06
8.128579073e-06
8.087074268e-06
8.04969124e-06
8.020467045e-06
8.003628971e-06
8.132725614e-06
8.111211241e-06
8.080952847e-06
8.044571471e-06
8.005098901e-06
7.965902031e-06
7.930598581e-06
7.903000825e-06
7.887100344e-06
8.008969556e-06
7.988651896e-06
7.960076945e-06
7.925720241e-06
7.888445127e-06
7.851431218e-06
7.818094744e-06
7.792035366e-06
7.777021715e-06
7.892053243e-06
7.87286754e-06
7.845884946e-06
7.813443377e-06
7.778246846e-06
7.743297825e-06
7.711821953e-06
7.687217767e-06
7.673042997e-06
7.781605252e-06
7.763490335e-06
7.738014057e-06
7.707384155e-06
7.674153935e-06
7.641158295e-06
7.611442573e-06
7.588215034e-06
7.574833873e-06
7.677274996e-06
7.660173104e-06
7.636121901e-06
7.607205985e-06
7.575836088e-06
7.544688577e-06
7.5166382e-06
7.494713187e-06
7.482082918e-06
7.578731759e-06
7.562588383e-06
7.539885597e-06
7.512591502e-06
7.482981942e-06
7.453583284e-06
7.427108846e-06
7.406416469e-06
7.394496819e-06
7.485663828e-06
7.470427572e-06
7.449000928e-06
7.423241774e-06
7.395298316e-06
7.367554961e-06
7.342572233e-06
7.323046663e-06
7.311799708e-06
7.397777736e-06
7.383400191e-06
7.363181626e-06
7.338875611e-06
7.312509548e-06
7.286333464e-06
7.262763205e-06
7.24434253e-06
7.233732609e-06
7.314797606e-06
7.301233243e-06
7.282158759e-06
7.259228987e-06
7.234356962e-06
7.209665454e-06
7.187433257e-06
7.170059365e-06
7.160053018e-06
7.236464613e-06
7.223670703e-06
7.205680247e-06
7.18405459e-06
7.160598448e-06
7.13731402e-06
7.116350197e-06
7.099968688e-06
7.090534605e-06
7.162536569e-06
7.15047311e-06
7.133510489e-06
7.113121486e-06
7.091008173e-06
7.069058439e-06
7.049297939e-06
7.033858069e-06
7.024967063e-06
7.092787622e-06
7.081417305e-06
7.065430128e-06
7.046214923e-06
7.025376426e-06
7.004694053e-06
6.986076426e-06
6.971531084e-06
6.963156079e-06
7.027008088e-06
7.016296273e-06
7.001235926e-06
6.983136247e-06
6.963509578e-06
6.944032284e-06
6.926501685e-06
6.912807401e-06
6.904923441e-06
6.965004395e-06
6.954919111e-06
6.940740769e-06
6.923702945e-06
6.90523017e-06
6.886900759e-06
6.87040599e-06
6.85752298e-06
6.850107257e-06
6.906599132e-06
6.897111109e-06
6.883773772e-06
6.867748783e-06
6.850377087e-06
6.833143529e-06
6.817638121e-06
6.805530355e-06
6.798562254e-06
6.851631193e-06
6.842713898e-06
6.830180456e-06
6.815124022e-06
6.798805811e-06
6.782621351e-06
6.76806367e-06
6.756698962e-06
6.750160119e-06
6.799955971e-06
6.791585667e-06
6.779822983e-06
6.765695666e-06
6.750388691e-06
6.735211974e-06
6.721565347e-06
6.710915463e-06
6.704789826e-06
6.751445571e-06
6.743601379e-06
6.732580378e-06
6.719347696e-06
6.705015173e-06
6.69081038e-06
6.678043216e-06
6.668083971e-06
6.662357862e-06
6.705988975e-06
6.698652933e-06
6.688348684e-06
6.675981206e-06
6.662591927e-06
6.64932888e-06
6.637414766e-06
6.628126099e-06
6.622788259e-06
6.663492094e-06
6.656649191e-06
6.647040957e-06
6.635514365e-06
6.623042754e-06
6.610696962e-06
6.599614703e-06
6.590980707e-06
6.58602231e-06
6.623877605e-06
6.617515786e-06
6.608587022e-06
6.597882089e-06
6.586308171e-06
6.574860784e-06
6.564594341e-06
6.556603199e-06
6.552017812e-06
6.587084477e-06
6.581194578e-06
6.572932833e-06
6.563035299e-06
6.55234453e-06
6.541782144e-06
6.532320428e-06
6.524964236e-06
6.520747708e-06
6.553067064e-06
6.547642671e-06
6.540039364e-06
6.530939629e-06
6.521122535e-06
6.511436789e-06
6.502773265e-06
6.496047682e-06
6.492197923e-06
6.52179361e-06
6.5168308e-06
6.509880835e-06
6.501573456e-06
6.492625023e-06
6.48381193e-06
6.475943947e-06
6.469847635e-06
6.466364277e-06
6.493244065e-06
6.488740999e-06
6.482442164e-06
6.474925077e-06
6.466843841e-06
6.458902799e-06
6.451830618e-06
6.446364419e-06
6.443248306e-06
6.467407065e-06
6.46336342e-06
6.457715537e-06
6.450988972e-06
6.443775742e-06
6.436708162e-06
6.430433628e-06
6.425599442e-06
6.422851946e-06
6.444276015e-06
6.44069221e-06
6.435696006e-06
6.429761042e-06
6.423417231e-06
6.417224756e-06
6.411749565e-06
6.407548908e-06
6.405171048e-06
6.423844195e-06
6.420720416e-06
6.416376096e-06
6.411232855e-06
6.405758394e-06
6.400440691e-06
6.395764273e-06
6.392196511e-06
6.390187882e-06
6.406098942e-06
6.403433966e-06
6.399739493e-06
6.39538498e-06
6.390775847e-06
6.386328005e-06
6.382445041e-06
6.379505343e-06
6.377862872e-06
6.391015023e-06
6.388804861e-06
6.385753994e-06
6.382179639e-06
6.378425069e-06
6.374834697e-06
6.371732365e-06
6.369409449e-06
6.36812604e-06
6.378547441e-06
6.376783853e-06
6.374364016e-06
6.371553032e-06
6.368632553e-06
6.365876717e-06
6.36353184e-06
6.36180565e-06
6.360868796e-06
6.368624059e-06
6.367293036e-06
6.365483141e-06
6.36340787e-06
6.361288358e-06
6.3593306e-06
6.357706898e-06
6.356546413e-06
6.355936906e-06
6.361138548e-06
6.360218872e-06
6.358987298e-06
6.357606764e-06
6.356239798e-06
6.355027524e-06
6.354073272e-06
6.353434693e-06
6.353125576e-06
6.355944334e-06
6.355406366e-06
6.354709286e-06
6.353967254e-06
6.353287099e-06
6.352749681e-06
6.352396126e-06
6.35222172e-06
6.352177667e-06
6.352850254e-06
6.352655129e-06
6.352435455e-06
6.3522593e-06
6.35218187e-06
6.352229853e-06
6.352390727e-06
6.352608636e-06
6.352785934e-06
6.351618701e-06
6.351718098e-06
6.35190529e-06
6.352205986e-06
6.352629145e-06
6.353154907e-06
6.353727377e-06
6.354252649e-06
6.354599937e-06
6.35196696e-06
6.352303609e-06
6.352814566e-06
6.353488061e-06
6.354293525e-06
6.355173648e-06
6.356040943e-06
6.356777964e-06
6.35723784e-06
6.35357225e-06
6.354081271e-06
6.354822437e-06
6.355752548e-06
6.356809524e-06
6.357908989e-06
6.35894475e-06
6.359791147e-06
6.360302695e-06
6.356080698e-06
6.3566918e-06
6.357562484e-06
6.358625275e-06
6.359795717e-06
6.360973709e-06
6.362047803e-06
6.362899658e-06
6.363401899e-06
6.359120065e-06
6.359760499e-06
6.360657236e-06
6.3617266e-06
6.362871635e-06
6.363988401e-06
6.364973039e-06
6.36572805e-06
6.366160464e-06
6.362315557e-06
6.36291359e-06
6.363735152e-06
6.364689154e-06
6.365675755e-06
6.366597682e-06
6.367371467e-06
6.367934724e-06
6.368242699e-06
6.365307438e-06
6.365796017e-06
6.366448163e-06
6.367173221e-06
6.36787909e-06
6.368486902e-06
6.368944878e-06
6.369236337e-06
6.369374776e-06
6.367764812e-06
6.36808372e-06
6.368483246e-06
6.368882211e-06
6.369205815e-06
6.369403322e-06
6.369463538e-06
6.369422852e-06
6.369358884e-06
6.369401158e-06
6.36950221e-06
6.369583835e-06
6.369582461e-06
6.369448972e-06
6.369168455e-06
6.36877632e-06
6.36836578e-06
6.368080239e-06
6.369993709e-06
6.369843467e-06
6.369563343e-06
6.369114162e-06
6.368479026e-06
6.367684009e-06
6.366813962e-06
6.366019014e-06
6.365506343e-06
6.369393724e-06
6.368974946e-06
6.368312381e-06
6.367396272e-06
6.366246226e-06
6.364931654e-06
6.363586532e-06
6.362414008e-06
6.361680887e-06
6.36753064e-06
6.366842401e-06
6.365799745e-06
6.364425375e-06
6.362777488e-06
6.360968602e-06
6.359180678e-06
6.357667061e-06
6.356740155e-06
6.364409866e-06
6.363466508e-06
6.362067621e-06
6.360269388e-06
6.358169928e-06
6.355926015e-06
6.353760519e-06
6.35196271e-06
6.350877371e-06
6.360105434e-06
6.358934851e-06
6.357223833e-06
6.355063829e-06
6.352590204e-06
6.349995095e-06
6.347532658e-06
6.345517265e-06
6.344313525e-06
6.354756734e-06
6.353402949e-06
6.351444281e-06
6.349003075e-06
6.346246046e-06
6.34339341e-06
6.340721305e-06
6.33855857e-06
6.337277855e-06
6.348564963e-06
6.34707746e-06
6.344941758e-06
6.342305573e-06
6.339360161e-06
6.336345818e-06
6.333551538e-06
6.331310722e-06
6.329993132e-06
6.341753162e-06
6.340182319e-06
6.337940621e-06
6.335195017e-06
6.33215411e-06
6.329070197e-06
6.326236448e-06
6.323981794e-06
6.322664373e-06
6.334547523e-06
6.332941571e-06
6.330661305e-06
6.327886609e-06
6.324836257e-06
6.321766837e-06
6.318967849e-06
6.316756085e-06
6.315471051e-06
6.327164176e-06
6.325567033e-06
6.323309101e-06
6.320577051e-06
6.317593024e-06
6.314610895e-06
6.311909807e-06
6.309788427e-06
6.308561981e-06
6.319799724e-06
6.31824947e-06
6.316066189e-06
6.313437604e-06
6.310583048e-06
6.307747616e-06
6.30519468e-06
6.303200389e-06
6.30205232e-06
6.31262478e-06
6.311152683e-06
6.309086505e-06
6.306609896e-06
6.303933999e-06
6.301290085e-06
6.29892156e-06
6.297079124e-06
6.296021338e-06
6.305780112e-06
6.304410174e-06
6.30249316e-06
6.30020424e-06
6.297741854e-06
6.29531928e-06
6.293156464e-06
6.291475897e-06
6.290506109e-06
6.299375091e-06
6.298124083e-06
6.296378058e-06
6.294300104e-06
6.292072338e-06
6.289886561e-06
6.287935823e-06
6.286422069e-06
6.285553654e-06
6.293487957e-06
6.292365831e-06
6.290803051e-06
6.28894774e-06
6.286963332e-06
6.285017263e-06
6.283292645e-06
6.281964525e-06
6.281210001e-06
6.288167066e-06
6.287177487e-06
6.285801536e-06
6.28416844e-06
6.282429666e-06
6.280740813e-06
6.279259282e-06
6.278130213e-06
6.277493863e-06
6.283431232e-06
6.282571328e-06
6.281381143e-06
6.279981015e-06
6.278502867e-06
6.277084319e-06
6.275853008e-06
6.274925077e-06
6.274407423e-06
6.279285611e-06
6.278562426e-06
6.277566478e-06
6.276407189e-06
6.275197848e-06
6.274051333e-06
6.273069849e-06
6.272341119e-06
6.271940446e-06
6.275753065e-06
6.275169453e-06
6.274372783e-06
6.273454978e-06
6.272511461e-06
6.271632672e-06
6.270895927e-06
6.270361549e-06
6.270074716e-06
6.272843214e-06
6.272397357e-06
6.271795837e-06
6.271114345e-06
6.270429695e-06
6.269810792e-06
6.269311064e-06
6.268964644e-06
6.268787886e-06
6.270545475e-06
6.270233195e-06
6.269820399e-06
6.269367159e-06
6.268932112e-06
6.268563568e-06
6.268292186e-06
6.268127065e-06
6.268056719e-06
6.268840555e-06
6.268656537e-06
6.268424848e-06
6.268190648e-06
6.267995262e-06
6.267867463e-06
6.267816244e-06
6.267826585e-06
6.267859698e-06
6.267704257e-06
6.267642922e-06
6.267584609e-06
6.267560453e-06
6.267595501e-06
6.267700086e-06
6.267862483e-06
6.26804413e-06
6.268178935e-06
6.267110593e-06
6.267166792e-06
6.267274938e-06
6.267453124e-06
6.267711199e-06
6.268042068e-06
6.268414003e-06
6.268765063e-06
6.269001277e-06
6.267034359e-06
6.267203913e-06
6.267473127e-06
6.267848039e-06
6.268324312e-06
6.268878252e-06
6.269458534e-06
6.269979582e-06
6.270318447e-06
6.267453176e-06
6.267733264e-06
6.268160174e-06
6.268728777e-06
6.269421378e-06
6.270198223e-06
6.270988405e-06
6.271682041e-06
6.272125817e-06
6.268349052e-06
6.268738461e-06
6.269322005e-06
6.270084083e-06
6.270994153e-06
6.271996468e-06
6.272999951e-06
6.273869148e-06
6.274419064e-06
6.269709501e-06
6.270208787e-06
6.270950398e-06
6.271908677e-06
6.273040315e-06
6.274272968e-06
6.275493723e-06
6.276538612e-06
6.277186842e-06
6.27152826e-06
6.272139872e-06
6.273043642e-06
6.274204009e-06
6.275564612e-06
6.277035422e-06
6.278479578e-06
6.279701437e-06
6.280460793e-06
6.273805518e-06
6.274533862e-06
6.275606669e-06
6.276978434e-06
6.278579254e-06
6.28030019e-06
6.281978561e-06
6.283404274e-06
6.284293112e-06
6.276547477e-06
6.277398864e-06
6.278650296e-06
6.280246213e-06
6.28210288e-06
6.284090974e-06
6.286040084e-06
6.287701386e-06
6.288736451e-06
6.279765079e-06
6.280747505e-06
6.282189381e-06
6.284024889e-06
6.286158561e-06
6.288456565e-06
6.290716141e-06
6.292641934e-06
6.293836507e-06
6.283471867e-06
6.284595153e-06
6.286241051e-06
6.288342235e-06
6.290796191e-06
6.293445565e-06
6.29605023e-06
6.298262374e-06
6.299623388e-06
6.287680317e-06
6.288959043e-06
6.290840214e-06
6.293246392e-06
6.296059772e-06
6.299095025e-06
6.302068875e-06
6.304576498e-06
6.306101378e-06
6.292432765e-06
6.293889689e-06
6.296034851e-06
6.298778108e-06
6.301980597e-06
6.305422702e-06
6.308771838e-06
6.311565145e-06
6.31323954e-06
6.297778982e-06
6.29943159e-06
6.301862446e-06
6.304963988e-06
6.308569661e-06
6.312418194e-06
6.316123145e-06
6.319169444e-06
6.320967287e-06
6.303758037e-06
6.305617061e-06
6.308344597e-06
6.311809468e-06
6.315809612e-06
6.320035212e-06
6.324046462e-06
6.327291005e-06
6.329177196e-06
6.31039365e-06
6.312460505e-06
6.315480496e-06
6.319291444e-06
6.323647919e-06
6.328188237e-06
6.332427997e-06
6.335800146e-06
6.337734961e-06
6.317688069e-06
6.31995159e-06
6.323239748e-06
6.327351902e-06
6.331994041e-06
6.336756335e-06
6.341127193e-06
6.344549812e-06
6.346493606e-06
6.325614471e-06
6.328047738e-06
6.331556063e-06
6.335895186e-06
6.340723189e-06
6.34559424e-06
6.349991925e-06
6.353390784e-06
6.35530775e-06
6.334109041e-06
6.336667869e-06
6.340324701e-06
6.34479157e-06
6.34968696e-06
6.354547467e-06
6.358873478e-06
6.362184184e-06
6.36404459e-06
6.343066301e-06
6.345691129e-06
6.349406618e-06
6.35388769e-06
6.35872808e-06
6.363466927e-06
6.367637713e-06
6.370809313e-06
6.37259028e-06
6.352341396e-06
6.354963237e-06
6.358639763e-06
6.363021381e-06
6.367694998e-06
6.372219675e-06
6.376171214e-06
6.379166916e-06
6.380852158e-06
6.361761147e-06
6.364310359e-06
6.367854989e-06
6.372036791e-06
6.376452959e-06
6.380694694e-06
6.384383109e-06
6.387179099e-06
6.388758063e-06
6.371141942e-06
6.373557073e-06
6.376892203e-06
6.380796223e-06
6.384890253e-06
6.38880445e-06
6.392203985e-06
6.394787272e-06
6.396254046e-06
6.380309292e-06
6.382543331e-06
6.385612876e-06
6.389187086e-06
6.392920164e-06
6.396483666e-06
6.399583325e-06
6.401949245e-06
6.403301405e-06
6.38911359e-06
6.39113645e-06
6.39390712e-06
6.397124229e-06
6.400479962e-06
6.403686727e-06
6.4064865e-06
6.408636235e-06
6.409873718e-06
6.397439071e-06
6.39923675e-06
6.401695622e-06
6.404548974e-06
6.407528436e-06
6.410384884e-06
6.41289219e-06
6.414830494e-06
6.415954459e-06
6.405206013e-06
6.40677773e-06
6.408927954e-06
6.411426408e-06
6.414043152e-06
6.416564153e-06
6.418791142e-06
6.420524714e-06
6.421536303e-06
6.412368072e-06
6.413722747e-06
6.415578921e-06
6.417742036e-06
6.420018014e-06
6.422224224e-06
6.424186913e-06
6.425725519e-06
6.426628821e-06
6.41890705e-06
6.420059993e-06
6.421644107e-06
6.4234982e-06
6.425460673e-06
6.427376694e-06
6.429094404e-06
6.430451303e-06
6.431256671e-06
6.424826837e-06
6.425797063e-06
6.42713529e-06
6.428710461e-06
6.430389821e-06
6.432043163e-06
6.433538721e-06
6.434733544e-06
6.435451187e-06
6.430147549e-06
6.430955725e-06
6.432075996e-06
6.43340388e-06
6.434831968e-06
6.436252074e-06
6.437551661e-06
6.438605003e-06
6.439244928e-06
6.434900292e-06
6.43556724e-06
6.436497458e-06
6.437609491e-06
6.438818102e-06
6.440035012e-06
6.441167532e-06
6.442098636e-06
6.442670266e-06
6.439122818e-06
6.43966855e-06
6.440435512e-06
6.441362077e-06
6.442382672e-06
6.443429561e-06
6.444421016e-06
6.445247096e-06
6.445758977e-06
6.442856141e-06
6.443299484e-06
6.443928646e-06
6.444699348e-06
6.445565683e-06
6.446472688e-06
6.447345835e-06
6.448082006e-06
6.448541783e-06
6.446142288e-06
6.446501141e-06
6.447017261e-06
6.447663644e-06
6.44840682e-06
6.449199746e-06
6.449974092e-06
6.450633515e-06
6.451048128e-06
6.449023946e-06
6.449316765e-06
6.449746856e-06
6.450297584e-06
6.450943561e-06
6.451643903e-06
6.452335869e-06
6.452929867e-06
6.453305513e-06
6.451551946e-06
6.451796856e-06
6.452163247e-06
6.452641109e-06
6.453210664e-06
6.453835846e-06
6.454458999e-06
6.454997183e-06
6.455338537e-06
6.453777905e-06
6.453988558e-06
6.454308047e-06
6.454730461e-06
6.45523975e-06
6.455803595e-06
6.45636892e-06
6.456859061e-06
6.457170125e-06
6.455746832e-06
6.45593299e-06
6.456217873e-06
6.456597835e-06
6.457059198e-06
6.457572589e-06
6.458089108e-06
6.458537109e-06
6.45882134e-06
6.457496752e-06
6.457665287e-06
6.457924384e-06
6.458271423e-06
6.458694157e-06
6.459165556e-06
6.45963997e-06
6.460050929e-06
6.460311348e-06
6.459059498e-06
6.459215167e-06
6.459454706e-06
6.45977572e-06
6.460166755e-06
6.46060261e-06
6.461040129e-06
6.461418316e-06
6.461657532e-06
6.460461618e-06
6.460607665e-06
6.460831996e-06
6.461131987e-06
6.461496617e-06
6.461901358e-06
6.462306256e-06
6.46265528e-06
6.462875552e-06
6.461725252e-06
6.461863854e-06
6.462075999e-06
6.462358596e-06
6.46270017e-06
6.46307737e-06
6.463453204e-06
6.463776146e-06
6.463979438e-06
6.462868935e-06
6.463001536e-06
6.463203609e-06
6.46347092e-06
6.463791886e-06
6.464144418e-06
6.464494166e-06
6.464793673e-06
6.464981703e-06
6.463908356e-06
6.464035861e-06
6.464228764e-06
6.464482133e-06
6.464784412e-06
6.465114636e-06
6.465440827e-06
6.465719191e-06
6.465893463e-06
6.464856336e-06
6.464978898e-06
6.465163177e-06
6.465403643e-06
6.465688798e-06
6.465998698e-06
6.466303506e-06
6.466562731e-06
6.466724572e-06
6.465723132e-06
6.465840876e-06
6.466016954e-06
6.466245365e-06
6.466514706e-06
6.466805986e-06
6.46709131e-06
6.467333156e-06
6.46748374e-06
6.466517584e-06
6.466630619e-06
6.466798852e-06
6.46701593e-06
6.467270596e-06
6.46754475e-06
6.467812262e-06
6.46803829e-06
6.468178659e-06
6.467247342e-06
6.467355777e-06
6.46751649e-06
6.467722881e-06
6.467963883e-06
6.468222238e-06
6.468473429e-06
6.46868503e-06
6.468816111e-06
6.467919068e-06
6.46802302e-06
6.468176521e-06
6.468372821e-06
6.468601078e-06
6.468844831e-06
6.469081035e-06
6.469279451e-06
6.469402074e-06
6.468538587e-06
6.468638184e-06
6.468784782e-06
6.468971551e-06
6.469187906e-06
6.469418141e-06
6.469640558e-06
6.469826901e-06
6.469941803e-06
6.469111016e-06
6.469206402e-06
6.469346401e-06
6.469524171e-06
6.469729402e-06
6.469947103e-06
6.470156814e-06
6.470332077e-06
6.470439915e-06
6.46964087e-06
6.469732195e-06
6.4698659e-06
6.470035173e-06
6.470229996e-06
6.470436053e-06
6.470634022e-06
6.470799084e-06
6.470900435e-06
6.470132138e-06
6.47021956e-06
6.470347263e-06
6.470508508e-06
6.470693572e-06
6.470888777e-06
6.471075851e-06
6.471231477e-06
6.471326841e-06
6.470588351e-06
6.47067202e-06
6.470793997e-06
6.470947634e-06
6.471123508e-06
6.471308544e-06
6.471485439e-06
6.471632267e-06
6.471722057e-06
6.471012617e-06
6.471092669e-06
6.471209155e-06
6.471355539e-06
6.47152269e-06
6.471698098e-06
6.471865373e-06
6.472003886e-06
6.472088407e-06
6.471407632e-06
6.471484169e-06
6.471595338e-06
6.471734721e-06
6.471893467e-06
6.472059602e-06
6.472217596e-06
6.47234807e-06
6.472427485e-06
6.471775623e-06
6.471848687e-06
6.47195461e-06
6.472087087e-06
6.472237531e-06
6.472394472e-06
6.472543214e-06
6.472665622e-06
6.472739884e-06
6.472118127e-06
6.472187664e-06
6.472288252e-06
6.472413683e-06
6.472555605e-06
6.472703028e-06
6.472842089e-06
6.472955959e-06
6.473024707e-06
6.472435346e-06
6.472501156e-06
6.472596085e-06
6.472713993e-06
6.472846726e-06
6.47298375e-06
6.473112067e-06
6.473216301e-06
6.473278731e-06
6.4727243e-06
6.472786008e-06
6.472874676e-06
6.472984191e-06
6.47310656e-06
6.473231688e-06
6.473347501e-06
6.473440297e-06
6.473495063e-06
6.472973563e-06
6.473030724e-06
6.473112436e-06
6.473212589e-06
6.47332332e-06
6.473434958e-06
6.473536386e-06
6.473615751e-06
6.473661258e-06
6.473148394e-06
6.473201272e-06
6.473276453e-06
6.473367845e-06
6.473467712e-06
6.473566756e-06
6.473654673e-06
6.473721183e-06
6.473757446e-06
3.935904445e-22
1.474146453e-21
3.289035338e-21
6.233691956e-21
1.10063119e-20
1.881458074e-20
3.175879594e-20
5.34718363e-20
9.02460582e-20
1.529773336e-19
2.605446997e-19
4.456755351e-19
7.651404148e-19
1.317473226e-18
2.273696645e-18
3.930411957e-18
6.801601693e-18
1.177851156e-17
2.040742098e-17
3.537164592e-17
6.132813226e-17
1.063600495e-16
1.844994285e-16
3.201083126e-16
5.554876583e-16
9.640894128e-16
1.673455156e-15
2.905028e-15
5.043186461e-15
8.754819498e-15
1.519611349e-14
2.636939021e-14
4.573719059e-14
7.92754646e-14
1.372724911e-13
2.373868619e-13
4.098171746e-13
7.059872894e-13
1.213036148e-12
2.077804052e-12
3.546197922e-12
6.027180536e-12
1.019568963e-11
1.715624205e-11
2.869967804e-11
4.770048134e-11
7.87225744e-11
1.289288751e-10
2.094261026e-10
3.372241265e-10
5.380529057e-10
8.503663011e-10
1.330978945e-09
2.0629339e-09
3.166273858e-09
4.812823003e-09
7.246379956e-09
1.081015958e-08
1.598380796e-08
2.343396268e-08
3.408473428e-08
4.92172668e-08
7.060639575e-08
1.006967859e-07
1.428251253e-07
2.015071077e-07
2.828075544e-07
3.94806308e-07
5.481684924e-07
7.568221856e-07
1.03873562e-06
1.41677051e-06
1.919568152e-06
2.58240133e-06
3.447897808e-06
4.566509258e-06
5.996563864e-06
7.803709167e-06
1.005932775e-05
1.283764375e-05
1.621156027e-05
2.024682616e-05
2.499466414e-05
3.048317335e-05
3.67082271e-05
4.362490127e-05
5.114069973e-05
5.911189147e-05
6.734407158e-05
7.559780735e-05
8.361890239e-05
9.116298099e-05
9.799587447e-05
0.0001039123562
0.0001087526837
0.0001124141619
0.0001148561024
0.0001160978804
0.0001162110457
0.0001153073375
0.0001135249291
0.0001110148798
0.0001079293771
0.0001044126613
0.0001005948893
9.658872386e-05
9.248815497e-05
8.836895835e-05
8.42902075e-05
8.02963533e-05
7.641951503e-05
7.268173165e-05
6.909702374e-05
6.567319197e-05
6.241332868e-05
5.931705211e-05
5.638148998e-05
5.360204727e-05
5.097299432e-05
4.848790923e-05
4.614000471e-05
4.39223646e-05
4.182811131e-05
3.985052062e-05
3.798309746e-05
3.621962297e-05
3.455418017e-05
3.298116439e-05
3.14952844e-05
3.009155613e-05
2.876529148e-05
2.751208449e-05
2.632779611e-05
2.520853838e-05
2.415065861e-05
2.315072403e-05
2.220550712e-05
2.131197184e-05
2.046726065e-05
1.966868254e-05
1.891370194e-05
1.819992851e-05
1.752510768e-05
1.688711201e-05
1.628393317e-05
1.571367463e-05
1.517454479e-05
1.466485076e-05
1.418299251e-05
1.372745751e-05
1.329681563e-05
1.288971456e-05
1.250487538e-05
1.214108848e-05
1.179720976e-05
1.147215705e-05
1.116490667e-05
1.087449035e-05
1.059999216e-05
1.034054575e-05
1.009533165e-05
9.863574789e-06
9.644542087e-06
9.43754024e-06
9.241913582e-06
9.057042085e-06
8.882339453e-06
8.717251333e-06
8.561253611e-06
8.41385082e-06
8.274574621e-06
8.14298239e-06
8.018655881e-06
7.901199984e-06
7.790241571e-06
7.685428429e-06
7.586428293e-06
7.492927969e-06
7.404632566e-06
7.321264835e-06
7.242564623e-06
7.16828844e-06
7.098209158e-06
7.032115824e-06
6.969813598e-06
6.91112379e-06
6.855883995e-06
6.80394828e-06
6.755187397e-06
6.709488945e-06
6.666757436e-06
6.626914146e-06
6.589896671e-06
6.555658054e-06
6.52416535e-06
6.495397501e-06
6.469342409e-06
6.445993096e-06
6.425342913e-06
6.407379821e-06
6.392079848e-06
6.379399953e-06
6.36927067e-06
6.361589035e-06
6.356212415e-06
6.352953988e-06
6.351580626e-06
6.351813883e-06
6.353334649e-06
6.355791718e-06
6.358814153e-06
6.362026825e-06
6.365067879e-06
6.367603397e-06
6.369341324e-06
6.370052007e-06
6.369579065e-06
6.367844181e-06
6.364845505e-06
6.360650758e-06
6.355391303e-06
6.349265418e-06
6.342495538e-06
6.335308758e-06
6.327923168e-06
6.320538084e-06
6.313327312e-06
6.306435049e-06
6.299974101e-06
6.294025973e-06
6.288642101e-06
6.283844941e-06
6.279634546e-06
6.276035937e-06
6.273060702e-06
6.270699456e-06
6.268933523e-06
6.267738886e-06
6.267089395e-06
6.266959414e-06
6.267325943e-06
6.268170233e-06
6.269478957e-06
6.271244957e-06
6.273467492e-06
6.276151857e-06
6.279308173e-06
6.282949135e-06
6.28708624e-06
6.291756336e-06
6.297011427e-06
6.302893556e-06
6.309430516e-06
6.316630093e-06
6.324472587e-06
6.332902359e-06
6.341821738e-06
6.351091345e-06
6.360539465e-06
6.36997949e-06
6.379230452e-06
6.388134586e-06
6.396568061e-06
6.404444345e-06
6.411712009e-06
6.418349457e-06
6.424358582e-06
6.429758575e-06
6.434580403e-06
6.43886219e-06
6.442645564e-06
6.445973103e-06
6.448887646e-06
6.451439345e-06
6.453681967e-06
6.455662586e-06
6.457420737e-06
6.458989341e-06
6.460395725e-06
6.461662571e-06
6.462808781e-06
6.463850258e-06
6.464800264e-06
6.465669072e-06
6.466465523e-06
6.467197265e-06
6.467870948e-06
6.468492387e-06
6.46906669e-06
6.469598363e-06
6.470091392e-06
6.470549305e-06
6.470975216e-06
6.471371835e-06
6.471741411e-06
6.472085527e-06
6.472404445e-06
6.472695264e-06
6.472946589e-06
6.473123368e-06
)
;

boundaryField
{
    outlet
    {
        type            inletOutlet;
        inletValue      uniform 0;
        value           nonuniform List<scalar> 10(6.473148394e-06 6.473201272e-06 6.473276453e-06 6.473367845e-06 6.473467712e-06 6.473566756e-06 6.473654673e-06 6.473721183e-06 6.473757446e-06 6.473123368e-06);
    }
    inlet
    {
        type            fixedValue;
        value           uniform 0;
    }
    front
    {
        type            wedge;
    }
    wall
    {
        type            zeroGradient;
    }
    back
    {
        type            wedge;
    }
}


// ************************************************************************* //
