/*--------------------------------*- C++ -*----------------------------------*\
| =========                 |                                                 |
| \\      /  F ield         | OpenFOAM: The Open Source CFD Toolbox           |
|  \\    /   O peration     | Version:  2212                                  |
|   \\  /    A nd           | Website:  www.openfoam.com                      |
|    \\/     M anipulation  |                                                 |
\*---------------------------------------------------------------------------*/
FoamFile
{
    version     2.0;
    format      ascii;
    arch        "LSB;label=32;scalar=64";
    class       volScalarField;
    location    "30.00000000";
    object      C4H6;
}
// * * * * * * * * * * * * * * * * * * * * * * * * * * * * * * * * * * * * * //

dimensions      [0 0 0 0 0 0 0];

internalField   nonuniform List<scalar> 
3000
(
2.974188748e-22
3.34143734e-22
3.895639514e-22
4.63421145e-22
5.549684841e-22
6.617237698e-22
7.772576622e-22
8.87511313e-22
9.654705584e-22
1.116777924e-21
1.259744829e-21
1.475399581e-21
1.76343504e-21
2.123579945e-21
2.553864004e-21
3.046810245e-21
3.577651465e-21
4.047737264e-21
2.502150238e-21
2.844697443e-21
3.366336674e-21
4.074655098e-21
4.982415617e-21
6.102835706e-21
7.431450364e-21
8.893790739e-21
1.01431736e-20
4.767531607e-21
5.477101472e-21
6.573513448e-21
8.093955596e-21
1.009238209e-20
1.261968531e-20
1.566205759e-20
1.89762648e-20
2.165112265e-20
8.469760639e-21
9.850027369e-21
1.201639186e-20
1.507912529e-20
1.918251014e-20
2.444184098e-20
3.076931426e-20
3.748974433e-20
4.264895739e-20
1.457244479e-20
1.716463195e-20
2.12915419e-20
2.721708625e-20
3.525793843e-20
4.56171571e-20
5.798573141e-20
7.080439435e-20
8.028921377e-20
2.475506823e-20
2.951997348e-20
3.719446179e-20
4.83382912e-20
6.357324271e-20
8.320363351e-20
1.064185259e-19
1.300089163e-19
1.470333698e-19
4.192471811e-20
5.055411126e-20
6.457646763e-20
8.509529079e-20
1.13257165e-19
1.494700135e-19
1.919188026e-19
2.344255127e-19
2.64588818e-19
7.112254358e-20
8.658481748e-20
1.118719487e-19
1.490600882e-19
2.001882249e-19
2.657503267e-19
3.42044895e-19
4.176450978e-19
4.70696803e-19
1.21082759e-19
1.485667468e-19
1.93716108e-19
2.603207698e-19
3.519349112e-19
4.690866543e-19
6.046432957e-19
7.379700484e-19
8.308295436e-19
2.069479532e-19
2.555039758e-19
3.355091844e-19
4.537429435e-19
6.163275885e-19
8.236992034e-19
1.062596893e-18
1.296339346e-18
1.458340427e-18
3.549794519e-19
4.403698503e-19
5.813366983e-19
7.898369199e-19
1.076325438e-18
1.440834929e-18
1.859249179e-18
2.267139076e-18
2.54919275e-18
6.107569889e-19
7.60433701e-19
1.007822055e-18
1.373814164e-18
1.876115621e-18
2.513497142e-18
3.242413285e-18
3.950890823e-18
4.442634556e-18
1.05344739e-18
1.3152829e-18
1.748433233e-18
2.389314047e-18
3.267814678e-18
4.379016619e-18
5.642228728e-18
6.860913995e-18
7.730612441e-18
1.820561781e-18
2.278139896e-18
3.035905902e-18
4.157948877e-18
5.696111975e-18
7.637883648e-18
9.823298755e-18
1.182882586e-17
1.347498604e-17
3.150647783e-18
3.949592505e-18
5.274413383e-18
7.239742077e-18
9.943019663e-18
1.338341647e-17
1.734884831e-17
2.131125441e-17
2.378853791e-17
5.456942437e-18
6.849536587e-18
9.160156566e-18
1.258925879e-17
1.730511403e-17
2.329602677e-17
3.015022638e-17
3.679580898e-17
4.130761927e-17
9.456135396e-18
1.18798653e-17
1.590218063e-17
2.187092852e-17
3.007432361e-17
4.048137992e-17
5.236063605e-17
6.38503258e-17
7.171506391e-17
1.639208014e-17
2.060658413e-17
2.760154207e-17
3.798056304e-17
5.224075061e-17
7.032182984e-17
9.094833882e-17
1.108924508e-16
1.245538408e-16
2.842385687e-17
3.574854654e-17
4.790681193e-17
6.594695816e-17
9.072984687e-17
1.221460048e-16
1.579759749e-16
1.92613586e-16
2.163369944e-16
4.929935819e-17
6.202571477e-17
8.315217671e-17
1.144998477e-16
1.575614538e-16
2.121412882e-16
2.743780666e-16
3.345317041e-16
3.757235583e-16
8.552507213e-17
1.076324755e-16
1.443346965e-16
1.987949741e-16
2.736022884e-16
3.684085088e-16
4.764974943e-16
5.809492009e-16
6.52464854e-16
1.483979697e-16
1.867969075e-16
2.505490841e-16
3.451476455e-16
4.750824975e-16
6.397358174e-16
8.274284514e-16
1.008773872e-15
1.132924001e-15
2.575349486e-16
3.242262956e-16
4.349536643e-16
5.992534491e-16
8.24910439e-16
1.110829303e-15
1.436704241e-15
1.751512095e-15
1.967006695e-15
4.470036156e-16
5.628289936e-16
7.551319282e-16
1.040461871e-15
1.432310608e-15
1.928735836e-15
2.494442176e-15
3.040848867e-15
3.414844931e-15
7.759691721e-16
9.771231261e-16
1.311081487e-15
1.806550097e-15
2.486893784e-15
3.348654464e-15
4.330483972e-15
5.278631439e-15
5.927517718e-15
1.347182485e-15
1.696518959e-15
2.276442871e-15
3.136713705e-15
4.317749508e-15
5.813345863e-15
7.516849317e-15
9.161458432e-15
1.02867258e-14
2.339074329e-15
2.945733828e-15
3.952693887e-15
5.446129303e-15
7.495842446e-15
1.009058922e-14
1.304489697e-14
1.589595888e-14
1.784604576e-14
4.061414471e-15
5.114867459e-15
6.863075557e-15
9.455090071e-15
1.301117794e-14
1.751069255e-14
2.263094895e-14
2.7569542e-14
3.094581297e-14
7.051733663e-15
8.880767347e-15
1.191516792e-14
1.641229935e-14
2.257871339e-14
3.037587215e-14
3.924201731e-14
4.778693474e-14
5.362452088e-14
1.224208726e-14
1.541684865e-14
2.068172129e-14
2.848005991e-14
3.916505393e-14
5.266343644e-14
6.799650356e-14
8.27580073e-14
9.283237488e-14
2.12468326e-14
2.675494393e-14
3.588439659e-14
4.939657054e-14
6.789185081e-14
9.122829319e-14
1.17699351e-13
1.431459078e-13
1.604882856e-13
3.68578173e-14
4.640736634e-14
6.222401706e-14
8.560991129e-14
1.175777093e-13
1.578475581e-13
2.034413726e-13
2.471838824e-13
2.769390849e-13
6.389342954e-14
8.043204413e-14
1.077990174e-13
1.482093437e-13
2.033536826e-13
2.726722913e-13
3.509649635e-13
4.258847938e-13
4.767216142e-13
1.106481138e-13
1.392474389e-13
1.865152022e-13
2.561931137e-13
3.510664778e-13
4.700046397e-13
6.039257411e-13
7.31656476e-13
8.180539159e-13
1.913544507e-13
2.407071414e-13
3.221521168e-13
4.419545927e-13
6.046249304e-13
8.078689136e-13
1.035835115e-12
1.252376366e-12
1.398270591e-12
3.303406263e-13
4.152733587e-13
5.551710339e-13
7.604089258e-13
1.038129756e-12
1.383683288e-12
1.769450398e-12
2.134072174e-12
2.378572756e-12
5.690040648e-13
7.146551597e-13
9.54010633e-13
1.304018417e-12
1.775665242e-12
2.359585941e-12
3.007813728e-12
3.616931603e-12
4.023116387e-12
9.774218121e-13
1.226107386e-12
1.633639753e-12
2.22724266e-12
3.023172773e-12
4.002781918e-12
5.083189905e-12
6.0915879e-12
6.759781779e-12
1.673521473e-12
2.095873828e-12
2.785691732e-12
3.785822471e-12
5.119063198e-12
6.748854228e-12
8.533021036e-12
1.018571167e-11
1.127317075e-11
2.854449769e-12
3.56722251e-12
4.726823884e-12
6.399047205e-12
8.613406905e-12
1.129958044e-11
1.421597083e-11
1.689516773e-11
1.86447655e-11
4.847392721e-12
6.041464278e-12
7.975339202e-12
1.074706919e-11
1.438999008e-11
1.877175289e-11
2.348653867e-11
2.777976549e-11
3.056117187e-11
8.191026344e-12
1.017467546e-11
1.337098427e-11
1.792082981e-11
2.385167209e-11
3.092028074e-11
3.845409732e-11
4.525150339e-11
4.961954996e-11
1.376454801e-11
1.702909588e-11
2.225973148e-11
2.964979664e-11
3.919790912e-11
5.046810862e-11
6.236227619e-11
7.299397273e-11
7.977052929e-11
2.298955e-11
2.830703394e-11
3.677496293e-11
4.864321715e-11
6.383483934e-11
8.158813703e-11
1.001383894e-10
1.165663265e-10
1.269542343e-10
3.814172027e-11
4.670746092e-11
6.025971755e-11
7.909498097e-11
1.029740891e-10
1.305996435e-10
1.591814745e-10
1.842653948e-10
2.000060084e-10
6.282557733e-11
7.646244931e-11
9.78927727e-11
1.274218265e-10
1.644980104e-10
2.069653913e-10
2.504833018e-10
2.883470676e-10
3.119370067e-10
1.026875467e-10
1.24133694e-10
1.57605967e-10
2.033314076e-10
2.601984867e-10
3.247079448e-10
3.902118551e-10
4.46745511e-10
4.817336483e-10
1.664724976e-10
1.997805655e-10
2.514135997e-10
3.213531799e-10
4.075365127e-10
5.044076696e-10
6.019344542e-10
6.85479488e-10
7.368724554e-10
2.675689427e-10
3.186532976e-10
3.973200758e-10
5.030145737e-10
6.321241394e-10
7.760044313e-10
9.197221238e-10
1.042003494e-09
1.11681766e-09
4.262421716e-10
5.036220038e-10
6.22033512e-10
7.79912097e-10
9.712039785e-10
1.182705379e-09
1.392463691e-09
1.569853834e-09
1.677864236e-09
6.728280735e-10
7.886300735e-10
9.647969222e-10
1.198018195e-09
1.478500806e-09
1.786409207e-09
2.089834528e-09
2.345063297e-09
2.499817704e-09
1.052261044e-09
1.223567688e-09
1.482763824e-09
1.823688743e-09
2.230953395e-09
2.675201469e-09
3.110520824e-09
3.474983581e-09
3.695175071e-09
1.630447537e-09
1.881111485e-09
2.258506787e-09
2.752007211e-09
3.338014555e-09
3.97366496e-09
4.593505118e-09
5.110378276e-09
5.421704336e-09
2.503042312e-09
2.866090276e-09
3.410271731e-09
4.118197517e-09
4.954421269e-09
5.857080996e-09
6.733594905e-09
7.462018161e-09
7.899655027e-09
3.807658483e-09
4.328536883e-09
5.106262133e-09
6.113442958e-09
7.297743228e-09
8.570780393e-09
9.802509602e-09
1.082320171e-08
1.143515064e-08
5.740785099e-09
6.481702645e-09
7.584243441e-09
9.006501035e-09
1.067231728e-08
1.245653194e-08
1.417760336e-08
1.560038765e-08
1.645195822e-08
8.580979495e-09
9.626714314e-09
1.117834225e-08
1.317321051e-08
1.550186248e-08
1.798842716e-08
2.038086044e-08
2.235474588e-08
2.353456598e-08
1.272060003e-08
1.418626235e-08
1.635559294e-08
1.913664895e-08
2.237378093e-08
2.582154256e-08
2.913171727e-08
3.185840488e-08
3.348648517e-08
1.870906182e-08
2.075046383e-08
2.376560987e-08
2.76216168e-08
3.209916761e-08
3.685778125e-08
4.141848424e-08
4.517046928e-08
4.740901466e-08
2.731156908e-08
3.013906578e-08
3.430786414e-08
3.962833265e-08
4.579389974e-08
5.233478956e-08
5.859474806e-08
6.37395777e-08
6.680748645e-08
3.958852167e-08
4.348547555e-08
4.922248848e-08
5.653183756e-08
6.498796999e-08
7.394579035e-08
8.25092423e-08
8.954205227e-08
9.373439612e-08
5.700241904e-08
6.234985271e-08
7.021245252e-08
8.021570555e-08
9.177249731e-08
1.040006742e-07
1.156804601e-07
1.252677232e-07
1.309820007e-07
8.156122049e-08
8.887074113e-08
9.960732421e-08
1.132511994e-07
1.289966856e-07
1.456419113e-07
1.61530883e-07
1.74569444e-07
1.823411292e-07
1.160095751e-07
1.259672593e-07
1.405815628e-07
1.591360956e-07
1.805305329e-07
2.031328629e-07
2.247002117e-07
2.423972795e-07
2.529482259e-07
1.640819801e-07
1.776067421e-07
1.974435225e-07
2.226110613e-07
2.516132576e-07
2.822407972e-07
3.114623206e-07
3.354442703e-07
3.497489601e-07
2.30834954e-07
2.491559668e-07
2.760148863e-07
3.100754203e-07
3.493118396e-07
3.907419384e-07
4.302763469e-07
4.627369837e-07
4.821134665e-07
3.230782577e-07
3.478371805e-07
3.841235238e-07
4.3012764e-07
4.831179285e-07
5.390801753e-07
5.925070781e-07
6.364092254e-07
6.626437144e-07
4.499272422e-07
4.833120852e-07
5.322345798e-07
5.942575856e-07
6.657129164e-07
7.41212351e-07
8.133507985e-07
8.726979717e-07
9.082139607e-07
6.234980982e-07
6.684161876e-07
7.342431158e-07
8.177149989e-07
9.139269009e-07
1.015667144e-06
1.112994748e-06
1.193190546e-06
1.241273829e-06
8.597631436e-07
9.200599744e-07
1.008443591e-06
1.120567628e-06
1.24990225e-06
1.386824574e-06
1.518012708e-06
1.626320807e-06
1.691407972e-06
1.17957093e-06
1.260298389e-06
1.378672246e-06
1.528937181e-06
1.702439205e-06
1.886379953e-06
2.062944631e-06
2.209045887e-06
2.297072033e-06
1.609811553e-06
1.717541157e-06
1.875582341e-06
2.076354957e-06
2.308441227e-06
2.554879525e-06
2.79191332e-06
2.988523114e-06
3.107300932e-06
2.184666222e-06
2.327828525e-06
2.537953682e-06
2.805105876e-06
3.11428517e-06
3.443101588e-06
3.759995286e-06
4.023459941e-06
4.183054033e-06
2.94681758e-06
3.136025995e-06
3.41385394e-06
3.767327558e-06
4.176820404e-06
4.612909816e-06
5.033903168e-06
5.384637303e-06
5.597600873e-06
3.94841102e-06
4.196697054e-06
4.561362455e-06
5.025512801e-06
5.563562469e-06
6.137082121e-06
6.69140817e-06
7.153891476e-06
7.435193355e-06
5.251455496e-06
5.574307541e-06
6.048456628e-06
6.651948583e-06
7.35159927e-06
8.097547424e-06
8.818809939e-06
9.42091274e-06
9.787445988e-06
6.927249432e-06
7.342321581e-06
7.951629475e-06
8.726694245e-06
9.624662679e-06
1.058141407e-05
1.15059222e-05
1.227728517e-05
1.274675035e-05
9.054455301e-06
9.580853332e-06
1.035282802e-05
1.133352292e-05
1.246796958e-05
1.367456913e-05
1.483838618e-05
1.580772892e-05
1.639686563e-05
1.171536507e-05
1.237231632e-05
1.333424696e-05
1.455367522e-05
1.596067112e-05
1.74528231e-05
1.888765584e-05
2.007914854e-05
2.080143282e-05
1.498999118e-05
1.579493503e-05
1.697098985e-05
1.845748236e-05
2.016645855e-05
2.197153292e-05
2.369977084e-05
2.512887695e-05
2.599199259e-05
1.894810268e-05
1.991430764e-05
2.132204722e-05
2.309462902e-05
2.512319396e-05
2.725478915e-05
2.928456155e-05
3.095408641e-05
3.195765015e-05
2.363962324e-05
2.477355773e-05
2.642014142e-05
2.848408715e-05
3.083313221e-05
3.328632416e-05
3.560737986e-05
3.750456445e-05
3.863865052e-05
2.908439716e-05
3.03833053e-05
3.226218989e-05
3.460511972e-05
3.725509529e-05
4.000343459e-05
4.25850949e-05
4.468067539e-05
4.592570537e-05
3.52627501e-05
3.671290461e-05
3.880166196e-05
4.139148818e-05
4.430086825e-05
4.72957693e-05
5.008761003e-05
5.233750828e-05
5.366620743e-05
4.210859464e-05
4.368467749e-05
4.594453089e-05
4.872960389e-05
5.183607701e-05
5.500930641e-05
5.794482843e-05
6.029452303e-05
6.167707888e-05
4.950686579e-05
5.117279358e-05
5.355025227e-05
5.646209816e-05
5.968653804e-05
6.295539933e-05
6.595791467e-05
6.834528711e-05
6.97385007e-05
5.729674795e-05
5.900802167e-05
6.143864384e-05
6.439718353e-05
6.764973729e-05
7.092354918e-05
7.390336488e-05
7.62506654e-05
7.760964876e-05
6.528151572e-05
6.698883862e-05
6.940274949e-05
7.232371377e-05
7.550861964e-05
7.868167059e-05
8.154172325e-05
8.377399509e-05
8.505623749e-05
7.324475736e-05
7.489757127e-05
7.722085721e-05
8.000917895e-05
8.302202764e-05
8.599381223e-05
8.864571265e-05
9.069611452e-05
9.186447255e-05
8.094529392e-05
8.248906636e-05
8.46460595e-05
8.721395094e-05
8.996248944e-05
9.264563785e-05
9.501487624e-05
9.682861341e-05
9.785340621e-05
8.813365518e-05
8.952126443e-05
9.144777738e-05
9.372178051e-05
9.613108956e-05
9.845676114e-05
0.0001004866913
0.0001020236372
0.0001028839026
9.458616281e-05
9.57807303e-05
9.742753666e-05
9.935281596e-05
0.0001013690703
0.0001032900911
0.0001049440589
0.000106179907
0.0001068638083
0.0001001192464
0.0001010958789
0.000102430832
0.0001039733304
0.000105565453
0.0001070572687
0.0001083188367
0.0001092448256
0.0001097492786
0.000104599795
0.0001053461309
0.0001063546294
0.0001075011768
0.0001086603659
0.000109719974
0.0001105914525
0.0001112128792
0.0001115425476
0.000107950611
0.0001084662068
0.0001091500828
0.0001099066849
0.0001106441137
0.0001112873521
0.000111787025
0.0001121208792
0.000112286738
0.0001101506556
0.0001104454123
0.0001108205505
0.0001112092881
0.0001115524803
0.0001118102058
0.0001119687452
0.0001120408471
0.0001120585286
0.0001112304984
0.0001113224389
0.0001114155777
0.0001114706707
0.0001114591572
0.0001113729095
0.0001112294942
0.0001110715128
0.0001109596341
0.0001112640194
0.0001111767822
0.0001110219991
0.0001107856164
0.0001104664646
0.0001100841361
0.0001096826909
0.0001093293341
0.000109107957
0.0001103577944
0.0001101181493
0.0001097534402
0.0001092717157
0.0001086953897
0.0001080673353
0.0001074532401
0.0001069398493
0.000106629183
0.0001086395768
0.0001082752374
0.0001077395482
0.0001070591883
0.0001062760978
0.000105451958
0.0001046694171
0.0001040300799
0.0001036494782
0.0001062473397
0.0001057852214
0.0001051161152
0.0001042817782
0.0001033396673
0.0001023660173
0.0001014561541
0.0001007223638
0.0001002896225
0.0001033198335
0.0001027848118
0.0001020168303
0.000101069322
0.0001000115129
9.893032384e-05
9.79299678e-05
9.712979148e-05
9.666072091e-05
9.99892155e-05
9.94033626e-05
9.856703868e-05
9.75422575e-05
9.640666252e-05
9.525447473e-05
9.419554307e-05
9.335321921e-05
9.286144591e-05
9.637591135e-05
9.575813855e-05
9.487955609e-05
9.38080559e-05
9.26268124e-05
9.143447649e-05
9.03438225e-05
8.947969159e-05
8.897663635e-05
9.258556534e-05
9.195157575e-05
9.105234284e-05
8.995935928e-05
8.875892274e-05
8.755175371e-05
8.645135032e-05
8.558202107e-05
8.507700058e-05
8.870774462e-05
8.807019991e-05
8.716770505e-05
8.60734944e-05
8.487504113e-05
8.367323938e-05
8.25805723e-05
8.171923714e-05
8.121964728e-05
8.481598885e-05
8.418480796e-05
8.329264631e-05
8.221300407e-05
8.103299536e-05
7.98522181e-05
7.878080404e-05
7.793763976e-05
7.744918012e-05
8.096878152e-05
8.035149842e-05
7.947997327e-05
7.842683564e-05
7.727766926e-05
7.612966585e-05
7.508961258e-05
7.427220758e-05
7.379912114e-05
7.721107979e-05
7.661321781e-05
7.576986158e-05
7.475192177e-05
7.364258596e-05
7.253583134e-05
7.153439249e-05
7.0748168e-05
7.029347702e-05
7.357612142e-05
7.300155158e-05
7.21916217e-05
7.121491293e-05
7.015160177e-05
6.909188936e-05
6.813398184e-05
6.738258426e-05
6.694831019e-05
7.008729232e-05
6.953855767e-05
6.876548413e-05
6.783390414e-05
6.682056976e-05
6.581154225e-05
6.490020895e-05
6.41858608e-05
6.377322131e-05
6.675991346e-05
6.623851118e-05
6.550428527e-05
6.46200514e-05
6.365888251e-05
6.27024915e-05
6.183930205e-05
6.116310625e-05
6.077268657e-05
6.360286318e-05
6.310948275e-05
6.241498515e-05
6.157901813e-05
6.067084359e-05
5.976773743e-05
5.895312669e-05
5.831532401e-05
5.79472222e-05
6.061999388e-05
6.01547135e-05
5.949998477e-05
5.871222537e-05
5.785684732e-05
5.700669149e-05
5.624023948e-05
5.564042181e-05
5.529436939e-05
5.78113321e-05
5.73737775e-05
5.675823703e-05
5.601790245e-05
5.521436621e-05
5.44161032e-05
5.36967625e-05
5.313404639e-05
5.280950669e-05
5.517406967e-05
5.476354059e-05
5.418616093e-05
5.349194903e-05
5.273875844e-05
5.199081522e-05
5.131709268e-05
5.079025821e-05
5.048650523e-05
5.270336504e-05
5.231893438e-05
5.177837804e-05
5.112862783e-05
5.042391439e-05
4.972436563e-05
4.909446546e-05
4.860206564e-05
4.83182462e-05
5.03929785e-05
5.003356909e-05
4.952829448e-05
4.892111037e-05
4.826276441e-05
4.760945896e-05
4.702139367e-05
4.656183933e-05
4.629702137e-05
4.823576678e-05
4.790021001e-05
4.742855237e-05
4.686189911e-05
4.624766992e-05
4.563832748e-05
4.509000262e-05
4.466162722e-05
4.441483661e-05
4.622406124e-05
4.591114121e-05
4.54713735e-05
4.494314766e-05
4.437071888e-05
4.380300266e-05
4.329228045e-05
4.28933887e-05
4.266363692e-05
4.434995166e-05
4.405843793e-05
4.3648816e-05
4.315689887e-05
4.262394421e-05
4.209551457e-05
4.162026081e-05
4.124916446e-05
4.103546883e-05
4.260549486e-05
4.233416625e-05
4.195296168e-05
4.149525768e-05
4.099948131e-05
4.050803449e-05
4.006615231e-05
3.97211958e-05
3.952259408e-05
4.09828643e-05
4.073052585e-05
4.037604924e-05
3.995051311e-05
3.94896781e-05
3.903297347e-05
3.862242695e-05
3.830200526e-05
3.811756564e-05
3.947445406e-05
3.923994871e-05
3.891056573e-05
3.851522118e-05
3.808716893e-05
3.76630473e-05
3.728187723e-05
3.698444778e-05
3.681327557e-05
3.807294842e-05
3.785516474e-05
3.754930655e-05
3.718225824e-05
3.67849208e-05
3.639131612e-05
3.603765003e-05
3.576174003e-05
3.560298176e-05
3.677136465e-05
3.656924146e-05
3.628541106e-05
3.594485189e-05
3.557625942e-05
3.52112056e-05
3.488326331e-05
3.46274738e-05
3.448031933e-05
3.556307662e-05
3.537560559e-05
3.511238128e-05
3.479659615e-05
3.445488053e-05
3.41165145e-05
3.381261045e-05
3.357561783e-05
3.343930118e-05
3.444182513e-05
3.426805171e-05
3.402408818e-05
3.373145503e-05
3.341485059e-05
3.310141269e-05
3.281995602e-05
3.260051191e-05
3.247431099e-05
3.340171793e-05
3.324074108e-05
3.301476885e-05
3.274375782e-05
3.245060019e-05
3.216043275e-05
3.189992574e-05
3.16968555e-05
3.158009125e-05
3.243722266e-05
3.228819376e-05
3.207901764e-05
3.182818896e-05
3.15569126e-05
3.12884572e-05
3.10474926e-05
3.085969313e-05
3.075172812e-05
3.154315529e-05
3.14052766e-05
3.121177332e-05
3.097977441e-05
3.07289092e-05
3.048070314e-05
3.025796076e-05
3.008439767e-05
2.998463445e-05
3.071466572e-05
3.058718839e-05
3.040830383e-05
3.019386577e-05
2.996203309e-05
2.973270529e-05
2.952694817e-05
2.936665271e-05
2.927453192e-05
2.994722166e-05
2.98294436e-05
2.966418966e-05
2.946612339e-05
2.925203185e-05
2.904029846e-05
2.885036881e-05
2.870243458e-05
2.861743303e-05
2.923659166e-05
2.912785526e-05
2.897530666e-05
2.879249901e-05
2.859494e-05
2.839959991e-05
2.822441495e-05
2.808799455e-05
2.80096233e-05
2.857882801e-05
2.847851785e-05
2.833780881e-05
2.816921845e-05
2.798706172e-05
2.780699207e-05
2.764553986e-05
2.75198416e-05
2.744764396e-05
2.797024976e-05
2.78777903e-05
2.77481113e-05
2.759276478e-05
2.742495405e-05
2.725910573e-05
2.711044113e-05
2.699472579e-05
2.692827545e-05
2.740742629e-05
2.732227961e-05
2.720287417e-05
2.705986203e-05
2.690541067e-05
2.675280407e-05
2.661604476e-05
2.650962243e-05
2.644852163e-05
2.688716149e-05
2.680882511e-05
2.669898669e-05
2.656745968e-05
2.642544661e-05
2.62851674e-05
2.615949009e-05
2.60617172e-05
2.600559495e-05
2.640647861e-05
2.633448341e-05
2.623355243e-05
2.61127179e-05
2.598228361e-05
2.585347878e-05
2.573811557e-05
2.564839196e-05
2.559690241e-05
2.596260605e-05
2.58965142e-05
2.580387522e-05
2.569299364e-05
2.557333639e-05
2.545521044e-05
2.534944537e-05
2.526721162e-05
2.522003242e-05
2.555296382e-05
2.54923669e-05
2.540744583e-05
2.530582753e-05
2.519619977e-05
2.508801111e-05
2.499117685e-05
2.491591163e-05
2.487274246e-05
2.517515081e-05
2.511966796e-05
2.504192954e-05
2.494893156e-05
2.484863647e-05
2.474969398e-05
2.466116878e-05
2.459238643e-05
2.455294757e-05
2.482693289e-05
2.477620908e-05
2.470515442e-05
2.462017754e-05
2.452856583e-05
2.443822565e-05
2.435743032e-05
2.429467856e-05
2.425870953e-05
2.45062317e-05
2.44599361e-05
2.43951003e-05
2.431758627e-05
2.423405312e-05
2.415171555e-05
2.407811077e-05
2.402096848e-05
2.39882268e-05
2.421111411e-05
2.416893852e-05
2.410988857e-05
2.403931742e-05
2.396329959e-05
2.388840625e-05
2.382148992e-05
2.37695651e-05
2.373982508e-05
2.393978245e-05
2.390143983e-05
2.384777248e-05
2.378366007e-05
2.371463315e-05
2.364666427e-05
2.358596904e-05
2.353889689e-05
2.351194853e-05
2.369056523e-05
2.365578834e-05
2.360712817e-05
2.354902381e-05
2.348649971e-05
2.342497153e-05
2.337006253e-05
2.332750364e-05
2.330315158e-05
2.346190856e-05
2.343044865e-05
2.338644623e-05
2.333393047e-05
2.327745498e-05
2.32219174e-05
2.317239005e-05
2.313402868e-05
2.311209118e-05
2.325236808e-05
2.322399366e-05
2.318432383e-05
2.313700639e-05
2.308615693e-05
2.303619123e-05
2.299166919e-05
2.295721166e-05
2.293751975e-05
2.306060144e-05
2.303509711e-05
2.299945737e-05
2.295697518e-05
2.291135865e-05
2.286657536e-05
2.282670864e-05
2.279588188e-05
2.277827841e-05
2.288536121e-05
2.286252662e-05
2.283063556e-05
2.279265091e-05
2.275190173e-05
2.271193868e-05
2.267640181e-05
2.264895192e-05
2.263329079e-05
2.272548831e-05
2.270513711e-05
2.267673303e-05
2.264293188e-05
2.260671008e-05
2.257123051e-05
2.253972091e-05
2.251541182e-05
2.250155723e-05
2.257990588e-05
2.256186477e-05
2.253670432e-05
2.250679464e-05
2.247478415e-05
2.244347495e-05
2.241571133e-05
2.239432363e-05
2.238214935e-05
2.244761349e-05
2.243172135e-05
2.240957825e-05
2.238328855e-05
2.235519551e-05
2.232776565e-05
2.230348654e-05
2.228481627e-05
2.227420497e-05
2.232768182e-05
2.231378884e-05
2.229445275e-05
2.227153064e-05
2.224708188e-05
2.222326082e-05
2.220222318e-05
2.21860808e-05
2.217692344e-05
2.221924762e-05
2.220721455e-05
2.219048992e-05
2.217070079e-05
2.21496424e-05
2.21291787e-05
2.211115666e-05
2.209736601e-05
2.208956127e-05
2.212150907e-05
2.211120645e-05
2.209691152e-05
2.20800373e-05
2.206213331e-05
2.204479325e-05
2.202957691e-05
2.201797427e-05
2.2011428e-05
2.203372138e-05
2.20250289e-05
2.201299473e-05
2.199883275e-05
2.198386382e-05
2.196943022e-05
2.195682449e-05
2.194725774e-05
2.194188243e-05
2.195519281e-05
2.194799863e-05
2.19380682e-05
2.192643009e-05
2.191419238e-05
2.19024634e-05
2.189228699e-05
2.188461476e-05
2.188032912e-05
2.188528083e-05
2.1879481e-05
2.187150839e-05
2.186221907e-05
2.185252314e-05
2.184331121e-05
2.183539565e-05
2.182948657e-05
2.182621503e-05
2.182338863e-05
2.181888657e-05
2.181273613e-05
2.18056329e-05
2.17983027e-05
2.179143349e-05
2.178562222e-05
2.178135421e-05
2.177902658e-05
2.176896189e-05
2.17656678e-05
2.176121348e-05
2.175614513e-05
2.175101704e-05
2.174632854e-05
2.174247607e-05
2.17397357e-05
2.173828673e-05
2.172148568e-05
2.171931612e-05
2.171644077e-05
2.171326676e-05
2.171018872e-05
2.170753039e-05
2.170550152e-05
2.170418335e-05
2.170355243e-05
2.168048172e-05
2.167935914e-05
2.167795387e-05
2.167654359e-05
2.16753743e-05
2.167460622e-05
2.167427532e-05
2.16742814e-05
2.167441219e-05
2.164550572e-05
2.164535804e-05
2.164532168e-05
2.164555377e-05
2.16461619e-05
2.164715408e-05
2.164840438e-05
2.164964369e-05
2.165048385e-05
2.161614504e-05
2.161690529e-05
2.16181438e-05
2.161990549e-05
2.162216903e-05
2.162480066e-05
2.162752371e-05
2.162991169e-05
2.163141261e-05
2.159201645e-05
2.159362241e-05
2.159604844e-05
2.159923494e-05
2.160304054e-05
2.160719943e-05
2.161129448e-05
2.16147526e-05
2.161686911e-05
2.157276416e-05
2.157515802e-05
2.157869044e-05
2.158320445e-05
2.158844685e-05
2.15940288e-05
2.159940233e-05
2.160385767e-05
2.160654787e-05
2.155805798e-05
2.156118608e-05
2.156574958e-05
2.157150077e-05
2.157808229e-05
2.158499063e-05
2.159155585e-05
2.159694079e-05
2.160016581e-05
2.154759173e-05
2.155140431e-05
2.155692902e-05
2.156383365e-05
2.157166371e-05
2.157980883e-05
2.158748533e-05
2.159373723e-05
2.159746106e-05
2.154108189e-05
2.154553283e-05
2.155195405e-05
2.155993456e-05
2.156892933e-05
2.157822832e-05
2.158694172e-05
2.159400263e-05
2.159819201e-05
2.15382664e-05
2.154331308e-05
2.155057102e-05
2.155955574e-05
2.156963781e-05
2.158001413e-05
2.158969583e-05
2.159751238e-05
2.160213664e-05
2.153890386e-05
2.154450698e-05
2.155254655e-05
2.156246953e-05
2.157356766e-05
2.158495098e-05
2.159553799e-05
2.160406118e-05
2.160909223e-05
2.154277293e-05
2.154889648e-05
2.155766718e-05
2.156846802e-05
2.158051708e-05
2.159284315e-05
2.160427799e-05
2.161346321e-05
2.161887549e-05
2.154967224e-05
2.155628341e-05
2.156573934e-05
2.157736318e-05
2.15903041e-05
2.160351479e-05
2.161574561e-05
2.162555266e-05
2.163132317e-05
2.155942064e-05
2.156648992e-05
2.157658981e-05
2.158898747e-05
2.160276748e-05
2.161681098e-05
2.162979169e-05
2.1640185e-05
2.164629347e-05
2.15718581e-05
2.15793594e-05
2.159006689e-05
2.160319518e-05
2.161776807e-05
2.16325993e-05
2.164629003e-05
2.165723898e-05
2.166366803e-05
2.158684726e-05
2.159475818e-05
2.160604219e-05
2.161986437e-05
2.163519119e-05
2.165077243e-05
2.166514014e-05
2.16766196e-05
2.168335511e-05
2.160427579e-05
2.161257804e-05
2.162441335e-05
2.163889994e-05
2.165494983e-05
2.16712517e-05
2.168627112e-05
2.169826224e-05
2.170529378e-05
2.162405973e-05
2.16327397e-05
2.16451078e-05
2.166023766e-05
2.167698911e-05
2.169399189e-05
2.170964679e-05
2.172213805e-05
2.172945959e-05
2.164614798e-05
2.165519749e-05
2.166808776e-05
2.168384953e-05
2.170129207e-05
2.171898747e-05
2.173527238e-05
2.174826103e-05
2.175587171e-05
2.167052805e-05
2.167994543e-05
2.169335661e-05
2.170975058e-05
2.172788697e-05
2.174628042e-05
2.176320284e-05
2.177669668e-05
2.178460198e-05
2.169723329e-05
2.170702464e-05
2.172096675e-05
2.173800731e-05
2.175685625e-05
2.177596985e-05
2.179355297e-05
2.180757267e-05
2.181578574e-05
2.172635172e-05
2.173653258e-05
2.175102927e-05
2.176874783e-05
2.178834739e-05
2.180822339e-05
2.182650953e-05
2.184109137e-05
2.184963473e-05
2.175803649e-05
2.176863377e-05
2.178372517e-05
2.180217378e-05
2.182258546e-05
2.184329057e-05
2.186234519e-05
2.187754443e-05
2.188645197e-05
2.179251809e-05
2.180357238e-05
2.181931848e-05
2.183857401e-05
2.185988749e-05
2.188151788e-05
2.190143432e-05
2.191732907e-05
2.192664835e-05
2.183011804e-05
2.184168632e-05
2.185817082e-05
2.187833978e-05
2.190067843e-05
2.192336539e-05
2.194427025e-05
2.196096585e-05
2.197076077e-05
2.187126404e-05
2.188342266e-05
2.190075731e-05
2.192198124e-05
2.194550818e-05
2.196942442e-05
2.19914835e-05
2.200911735e-05
2.201947102e-05
2.19165061e-05
2.192935404e-05
2.194768332e-05
2.197014461e-05
2.199506925e-05
2.202043566e-05
2.204386023e-05
2.206260694e-05
2.207362474e-05
2.1966533e-05
2.198019531e-05
2.199970135e-05
2.20236293e-05
2.205021406e-05
2.207730663e-05
2.210235992e-05
2.212243649e-05
2.213424917e-05
2.20221885e-05
2.203681971e-05
2.205772719e-05
2.208340397e-05
2.211197098e-05
2.214112754e-05
2.216813093e-05
2.218980172e-05
2.220256832e-05
2.208448597e-05
2.210027337e-05
2.212285409e-05
2.21506203e-05
2.218155741e-05
2.221318368e-05
2.224252222e-05
2.226610331e-05
2.228001367e-05
2.215462044e-05
2.217178681e-05
2.219636357e-05
2.222662286e-05
2.226038857e-05
2.229496293e-05
2.232708949e-05
2.235295185e-05
2.236822847e-05
2.223397631e-05
2.225278193e-05
2.22797312e-05
2.231295328e-05
2.235007977e-05
2.238815599e-05
2.242359341e-05
2.245216433e-05
2.246906302e-05
2.232412911e-05
2.234487254e-05
2.237462537e-05
2.241134677e-05
2.245244021e-05
2.249464719e-05
2.253398756e-05
2.256574965e-05
2.258455875e-05
2.242683935e-05
2.244985657e-05
2.248289708e-05
2.252371877e-05
2.256945605e-05
2.26164937e-05
2.266039374e-05
2.269588068e-05
2.271691827e-05
2.254403625e-05
2.256969774e-05
2.26065585e-05
2.265213958e-05
2.27032604e-05
2.275589056e-05
2.280506231e-05
2.284485057e-05
2.286845921e-05
2.267778961e-05
2.270649475e-05
2.274774835e-05
2.279879489e-05
2.285608825e-05
2.291511973e-05
2.297031541e-05
2.301501126e-05
2.30415498e-05
2.283026766e-05
2.286243612e-05
2.290868227e-05
2.296593052e-05
2.303021476e-05
2.309648148e-05
2.315847193e-05
2.320869292e-05
2.323852503e-05
2.300367954e-05
2.303973918e-05
2.309158676e-05
2.315578005e-05
2.322787576e-05
2.330220749e-05
2.337175344e-05
2.342810416e-05
2.346158335e-05
2.32002014e-05
2.324057245e-05
2.329861626e-05
2.337047529e-05
2.34511707e-05
2.353435603e-05
2.361217219e-05
2.367521412e-05
2.371266523e-05
2.342188606e-05
2.34669616e-05
2.353175371e-05
2.361194022e-05
2.370194938e-05
2.379469134e-05
2.388140367e-05
2.395161959e-05
2.399331714e-05
2.367055739e-05
2.372068028e-05
2.379269646e-05
2.388177108e-05
2.398168555e-05
2.408455091e-05
2.418064831e-05
2.425840247e-05
2.430454659e-05
2.394769197e-05
2.400312893e-05
2.408273121e-05
2.418110667e-05
2.429134265e-05
2.440470696e-05
2.451048949e-05
2.45959854e-05
2.464667657e-05
2.425429239e-05
2.43152064e-05
2.440260335e-05
2.451049544e-05
2.46312389e-05
2.475523031e-05
2.487075705e-05
2.496399561e-05
2.501921001e-05
2.459075863e-05
2.465718105e-05
2.475238818e-05
2.486976757e-05
2.500092124e-05
2.513536724e-05
2.5260408e-05
2.53611496e-05
2.542071727e-05
2.495676561e-05
2.502857029e-05
2.513137373e-05
2.525792247e-05
2.539905929e-05
2.554344151e-05
2.567743725e-05
2.578517212e-05
2.58487606e-05
2.535115717e-05
2.542803886e-05
2.553796579e-05
2.56730433e-05
2.58233717e-05
2.597679421e-05
2.611883183e-05
2.623276318e-05
2.629986969e-05
2.577186735e-05
2.585332723e-05
2.596962706e-05
2.611225027e-05
2.627059666e-05
2.643177369e-05
2.658058022e-05
2.669962517e-05
2.676958056e-05
2.621588084e-05
2.630122167e-05
2.642286171e-05
2.6571704e-05
2.673651729e-05
2.690378486e-05
2.70577438e-05
2.718054537e-05
2.725251881e-05
2.667924289e-05
2.67675762e-05
2.689325478e-05
2.704666759e-05
2.721604833e-05
2.738739508e-05
2.754457872e-05
2.766954543e-05
2.77425781e-05
2.715712739e-05
2.72473942e-05
2.737557189e-05
2.753162205e-05
2.770337085e-05
2.787650577e-05
2.803475445e-05
2.816012823e-05
2.823317371e-05
2.764395325e-05
2.773495297e-05
2.786390004e-05
2.802044423e-05
2.819215587e-05
2.836460772e-05
2.85216243e-05
2.864556078e-05
2.871753504e-05
2.813356634e-05
2.822401031e-05
2.835188493e-05
2.850666427e-05
2.867583534e-05
2.884506747e-05
2.899852782e-05
2.91191874e-05
2.918902351e-05
2.861949802e-05
2.870806823e-05
2.883300195e-05
2.898374972e-05
2.91479009e-05
2.931143717e-05
2.945910586e-05
2.957474236e-05
2.964143974e-05
2.909524829e-05
2.918066268e-05
2.930085409e-05
2.944541092e-05
2.960221385e-05
2.975776416e-05
2.989760296e-05
3.000662651e-05
3.006926938e-05
2.955458771e-05
2.963566665e-05
2.974947533e-05
2.988590184e-05
3.003330107e-05
3.017887723e-05
3.030916751e-05
3.041035937e-05
3.04683261e-05
2.999185068e-05
3.006757795e-05
3.017361025e-05
3.030028467e-05
3.043661288e-05
3.057072628e-05
3.069030969e-05
3.078287521e-05
3.083576144e-05
3.040218776e-05
3.047175726e-05
3.05689459e-05
3.068472126e-05
3.080891637e-05
3.09306754e-05
3.1038884e-05
3.112240481e-05
3.117002334e-05
3.078183917e-05
3.084477856e-05
3.093253153e-05
3.103680486e-05
3.114834269e-05
3.125737305e-05
3.135400684e-05
3.142842903e-05
3.14707997e-05
3.112853723e-05
3.118465763e-05
3.126277372e-05
3.135540244e-05
3.145425726e-05
3.155067304e-05
3.163596138e-05
3.170155577e-05
3.17388777e-05
3.144129105e-05
3.149066226e-05
3.155929852e-05
3.164056307e-05
3.172715428e-05
3.181149228e-05
3.188602354e-05
3.194332242e-05
3.197593559e-05
3.172029299e-05
3.176321147e-05
3.182283388e-05
3.18933698e-05
3.196847837e-05
3.204160607e-05
3.210623809e-05
3.215596174e-05
3.218430279e-05
3.196676711e-05
3.20037088e-05
3.205502275e-05
3.211573209e-05
3.218039983e-05
3.224341242e-05
3.229917917e-05
3.234216459e-05
3.236672518e-05
3.218275565e-05
3.221432049e-05
3.225819199e-05
3.231014825e-05
3.236557602e-05
3.241969893e-05
3.246772851e-05
3.250487104e-05
3.252617044e-05
3.23708736e-05
3.239772991e-05
3.243510909e-05
3.247946889e-05
3.252692731e-05
3.25734379e-05
3.261489659e-05
3.26471247e-05
3.266571161e-05
3.2534065e-05
3.255690037e-05
3.25887555e-05
3.262668497e-05
3.266744355e-05
3.270761479e-05
3.274368019e-05
3.277198229e-05
3.278854681e-05
3.267538987e-05
3.26948724e-05
3.272213842e-05
3.275475584e-05
3.279002491e-05
3.282507088e-05
3.28568826e-05
3.288206204e-05
3.289680572e-05
3.279786223e-05
3.281461396e-05
3.28381572e-05
3.28664941e-05
3.289737415e-05
3.292838243e-05
3.295660766e-05
3.297896152e-05
3.299206791e-05
3.290435105e-05
3.291893406e-05
3.293953046e-05
3.296453125e-05
3.299188981e-05
3.301932592e-05
3.304432239e-05
3.3064137e-05
3.307576085e-05
3.299754907e-05
3.301046786e-05
3.302872341e-05
3.305083351e-05
3.307501565e-05
3.309926739e-05
3.312136414e-05
3.313888736e-05
3.314917308e-05
3.307964969e-05
3.309105994e-05
3.310717829e-05
3.312669269e-05
3.314803318e-05
3.316942716e-05
3.318892071e-05
3.320438431e-05
3.321346632e-05
3.315184346e-05
3.316189867e-05
3.317610288e-05
3.319328749e-05
3.321207504e-05
3.323090701e-05
3.324806779e-05
3.326168583e-05
3.326968915e-05
3.321524134e-05
3.322407872e-05
3.323656048e-05
3.32516565e-05
3.326815815e-05
3.328469915e-05
3.329977602e-05
3.331174645e-05
3.331878708e-05
3.327081978e-05
3.327856617e-05
3.328950588e-05
3.330273554e-05
3.331719763e-05
3.333169754e-05
3.334492012e-05
3.335542586e-05
3.336161103e-05
3.331946053e-05
3.332623353e-05
3.333579884e-05
3.334736771e-05
3.336001779e-05
3.337270715e-05
3.338428707e-05
3.339349647e-05
3.339892481e-05
3.336195956e-05
3.336786828e-05
3.337621465e-05
3.338631278e-05
3.339736074e-05
3.340845166e-05
3.341858313e-05
3.342665038e-05
3.343141203e-05
3.339903575e-05
3.340418121e-05
3.34114523e-05
3.34202548e-05
3.342989344e-05
3.343958013e-05
3.34484404e-05
3.34555058e-05
3.345968254e-05
3.34313379e-05
3.343581318e-05
3.344214105e-05
3.344980842e-05
3.34582138e-05
3.346667293e-05
3.34744227e-05
3.348061297e-05
3.348427846e-05
3.345945049e-05
3.346334078e-05
3.346884602e-05
3.347552432e-05
3.348285609e-05
3.349024727e-05
3.349703114e-05
3.350245997e-05
3.35056801e-05
3.34838985e-05
3.348728119e-05
3.349207303e-05
3.349789412e-05
3.350429588e-05
3.351076218e-05
3.351670947e-05
3.352147861e-05
3.352431286e-05
3.350515177e-05
3.350809648e-05
3.351227294e-05
3.351735478e-05
3.352295455e-05
3.35286232e-05
3.353384914e-05
3.353805086e-05
3.354055837e-05
3.352362881e-05
3.352619755e-05
3.35298457e-05
3.353429269e-05
3.353920338e-05
3.354418636e-05
3.354879248e-05
3.355250868e-05
3.355472579e-05
3.353970055e-05
3.35419479e-05
3.354514419e-05
3.354904775e-05
3.355336795e-05
3.355776294e-05
3.35618379e-05
3.35651234e-05
3.356708051e-05
3.355369385e-05
3.355566735e-05
3.355847829e-05
3.356191779e-05
3.356573294e-05
3.356962497e-05
3.357322993e-05
3.357613288e-05
3.357786039e-05
3.356589527e-05
3.356763604e-05
3.357011934e-05
3.357316404e-05
3.357654725e-05
3.357999365e-05
3.358318265e-05
3.358574873e-05
3.358727387e-05
3.357655545e-05
3.357809875e-05
3.35803049e-05
3.358300877e-05
3.358600888e-05
3.358906195e-05
3.359188532e-05
3.359415488e-05
3.359550221e-05
3.358589551e-05
3.358726929e-05
3.358922971e-05
3.359163082e-05
3.35942926e-05
3.359699995e-05
3.359950102e-05
3.360150885e-05
3.360269982e-05
3.359408814e-05
3.359531069e-05
3.359705395e-05
3.359918759e-05
3.360155177e-05
3.360395338e-05
3.360616809e-05
3.360794295e-05
3.360899313e-05
3.360127899e-05
3.36023676e-05
3.360391941e-05
3.360581752e-05
3.360791739e-05
3.361004584e-05
3.361200388e-05
3.361356763e-05
3.361449157e-05
3.360759762e-05
3.360856837e-05
3.360995056e-05
3.361163817e-05
3.361350053e-05
3.361538254e-05
3.361710654e-05
3.361848003e-05
3.361929174e-05
3.361315746e-05
3.361402245e-05
3.361525183e-05
3.361674902e-05
3.361839536e-05
3.362005118e-05
3.36215631e-05
3.362276693e-05
3.362347976e-05
3.361805288e-05
3.361882146e-05
3.361991153e-05
3.362123354e-05
3.362268015e-05
3.362412978e-05
3.362545186e-05
3.362650619e-05
3.362713252e-05
3.36223637e-05
3.362304292e-05
3.362400236e-05
3.362516111e-05
3.362642463e-05
3.362768896e-05
3.362884352e-05
3.362976736e-05
3.363031827e-05
3.362615304e-05
3.362674772e-05
3.362758515e-05
3.36285938e-05
3.362969233e-05
3.36307929e-05
3.363180141e-05
3.363261194e-05
3.363309706e-05
3.362947365e-05
3.362998964e-05
3.363071518e-05
3.363158867e-05
3.363254143e-05
3.363349944e-05
3.363438157e-05
3.363509376e-05
3.36355213e-05
3.363237402e-05
3.363281858e-05
3.363344404e-05
3.363419859e-05
3.363502485e-05
3.363586e-05
3.363663301e-05
3.363725955e-05
3.363763647e-05
3.363490036e-05
3.363528194e-05
3.363582015e-05
3.363647214e-05
3.363718998e-05
3.363791967e-05
3.36385982e-05
3.363914975e-05
3.363948191e-05
3.363709714e-05
3.363742463e-05
3.363788838e-05
3.363845314e-05
3.363907856e-05
3.363971755e-05
3.364031383e-05
3.36407993e-05
3.364109172e-05
3.363900642e-05
3.363928835e-05
3.363968936e-05
3.364018036e-05
3.364072686e-05
3.364128738e-05
3.364181152e-05
3.364223845e-05
3.364249546e-05
3.364066682e-05
3.364091072e-05
3.364125907e-05
3.36416875e-05
3.364216616e-05
3.364265821e-05
3.364311863e-05
3.364349343e-05
3.364371883e-05
3.364211269e-05
3.364232478e-05
3.364262866e-05
3.364300355e-05
3.364342327e-05
3.364385504e-05
3.364425882e-05
3.364458709e-05
3.364478425e-05
3.364337371e-05
3.364355892e-05
3.364382478e-05
3.364415325e-05
3.364452118e-05
3.364489943e-05
3.364525263e-05
3.36455393e-05
3.364571124e-05
3.36444751e-05
3.364463719e-05
3.364487003e-05
3.364515769e-05
3.364547963e-05
3.364581003e-05
3.364611791e-05
3.364636731e-05
3.364651673e-05
3.3645438e-05
3.364557986e-05
3.364578353e-05
3.364603486e-05
3.364631558e-05
3.3646603e-05
3.364687017e-05
3.364708617e-05
3.364721541e-05
3.364628014e-05
3.364640399e-05
3.364658154e-05
3.364680018e-05
3.364704377e-05
3.364729246e-05
3.364752308e-05
3.364770917e-05
3.364782044e-05
3.364701643e-05
3.3647124e-05
3.364727793e-05
3.364746701e-05
3.364767704e-05
3.364789089e-05
3.364808874e-05
3.364824819e-05
3.364834359e-05
3.364765949e-05
3.364775226e-05
3.364788473e-05
3.3648047e-05
3.364822676e-05
3.364840933e-05
3.364857797e-05
3.36487139e-05
3.364879536e-05
3.364822016e-05
3.364829945e-05
3.36484124e-05
3.364855043e-05
3.364870298e-05
3.364885763e-05
3.364900046e-05
3.364911578e-05
3.364918511e-05
3.36487079e-05
3.36487749e-05
3.364887019e-05
3.36489864e-05
3.364911462e-05
3.364924458e-05
3.364936483e-05
3.364946225e-05
3.364952106e-05
3.364913101e-05
3.364918689e-05
3.364926627e-05
3.364936296e-05
3.364946964e-05
3.364957804e-05
3.364967873e-05
3.36497607e-05
3.364981045e-05
3.364949685e-05
3.364954274e-05
3.364960789e-05
3.364968732e-05
3.364977524e-05
3.3649865e-05
3.364994889e-05
3.365001763e-05
3.365005962e-05
3.364981191e-05
3.364984891e-05
3.364990157e-05
3.364996603e-05
3.365003783e-05
3.365011168e-05
3.365018125e-05
3.365023872e-05
3.365027409e-05
3.365008205e-05
3.365011137e-05
3.36501533e-05
3.365020501e-05
3.365026313e-05
3.365032351e-05
3.365038098e-05
3.36504289e-05
3.365045866e-05
3.365031283e-05
3.365033565e-05
3.365036855e-05
3.365040956e-05
3.365045621e-05
3.365050529e-05
3.365055258e-05
3.365059247e-05
3.365061749e-05
3.36505094e-05
3.365052683e-05
3.365055225e-05
3.365058439e-05
3.365062152e-05
3.36506612e-05
3.36507e-05
3.365073316e-05
3.365075418e-05
3.365067645e-05
3.365068949e-05
3.365070879e-05
3.365073366e-05
3.365076296e-05
3.365079488e-05
3.365082664e-05
3.365085418e-05
3.365087184e-05
3.365081819e-05
3.365082769e-05
3.365084205e-05
3.365086102e-05
3.365088394e-05
3.365090949e-05
3.365093543e-05
3.365095829e-05
3.365097314e-05
3.365093831e-05
3.365094499e-05
3.36509554e-05
3.365096963e-05
3.365098739e-05
3.365100776e-05
3.365102891e-05
3.36510479e-05
3.365106039e-05
3.365104002e-05
3.365104448e-05
3.365105178e-05
3.365106224e-05
3.365107586e-05
3.365109203e-05
3.365110927e-05
3.365112504e-05
3.365113557e-05
3.36511261e-05
3.365112886e-05
3.365113373e-05
3.365114122e-05
3.365115155e-05
3.365116434e-05
3.365117837e-05
3.365119149e-05
3.365120036e-05
3.365119896e-05
3.365120041e-05
3.365120341e-05
3.36512086e-05
3.365121633e-05
3.36512264e-05
3.365123782e-05
3.365124874e-05
3.365125623e-05
3.365126063e-05
3.365126111e-05
3.36512627e-05
3.365126611e-05
3.36512718e-05
3.365127969e-05
3.365128899e-05
3.365129809e-05
3.365130442e-05
3.365131286e-05
3.365131262e-05
3.365131316e-05
3.365131522e-05
3.365131932e-05
3.365132548e-05
3.365133305e-05
3.365134064e-05
3.3651346e-05
3.365135712e-05
3.365135637e-05
3.365135614e-05
3.365135719e-05
3.365136006e-05
3.365136483e-05
3.3651371e-05
3.365137733e-05
3.365138188e-05
3.365139465e-05
3.365139356e-05
3.365139279e-05
3.365139308e-05
3.3651395e-05
3.365139868e-05
3.365140369e-05
3.365140898e-05
3.365141283e-05
3.365142651e-05
3.365142519e-05
3.365142404e-05
3.365142379e-05
3.365142498e-05
3.365142778e-05
3.365143184e-05
3.365143625e-05
3.365143952e-05
3.365145357e-05
3.365145211e-05
3.365145071e-05
3.365145007e-05
3.36514507e-05
3.36514528e-05
3.365145608e-05
3.365145975e-05
3.365146251e-05
3.365147656e-05
3.365147504e-05
3.365147349e-05
3.365147256e-05
3.365147277e-05
3.36514743e-05
3.365147692e-05
3.365147997e-05
3.36514823e-05
3.365149612e-05
3.365149457e-05
3.365149293e-05
3.365149181e-05
3.365149168e-05
3.365149275e-05
3.365149482e-05
3.365149733e-05
3.365149928e-05
3.365151274e-05
3.36515112e-05
3.365150952e-05
3.365150826e-05
3.365150788e-05
3.365150855e-05
3.365151016e-05
3.365151219e-05
3.36515138e-05
3.365152686e-05
3.365152535e-05
3.365152365e-05
3.36515223e-05
3.365152171e-05
3.365152206e-05
3.365152325e-05
3.365152486e-05
3.365152618e-05
3.365153885e-05
3.365153737e-05
3.365153568e-05
3.365153426e-05
3.365153348e-05
3.365153355e-05
3.365153437e-05
3.365153561e-05
3.365153667e-05
3.3651549e-05
3.365154756e-05
3.365154588e-05
3.36515444e-05
3.365154347e-05
3.365154327e-05
3.365154375e-05
3.365154465e-05
3.365154547e-05
3.365155757e-05
3.365155617e-05
3.36515545e-05
3.365155296e-05
3.365155188e-05
3.365155143e-05
3.36515516e-05
3.365155218e-05
3.365155278e-05
3.365156477e-05
3.36515634e-05
3.365156173e-05
3.365156012e-05
3.365155889e-05
3.36515582e-05
3.365155807e-05
3.365155834e-05
3.365155872e-05
3.365157075e-05
3.365156939e-05
3.36515677e-05
3.365156601e-05
3.365156462e-05
3.365156368e-05
3.365156324e-05
3.36515632e-05
3.365156337e-05
3.36515755e-05
3.365157414e-05
3.365157241e-05
3.365157063e-05
3.365156905e-05
3.365156786e-05
3.365156711e-05
3.365156676e-05
3.365156671e-05
3.365157866e-05
3.365157728e-05
3.36515755e-05
3.365157361e-05
3.365157187e-05
3.365157045e-05
3.365156943e-05
3.365156882e-05
3.365156857e-05
2.804833175e-22
1.050538801e-21
2.343992988e-21
4.442796527e-21
7.844822075e-21
1.341135542e-20
2.26404599e-20
3.812369338e-20
6.435043073e-20
1.090956373e-19
1.858328268e-19
3.179222387e-19
5.458918498e-19
9.400947238e-19
1.622659205e-18
2.805421633e-18
4.855529172e-18
8.409709696e-18
1.457282844e-17
2.526248651e-17
4.380721675e-17
7.598529997e-17
1.318290931e-16
2.287591493e-16
3.970282031e-16
6.891755973e-16
1.19644462e-15
2.077280975e-15
3.606758e-15
6.262203522e-15
1.08713095e-14
1.886777408e-14
3.273135365e-14
5.674281147e-14
9.827389656e-14
1.69981161e-13
2.935167847e-13
5.05767211e-13
8.692703564e-13
1.489479448e-12
2.54313625e-12
4.324476887e-12
7.319721739e-12
1.23258374e-11
2.063760174e-11
3.433842602e-11
5.674626306e-11
9.308759222e-11
1.515016656e-10
2.445163575e-10
3.911896255e-10
6.201819379e-10
9.741219562e-10
1.515756171e-09
2.336459159e-09
3.568059713e-09
5.399235787e-09
8.098025844e-09
1.20426505e-08
1.776355281e-08
2.60005126e-08
3.777989958e-08
5.451870042e-08
7.81640318e-08
1.113792738e-07
1.577905099e-07
2.2230988e-07
3.115553379e-07
4.343883996e-07
6.025913645e-07
8.317014248e-07
1.142007892e-06
1.559696371e-06
2.118085345e-06
2.858841795e-06
3.832980828e-06
5.101353505e-06
6.734220477e-06
8.80951883e-06
1.140941096e-05
1.461464999e-05
1.849685145e-05
2.310902097e-05
2.847525547e-05
3.458101396e-05
4.136571317e-05
4.87194892e-05
5.648569371e-05
6.447008378e-05
7.245671409e-05
8.020670865e-05
8.746735748e-05
9.401023703e-05
9.964611889e-05
0.0001042359096
0.0001076966697
0.000110002334
0.0001111794884
0.000111299225
0.0001104665292
0.0001088086276
0.0001064638207
0.0001035717995
0.0001002660433
9.666848332e-05
9.288630013e-05
8.901052216e-05
8.511600964e-05
8.126239507e-05
7.74956055e-05
7.384967623e-05
7.034863437e-05
6.700830601e-05
6.383795966e-05
6.084174315e-05
5.801990174e-05
5.536978507e-05
5.288666151e-05
5.056436429e-05
4.839579483e-05
4.637330785e-05
4.448900077e-05
4.27349265e-05
4.110324642e-05
3.958633691e-05
3.817686074e-05
3.686781147e-05
3.565253795e-05
3.452475548e-05
3.347854644e-05
3.250835355e-05
3.160896864e-05
3.077551836e-05
3.000344816e-05
2.928850546e-05
2.862672245e-05
2.801439921e-05
2.744808722e-05
2.692457347e-05
2.644086534e-05
2.599417633e-05
2.558191241e-05
2.520165937e-05
2.485117075e-05
2.452835667e-05
2.423127321e-05
2.39581126e-05
2.370719392e-05
2.347695447e-05
2.326594166e-05
2.307280545e-05
2.289629124e-05
2.273523329e-05
2.258854849e-05
2.245523061e-05
2.233434494e-05
2.22250232e-05
2.212645886e-05
2.203790282e-05
2.195865925e-05
2.188808188e-05
2.18255704e-05
2.177056721e-05
2.172255438e-05
2.16810508e-05
2.164560959e-05
2.161581566e-05
2.159128352e-05
2.157165525e-05
2.155659871e-05
2.154580586e-05
2.153899143e-05
2.15358917e-05
2.153626368e-05
2.15398845e-05
2.154655122e-05
2.155608116e-05
2.156831265e-05
2.158310659e-05
2.160034873e-05
2.16199529e-05
2.164186543e-05
2.16660708e-05
2.16925987e-05
2.172153273e-05
2.175302072e-05
2.178728674e-05
2.182464463e-05
2.186551302e-05
2.191043128e-05
2.196007599e-05
2.201527703e-05
2.207703238e-05
2.214652033e-05
2.222510761e-05
2.231435166e-05
2.241599519e-05
2.253195102e-05
2.266427502e-05
2.28151255e-05
2.298670724e-05
2.318119938e-05
2.340066684e-05
2.364695636e-05
2.392157952e-05
2.422558693e-05
2.455943978e-05
2.492288657e-05
2.53148551e-05
2.573337065e-05
2.617551181e-05
2.663741494e-05
2.711433567e-05
2.760076194e-05
2.809058381e-05
2.857734945e-05
2.905454492e-05
2.951589532e-05
2.995566062e-05
3.036889594e-05
3.07516848e-05
3.110162327e-05
3.141759598e-05
3.169968535e-05
3.194902736e-05
3.216760241e-05
3.235799041e-05
3.252312434e-05
3.266607222e-05
3.278986904e-05
3.289741035e-05
3.299140539e-05
3.307422367e-05
3.31470619e-05
3.321103859e-05
3.326713564e-05
3.331623932e-05
3.335914967e-05
3.339658933e-05
3.342921084e-05
3.345760231e-05
3.348229242e-05
3.35037546e-05
3.3522411e-05
3.3538636e-05
3.355275982e-05
3.356507212e-05
3.357582637e-05
3.358524619e-05
3.359351011e-05
3.360076423e-05
3.360713831e-05
3.361274779e-05
3.361768839e-05
3.362204087e-05
3.362586982e-05
3.362922761e-05
3.363216201e-05
3.36347186e-05
3.363694149e-05
3.363887278e-05
3.364055152e-05
3.364201264e-05
3.364328647e-05
3.364439879e-05
3.364537121e-05
3.36462218e-05
3.364696569e-05
3.364761567e-05
3.364818267e-05
3.364867618e-05
3.364910452e-05
3.364947509e-05
3.364979438e-05
3.36500682e-05
3.36503021e-05
3.365050125e-05
3.365067042e-05
3.365081386e-05
3.365093532e-05
3.365103809e-05
3.365112499e-05
3.365119846e-05
3.365126059e-05
3.365131314e-05
3.365135764e-05
3.365139532e-05
3.365142728e-05
3.365145439e-05
3.365147741e-05
3.365149696e-05
3.365151357e-05
3.365152767e-05
3.365153963e-05
3.365154975e-05
3.36515583e-05
3.365156548e-05
3.365157144e-05
3.365157619e-05
3.365157935e-05
)
;

boundaryField
{
    outlet
    {
        type            inletOutlet;
        inletValue      uniform 0;
        value           nonuniform List<scalar> 10(3.365157866e-05 3.365157728e-05 3.36515755e-05 3.365157361e-05 3.365157187e-05 3.365157045e-05 3.365156943e-05 3.365156882e-05 3.365156857e-05 3.365157935e-05);
    }
    inlet
    {
        type            fixedValue;
        value           uniform 0;
    }
    front
    {
        type            wedge;
    }
    wall
    {
        type            zeroGradient;
    }
    back
    {
        type            wedge;
    }
}


// ************************************************************************* //
