/*--------------------------------*- C++ -*----------------------------------*\
| =========                 |                                                 |
| \\      /  F ield         | OpenFOAM: The Open Source CFD Toolbox           |
|  \\    /   O peration     | Version:  2212                                  |
|   \\  /    A nd           | Website:  www.openfoam.com                      |
|    \\/     M anipulation  |                                                 |
\*---------------------------------------------------------------------------*/
FoamFile
{
    version     2.0;
    format      ascii;
    arch        "LSB;label=32;scalar=64";
    class       volScalarField;
    location    "30.00000000";
    object      C5H5;
}
// * * * * * * * * * * * * * * * * * * * * * * * * * * * * * * * * * * * * * //

dimensions      [0 0 0 0 0 0 0];

internalField   nonuniform List<scalar> 
3000
(
1.131173267e-21
1.270847495e-21
1.481625024e-21
1.762523214e-21
2.110701657e-21
2.516719919e-21
2.956125567e-21
3.375449125e-21
3.671948578e-21
4.247438209e-21
4.791178242e-21
5.611368908e-21
6.706842248e-21
8.07656655e-21
9.713048404e-21
1.158785117e-20
1.360677899e-20
1.539463856e-20
9.516408292e-21
1.081920273e-20
1.280313002e-20
1.549704651e-20
1.894949275e-20
2.321073839e-20
2.826380222e-20
3.382546027e-20
3.857718616e-20
1.813228731e-20
2.083096143e-20
2.500089487e-20
3.078352441e-20
3.838405158e-20
4.799603359e-20
5.956695681e-20
7.217173949e-20
8.234491255e-20
3.221287708e-20
3.746238296e-20
4.570162129e-20
5.73499849e-20
7.295621875e-20
9.295882031e-20
1.170238521e-19
1.425834083e-19
1.622052531e-19
5.54230464e-20
6.52818092e-20
8.09775308e-20
1.035139472e-19
1.340954605e-19
1.734943685e-19
2.205354305e-19
2.692883359e-19
3.053617449e-19
9.415039259e-20
1.12272627e-19
1.41460826e-19
1.838439383e-19
2.417868071e-19
3.164468795e-19
4.047399642e-19
4.944612954e-19
5.592104965e-19
1.594515778e-19
1.922716932e-19
2.456029098e-19
3.236422811e-19
4.307507321e-19
5.684798523e-19
7.299265991e-19
8.915939794e-19
1.006315493e-18
2.70500069e-19
3.293081091e-19
4.254834844e-19
5.669227604e-19
7.613812338e-19
1.010737985e-18
1.300915144e-18
1.588452238e-18
1.790229258e-18
4.605159145e-19
5.650475465e-19
7.367676058e-19
9.900913116e-19
1.338537419e-18
1.784115418e-18
2.299697215e-18
2.806799724e-18
3.159988189e-18
7.87093606e-19
9.717722117e-19
1.276066419e-18
1.725762692e-18
2.344148869e-18
3.132885279e-18
4.041535252e-18
4.930580946e-18
5.546758784e-18
1.350117952e-18
1.674897008e-18
2.211061812e-18
3.004093606e-18
4.093761229e-18
5.480191696e-18
7.071658811e-18
8.623100961e-18
9.695917326e-18
2.322950591e-18
2.892245461e-18
3.833191342e-18
5.225257196e-18
7.135791951e-18
9.560122602e-18
1.233261983e-17
1.502737977e-17
1.689777117e-17
4.006698252e-18
5.00259176e-18
6.65008961e-18
9.087706115e-18
1.242913071e-17
1.665565466e-17
2.146035841e-17
2.609569426e-17
2.940362569e-17
6.924373692e-18
8.664770119e-18
1.154693642e-17
1.58146397e-17
2.166506451e-17
2.905061396e-17
3.736284692e-17
4.499085882e-17
5.125197851e-17
1.198327652e-17
1.502204163e-17
2.006096546e-17
2.75360449e-17
3.781788489e-17
5.090331207e-17
6.598565285e-17
8.10564439e-17
9.047864289e-17
2.075513784e-17
2.605181074e-17
3.484015416e-17
4.788258922e-17
6.58191142e-17
8.860523153e-17
1.146747853e-16
1.39950856e-16
1.571112504e-16
3.59658703e-17
4.518441306e-17
6.048309682e-17
8.318493627e-17
1.143861361e-16
1.539688418e-16
1.991509842e-16
2.428514419e-16
2.72764592e-16
6.23464393e-17
7.837611626e-17
1.049811234e-16
1.444572607e-16
1.986952433e-16
2.6746583e-16
3.459178735e-16
4.217744813e-16
4.737350359e-16
1.081088372e-16
1.359679927e-16
1.822114561e-16
2.508264177e-16
3.450871404e-16
4.645772635e-16
6.008551841e-16
7.325980473e-16
8.22829164e-16
1.875080386e-16
2.359122454e-16
3.162659332e-16
4.354956072e-16
5.992788049e-16
8.06871177e-16
1.043586481e-15
1.272378658e-15
1.42905039e-15
3.252912294e-16
4.093759157e-16
5.489714524e-16
7.561091078e-16
1.04063598e-15
1.401227973e-15
1.812340495e-15
2.20961877e-15
2.481625962e-15
5.644260195e-16
7.104749705e-16
9.529540382e-16
1.312756205e-15
1.806958667e-15
2.433211559e-15
3.147093645e-15
3.836834337e-15
4.309034824e-15
9.79524553e-16
1.233182652e-15
1.654330149e-15
2.279238373e-15
3.137516481e-15
4.224998423e-15
5.464451825e-15
6.661811971e-15
7.481437787e-15
1.700161714e-15
2.140699299e-15
2.872116471e-15
3.95735846e-15
5.447740774e-15
7.335875933e-15
9.487519251e-15
1.156575705e-14
1.298823736e-14
2.951370162e-15
3.716451853e-15
4.986650232e-15
6.871146917e-15
9.45880917e-15
1.273648429e-14
1.647083678e-14
2.007708085e-14
2.254509598e-14
5.123959029e-15
6.452647487e-15
8.658366796e-15
1.193037533e-14
1.642240164e-14
2.211084745e-14
2.859006028e-14
3.484527064e-14
3.912518375e-14
8.896583177e-15
1.120399029e-14
1.503392589e-14
2.071415264e-14
2.851016129e-14
3.837918536e-14
4.961578637e-14
6.045969563e-14
6.787677946e-14
1.544744045e-14
1.945421017e-14
2.610345542e-14
3.596208739e-14
4.948753698e-14
6.660127554e-14
8.607598273e-14
1.048597401e-13
1.177012627e-13
2.68210091e-14
3.377767145e-14
4.531890249e-14
6.242357661e-14
8.587730584e-14
1.155335128e-13
1.492555705e-13
1.817558502e-13
2.039588948e-13
4.656232686e-14
5.863741495e-14
7.866216437e-14
1.083228586e-13
1.489628407e-13
2.003034428e-13
2.586222008e-13
3.147670384e-13
3.530845257e-13
8.081154091e-14
1.017614394e-13
1.364849764e-13
1.878780328e-13
2.582241513e-13
3.469834526e-13
4.47665149e-13
5.444501937e-13
6.104112909e-13
1.401873369e-13
1.76508694e-13
2.366667414e-13
3.256141283e-13
4.472024714e-13
6.003673605e-13
7.737817585e-13
9.40154788e-13
1.053327608e-12
2.430162661e-13
3.059202736e-13
4.100095432e-13
5.637087256e-13
7.734481841e-13
1.037098958e-12
1.334882256e-12
1.619837074e-12
1.81319305e-12
4.208459139e-13
5.296223798e-13
7.094035578e-13
9.744209064e-13
1.335268231e-12
1.787645132e-12
2.297009096e-12
2.78282823e-12
3.1114377e-12
7.278093016e-13
9.155204012e-13
1.225293305e-12
1.680957535e-12
2.299668092e-12
3.072699015e-12
3.939759989e-12
4.763366585e-12
5.318269837e-12
1.256437596e-12
1.579475993e-12
2.111571467e-12
2.892185997e-12
3.948486676e-12
5.262786512e-12
6.730037197e-12
8.11686239e-12
9.046811114e-12
2.164183882e-12
2.718162114e-12
3.62854132e-12
4.959782345e-12
6.753672836e-12
8.974592745e-12
1.144010222e-11
1.375685858e-11
1.530176665e-11
3.717582382e-12
4.663447864e-12
6.213480762e-12
8.471225591e-12
1.1498514e-11
1.522441837e-11
1.933370709e-11
2.316910843e-11
2.571055677e-11
6.365163292e-12
7.971562404e-12
1.059525547e-11
1.439921047e-11
1.947013548e-11
2.566897714e-11
3.24549802e-11
3.874091837e-11
4.287702167e-11
1.085675921e-11
1.356775749e-11
1.79782482e-11
2.43384734e-11
3.276068981e-11
4.297742818e-11
5.406978424e-11
6.425998331e-11
7.091449366e-11
1.843679113e-11
2.29783814e-11
3.03337765e-11
4.087591109e-11
5.473157556e-11
7.1397385e-11
8.932982472e-11
1.056588797e-10
1.162378019e-10
3.11540468e-11
3.869874056e-11
5.085571512e-11
6.816078709e-11
9.071839544e-11
1.176034211e-10
1.462578204e-10
1.721113084e-10
1.887248717e-10
5.235240666e-11
6.47688892e-11
8.466324985e-11
1.12770846e-10
1.490864092e-10
1.919517766e-10
2.371903137e-10
2.776270882e-10
3.034011208e-10
8.743856415e-11
1.076631642e-10
1.398702098e-10
1.850100833e-10
2.427900516e-10
3.103130368e-10
3.808670414e-10
4.433489035e-10
4.828580856e-10
1.450673252e-10
1.776462e-10
2.291907351e-10
3.008285572e-10
3.916499545e-10
4.967203033e-10
6.054274273e-10
7.008304068e-10
7.606972942e-10
2.38946645e-10
2.908125729e-10
3.723197546e-10
4.846291674e-10
6.256426763e-10
7.871602424e-10
9.526726104e-10
1.096679752e-09
1.186398824e-09
3.905483039e-10
4.721146788e-10
5.994200662e-10
7.733277448e-10
9.896097842e-10
1.23495686e-09
1.484084537e-09
1.699094493e-09
1.832161053e-09
6.331227576e-10
7.598013256e-10
9.561740205e-10
1.222170365e-09
1.549944194e-09
1.918363833e-09
2.289273726e-09
2.607005405e-09
2.802456712e-09
1.017567396e-09
1.211847897e-09
1.511028015e-09
1.912997581e-09
2.404015744e-09
2.951204731e-09
3.497769424e-09
3.962804228e-09
4.247317061e-09
1.620899174e-09
1.915171701e-09
2.365487012e-09
2.965894876e-09
3.693371188e-09
4.497698789e-09
5.29538868e-09
5.969974358e-09
6.38071114e-09
2.5583539e-09
2.998712924e-09
3.668624411e-09
4.555502191e-09
5.622105892e-09
6.79300243e-09
7.946843554e-09
8.917392202e-09
9.505855351e-09
4.000501391e-09
4.651851064e-09
5.637388741e-09
6.933699687e-09
8.482277827e-09
1.017150159e-08
1.182678589e-08
1.321263525e-08
1.404988092e-08
6.197262965e-09
7.150165547e-09
8.584863123e-09
1.046098539e-08
1.268884807e-08
1.510551409e-08
1.746213761e-08
1.942731409e-08
2.061097398e-08
9.510844243e-09
1.089054786e-08
1.295865816e-08
1.564913484e-08
1.882731674e-08
2.225813252e-08
2.558969944e-08
2.83584395e-08
3.002185773e-08
1.446132237e-08
1.643986562e-08
1.939405919e-08
2.321988144e-08
2.771854584e-08
3.255429479e-08
3.723302106e-08
4.11098214e-08
4.343377091e-08
2.178940438e-08
2.460164987e-08
2.878635186e-08
3.418425477e-08
4.050596985e-08
4.727595824e-08
5.380465089e-08
5.91996445e-08
6.242701194e-08
3.254164534e-08
3.650639458e-08
4.23884301e-08
4.994916088e-08
5.877201028e-08
6.818823244e-08
7.724101492e-08
8.470260248e-08
8.915781275e-08
4.818513949e-08
5.373263477e-08
6.194094257e-08
7.24584779e-08
8.469105605e-08
9.770447071e-08
1.101796547e-07
1.20438414e-07
1.265542029e-07
7.075895053e-08
7.846600326e-08
8.984208124e-08
1.043758723e-07
1.212271949e-07
1.391010472e-07
1.561923235e-07
1.702204815e-07
1.785733596e-07
1.030677348e-07
1.137016518e-07
1.293628322e-07
1.493170277e-07
1.723882938e-07
1.96797167e-07
2.200892795e-07
2.391783807e-07
2.505340237e-07
1.489197367e-07
1.634937399e-07
1.84914846e-07
2.121437755e-07
2.435528278e-07
2.767149198e-07
3.083076588e-07
3.341675333e-07
3.495379568e-07
2.134144817e-07
2.332614966e-07
2.62385248e-07
2.99335849e-07
3.418810156e-07
3.867275951e-07
4.293927755e-07
4.642756914e-07
4.849899042e-07
3.032956594e-07
3.301667798e-07
3.695484443e-07
4.194419329e-07
4.768072624e-07
5.37193919e-07
5.945702535e-07
6.414229668e-07
6.692101614e-07
4.273695452e-07
4.635549435e-07
5.165376622e-07
5.835887995e-07
6.605920011e-07
7.415543513e-07
8.183813956e-07
8.810216229e-07
9.181011254e-07
5.96950026e-07
6.454167027e-07
7.163316808e-07
8.059995954e-07
9.088775747e-07
1.016923914e-06
1.11930284e-06
1.202605007e-06
1.25176812e-06
8.262660208e-07
8.908018227e-07
9.85178388e-07
1.104431012e-06
1.241136635e-06
1.3845441e-06
1.520188487e-06
1.630241554e-06
1.694895942e-06
1.132736955e-06
1.218081005e-06
1.342833423e-06
1.500374481e-06
1.680820025e-06
1.869859428e-06
2.048256939e-06
2.19242231e-06
2.276549788e-06
1.536988874e-06
1.648904922e-06
1.812427874e-06
2.018794874e-06
2.25492655e-06
2.5018828e-06
2.734232437e-06
2.920987492e-06
3.028946891e-06
2.062433183e-06
2.207661916e-06
2.41973513e-06
2.687132172e-06
2.99266744e-06
3.311468649e-06
3.610214256e-06
3.848645754e-06
3.984757408e-06
2.734216418e-06
2.920225973e-06
3.191605307e-06
3.533309779e-06
3.922949903e-06
4.328216399e-06
4.706027986e-06
5.004913985e-06
5.172858482e-06
3.577378452e-06
3.81183498e-06
4.153417963e-06
4.582628271e-06
5.070617776e-06
5.576051327e-06
6.044289838e-06
6.411001667e-06
6.613496874e-06
4.614163825e-06
4.904081584e-06
5.32560363e-06
5.853705968e-06
6.45177589e-06
7.068033561e-06
7.635023269e-06
8.074894366e-06
8.31401782e-06
5.860639252e-06
6.211255815e-06
6.719617461e-06
7.354061545e-06
8.069070783e-06
8.801570842e-06
9.471175225e-06
9.985878713e-06
1.025965904e-05
7.323081221e-06
7.73663924e-06
8.334184756e-06
9.076467279e-06
9.908501274e-06
1.075621077e-05
1.152530794e-05
1.210850434e-05
1.241092378e-05
8.994977498e-06
9.469753549e-06
1.015307951e-05
1.099760567e-05
1.193966739e-05
1.289181662e-05
1.374647976e-05
1.438569806e-05
1.470952975e-05
1.085592626e-05
1.138596482e-05
1.214629274e-05
1.308074268e-05
1.411379204e-05
1.514747835e-05
1.606482551e-05
1.674166806e-05
1.707719032e-05
1.287435017e-05
1.344971668e-05
1.426987612e-05
1.526993333e-05
1.636527809e-05
1.744871929e-05
1.839805362e-05
1.908967516e-05
1.942589882e-05
1.500348849e-05
1.560724428e-05
1.646226408e-05
1.749616933e-05
1.861559788e-05
1.971048374e-05
2.065821245e-05
2.133976251e-05
2.166532786e-05
1.718038805e-05
1.779184443e-05
1.865167315e-05
1.968162608e-05
2.078417671e-05
2.1849581e-05
2.276037132e-05
2.340664415e-05
2.371038041e-05
1.933307851e-05
1.992966692e-05
2.076259984e-05
2.174904198e-05
2.279285882e-05
2.378808958e-05
2.462888167e-05
2.521652807e-05
2.548815729e-05
2.138525634e-05
2.194412231e-05
2.271769157e-05
2.362500016e-05
2.457245158e-05
2.546316328e-05
2.620438146e-05
2.671387671e-05
2.694497311e-05
2.326228568e-05
2.376322628e-05
2.445040655e-05
2.524669789e-05
2.60674894e-05
2.682798924e-05
2.745008945e-05
2.786998709e-05
2.805644061e-05
2.489692598e-05
2.532426206e-05
2.590504268e-05
2.656998444e-05
2.724638099e-05
2.786515623e-05
2.836643108e-05
2.870377216e-05
2.885471364e-05
2.623596367e-05
2.65806938e-05
2.704547578e-05
2.757331924e-05
2.810870223e-05
2.860478749e-05
2.902697647e-05
2.934859604e-05
2.953276871e-05
2.724817507e-05
2.751084273e-05
2.786567506e-05
2.827479161e-05
2.871094796e-05
2.91683865e-05
2.967099526e-05
3.027330214e-05
3.106253907e-05
2.793776551e-05
2.813391735e-05
2.841132329e-05
2.876388418e-05
2.921805609e-05
2.985694469e-05
3.091081425e-05
3.223691836e-05
3.327249567e-05
2.8379611e-05
2.855373682e-05
2.884325464e-05
2.929624633e-05
3.0054905e-05
3.142040404e-05
3.30134323e-05
3.454834292e-05
3.561960524e-05
2.883560348e-05
2.909486222e-05
2.964884655e-05
3.069544952e-05
3.205866272e-05
3.366925407e-05
3.53337515e-05
3.682012884e-05
3.781120786e-05
3.027241271e-05
3.085935651e-05
3.176827836e-05
3.299318375e-05
3.443979162e-05
3.599928729e-05
3.752384451e-05
3.883228369e-05
3.968050177e-05
3.270659929e-05
3.334798395e-05
3.428126763e-05
3.544883182e-05
3.676238307e-05
3.811742592e-05
3.93944983e-05
4.045720724e-05
4.112922155e-05
3.532505927e-05
3.59051801e-05
3.672536559e-05
3.771567757e-05
3.87920007e-05
3.986351522e-05
4.083811893e-05
4.162186675e-05
4.210273717e-05
3.774774825e-05
3.821313963e-05
3.885606671e-05
3.960856129e-05
4.039632423e-05
4.114673124e-05
4.179589233e-05
4.229051676e-05
4.257855702e-05
3.97739197e-05
4.00992845e-05
4.05351047e-05
4.102243605e-05
4.150143874e-05
4.192042841e-05
4.224387519e-05
4.245646198e-05
4.256020056e-05
4.128999061e-05
4.146590696e-05
4.168520733e-05
4.190203137e-05
4.207392782e-05
4.217137351e-05
4.218612633e-05
4.213700019e-05
4.207275104e-05
4.223646184e-05
4.226443392e-05
4.227234845e-05
4.22296624e-05
4.21126615e-05
4.191379439e-05
4.164986264e-05
4.136902226e-05
4.115858154e-05
4.259520141e-05
4.248494019e-05
4.22975796e-05
4.201870574e-05
4.164331505e-05
4.11844391e-05
4.068076366e-05
4.020443823e-05
3.987285486e-05
4.238250314e-05
4.214974363e-05
4.179114729e-05
4.13080639e-05
4.071303697e-05
4.003735583e-05
3.933788525e-05
3.870527697e-05
3.827880246e-05
4.164270979e-05
4.130709886e-05
4.080626338e-05
4.015602903e-05
3.938448486e-05
3.853826855e-05
3.768846058e-05
3.693892039e-05
3.644327226e-05
4.044109575e-05
4.002423599e-05
3.941239354e-05
3.863392682e-05
3.772992377e-05
3.675916204e-05
3.580303298e-05
3.497377484e-05
3.4432791e-05
3.885646578e-05
3.838016832e-05
3.768839936e-05
3.681972547e-05
3.582543056e-05
3.47731986e-05
3.375110427e-05
3.287556858e-05
3.231029166e-05
3.697381975e-05
3.645871189e-05
3.571608129e-05
3.479224442e-05
3.374586831e-05
3.265049492e-05
3.159767972e-05
3.070454225e-05
3.013271422e-05
3.487793525e-05
3.434247866e-05
3.357475596e-05
3.2626442e-05
3.15609518e-05
3.045496604e-05
2.940082284e-05
2.851357612e-05
2.79494834e-05
3.264832604e-05
3.210823935e-05
3.133717995e-05
3.039000007e-05
2.933253e-05
2.824228041e-05
2.721020053e-05
2.634719188e-05
2.580178047e-05
3.0355758e-05
2.982379036e-05
2.906689444e-05
2.814121673e-05
2.711303984e-05
2.605883502e-05
2.506649777e-05
2.42412936e-05
2.372246861e-05
2.806026273e-05
2.754623972e-05
2.681687478e-05
2.592806259e-05
2.494496459e-05
2.394157342e-05
2.300152473e-05
2.222347554e-05
2.173650591e-05
2.581042588e-05
2.532148231e-05
2.462925032e-05
2.378816634e-05
2.2861074e-05
2.191843444e-05
2.10388155e-05
2.031371566e-05
1.986168384e-05
2.364365086e-05
2.318457476e-05
2.25358184e-05
2.174946752e-05
2.088518889e-05
2.000920542e-05
1.919453753e-05
1.852530433e-05
1.810955009e-05
2.158707673e-05
2.116069699e-05
2.05590557e-05
1.983127318e-05
1.903327305e-05
1.822661616e-05
1.747855897e-05
1.686587038e-05
1.648639965e-05
1.965887301e-05
1.926644912e-05
1.87134106e-05
1.804553022e-05
1.731466246e-05
1.657750922e-05
1.589554859e-05
1.533841058e-05
1.499425251e-05
1.786969591e-05
1.751127929e-05
1.700668525e-05
1.639814384e-05
1.573330448e-05
1.506398835e-05
1.44460302e-05
1.394225855e-05
1.363176404e-05
1.622414324e-05
1.589889386e-05
1.544137978e-05
1.489023786e-05
1.428892124e-05
1.368447825e-05
1.312734103e-05
1.267395527e-05
1.239503765e-05
1.47221062e-05
1.442855822e-05
1.401592017e-05
1.351929277e-05
1.29780474e-05
1.24346592e-05
1.193446854e-05
1.152800346e-05
1.127832597e-05
1.335996199e-05
1.309623871e-05
1.272572871e-05
1.228013008e-05
1.179492039e-05
1.13082623e-05
1.086075741e-05
1.049750177e-05
1.027461913e-05
1.213158463e-05
1.189556702e-05
1.156412363e-05
1.11657346e-05
1.073221943e-05
1.029772582e-05
9.898490468e-06
9.574664194e-06
9.376125851e-06
1.102917405e-05
1.081862898e-05
1.052305198e-05
1.016792142e-05
9.781662022e-06
9.394722517e-06
9.039353463e-06
8.751234802e-06
8.574657388e-06
1.004391653e-05
9.856591423e-06
9.593670193e-06
9.277861942e-06
8.934472502e-06
8.590572168e-06
8.274797589e-06
8.018810529e-06
7.861926227e-06
9.166496731e-06
9.000187064e-06
8.766791642e-06
8.486487966e-06
8.181740205e-06
7.876555521e-06
7.59631432e-06
7.369085331e-06
7.229771903e-06
8.387483482e-06
8.240078967e-06
8.03322184e-06
7.784792813e-06
7.51468509e-06
7.24414582e-06
6.995637035e-06
6.794028636e-06
6.670325775e-06
7.697611646e-06
7.567125933e-06
7.384001363e-06
7.164048235e-06
6.924847553e-06
6.685172871e-06
6.464882717e-06
6.286009935e-06
6.176125709e-06
7.087980068e-06
6.972568063e-06
6.810574514e-06
6.615953577e-06
6.40421744e-06
6.191933021e-06
5.996645584e-06
5.837880078e-06
5.740190362e-06
6.55018337e-06
6.448149388e-06
6.304899502e-06
6.132731666e-06
5.945315233e-06
5.757256593e-06
5.584052856e-06
5.443018405e-06
5.356061547e-06
6.076392494e-06
5.986191806e-06
5.859513417e-06
5.707183543e-06
5.541236357e-06
5.37454253e-06
5.220791337e-06
5.095353514e-06
5.017821896e-06
5.659396371e-06
5.579632089e-06
5.467562978e-06
5.332712104e-06
5.185667638e-06
5.037768334e-06
4.901112024e-06
4.789364131e-06
4.720093868e-06
5.29261468e-06
5.222031502e-06
5.122809936e-06
5.00332279e-06
4.872883309e-06
4.741481851e-06
4.619818593e-06
4.520065473e-06
4.458025135e-06
4.97008981e-06
4.907565765e-06
4.819618352e-06
4.713607854e-06
4.597726369e-06
4.480780216e-06
4.372244577e-06
4.282985374e-06
4.227264388e-06
4.686464055e-06
4.631001021e-06
4.552929023e-06
4.458719214e-06
4.35558001e-06
4.251280143e-06
4.15422295e-06
4.074133664e-06
4.023930816e-06
4.436947086e-06
4.387660797e-06
4.318225805e-06
4.234334116e-06
4.142332759e-06
4.049082802e-06
3.962051082e-06
3.889967466e-06
3.844579827e-06
4.217277631e-06
4.173387555e-06
4.111497036e-06
4.03661653e-06
3.954340046e-06
3.870735805e-06
3.792453332e-06
3.72735451e-06
3.686166967e-06
4.02368188e-06
3.984501267e-06
3.92919443e-06
3.862176559e-06
3.788384299e-06
3.713194155e-06
3.642542978e-06
3.583536027e-06
3.54601153e-06
3.85283076e-06
3.817757111e-06
3.768191406e-06
3.708029589e-06
3.641635108e-06
3.573781544e-06
3.509784691e-06
3.456090329e-06
3.421760915e-06
3.701797654e-06
3.670303737e-06
3.625742157e-06
3.571556387e-06
3.511610513e-06
3.450152945e-06
3.391958446e-06
3.342897889e-06
3.311356503e-06
3.568017587e-06
3.539643079e-06
3.499442371e-06
3.45046496e-06
3.396140174e-06
3.340259173e-06
3.287125435e-06
3.242108436e-06
3.213001538e-06
3.44924858e-06
3.423592379e-06
3.387192222e-06
3.342754735e-06
3.293330892e-06
3.242313807e-06
3.193596354e-06
3.152110403e-06
3.125131321e-06
3.343535606e-06
3.320248826e-06
3.287161968e-06
3.246683355e-06
3.201534743e-06
3.15476271e-06
3.109902232e-06
3.071502867e-06
3.046385872e-06
3.249177384e-06
3.227957014e-06
3.197760371e-06
3.160736261e-06
3.119319948e-06
3.076256224e-06
3.034767881e-06
2.999070046e-06
2.975585084e-06
3.164696084e-06
3.145279298e-06
3.117605962e-06
3.083599064e-06
3.045444481e-06
3.005624029e-06
2.967087929e-06
2.933758305e-06
2.911706334e-06
3.088809942e-06
3.070969008e-06
3.045501115e-06
3.01413267e-06
2.978832334e-06
2.941852577e-06
2.905905338e-06
2.874655564e-06
2.853864457e-06
3.020408665e-06
3.00394643e-06
2.980408827e-06
2.951351022e-06
2.918552323e-06
2.884064969e-06
2.850392275e-06
2.820972983e-06
2.801293924e-06
2.95853149e-06
2.943277383e-06
2.921432035e-06
2.894401305e-06
2.863799265e-06
2.831503106e-06
2.799833167e-06
2.77202875e-06
2.753333086e-06
2.902347725e-06
2.888154233e-06
2.867795294e-06
2.842546434e-06
2.813877347e-06
2.783511946e-06
2.753609763e-06
2.727233804e-06
2.709410297e-06
2.851139554e-06
2.837879136e-06
2.81882863e-06
2.795149635e-06
2.768185493e-06
2.739525662e-06
2.71118803e-06
2.686079311e-06
2.669031746e-06
2.804286932e-06
2.791849316e-06
2.773953359e-06
2.751660912e-06
2.726204548e-06
2.699055533e-06
2.67210668e-06
2.648125719e-06
2.631770831e-06
2.761254349e-06
2.749544175e-06
2.732669684e-06
2.711605231e-06
2.687486085e-06
2.661679382e-06
2.635967188e-06
2.612993233e-06
2.597258908e-06
2.721579281e-06
2.71051405e-06
2.694545879e-06
2.674572216e-06
2.651642665e-06
2.627032389e-06
2.602425106e-06
2.580353529e-06
2.565177251e-06
2.684862133e-06
2.674370429e-06
2.65920889e-06
2.640207207e-06
2.618339381e-06
2.594799122e-06
2.571182539e-06
2.54992259e-06
2.5352501e-06
2.650757517e-06
2.640777472e-06
2.626336184e-06
2.608203504e-06
2.587286535e-06
2.564706644e-06
2.541981639e-06
2.521454506e-06
2.507238645e-06
2.618966701e-06
2.609444658e-06
2.595648694e-06
2.578295666e-06
2.558233318e-06
2.536518564e-06
2.514598995e-06
2.494736132e-06
2.480935847e-06
2.589231079e-06
2.580120452e-06
2.566904736e-06
2.55025373e-06
2.53096235e-06
2.510029903e-06
2.48884079e-06
2.469582481e-06
2.456161972e-06
2.561326546e-06
2.552586826e-06
2.53989476e-06
2.523878226e-06
2.505284984e-06
2.485062685e-06
2.464538648e-06
2.445832772e-06
2.432760754e-06
2.535058651e-06
2.52665456e-06
2.514436833e-06
2.498995898e-06
2.481037276e-06
2.461462139e-06
2.44154606e-06
2.423347029e-06
2.410596104e-06
2.510258432e-06
2.502159189e-06
2.490372766e-06
2.475456015e-06
2.458076507e-06
2.439093445e-06
2.419735316e-06
2.402003166e-06
2.38954928e-06
2.486778838e-06
2.478957537e-06
2.467564778e-06
2.453127222e-06
2.436278219e-06
2.417838944e-06
2.398994877e-06
2.381694489e-06
2.369516471e-06
2.46449166e-06
2.456924726e-06
2.445892644e-06
2.431894824e-06
2.415533659e-06
2.397595741e-06
2.379227124e-06
2.362327556e-06
2.350406718e-06
2.443284897e-06
2.435951631e-06
2.425251244e-06
2.41165847e-06
2.395747597e-06
2.378273658e-06
2.360346431e-06
2.343820339e-06
2.332140139e-06
2.423060505e-06
2.415942686e-06
2.405548467e-06
2.392330163e-06
2.376836457e-06
2.359793479e-06
2.342277507e-06
2.326100663e-06
2.31464641e-06
2.403732466e-06
2.396814009e-06
2.386703415e-06
2.373832558e-06
2.358726713e-06
2.342085443e-06
2.324953991e-06
2.309104853e-06
2.297863459e-06
2.385225128e-06
2.378491799e-06
2.368644868e-06
2.356097505e-06
2.341353515e-06
2.325087963e-06
2.308317234e-06
2.292776592e-06
2.281736355e-06
2.367471796e-06
2.360910961e-06
2.351309963e-06
2.339064801e-06
2.32465952e-06
2.30874652e-06
2.292315264e-06
2.277065927e-06
2.266216353e-06
2.350413515e-06
2.344013927e-06
2.334643065e-06
2.322681119e-06
2.308593884e-06
2.293012719e-06
2.2769019e-06
2.261928432e-06
2.25126007e-06
2.333998033e-06
2.327749647e-06
2.318594808e-06
2.306899094e-06
2.293111396e-06
2.277843482e-06
2.262035985e-06
2.247324479e-06
2.236828789e-06
2.318178909e-06
2.312072727e-06
2.303121257e-06
2.291676533e-06
2.278171741e-06
2.263200349e-06
2.247680738e-06
2.233218616e-06
2.222887855e-06
2.302914747e-06
2.296942684e-06
2.288183203e-06
2.276975749e-06
2.263738867e-06
2.249048886e-06
2.23380319e-06
2.219579038e-06
2.209406157e-06
2.288168544e-06
2.28232331e-06
2.273745551e-06
2.262762971e-06
2.249780435e-06
2.235358172e-06
2.220373701e-06
2.206377123e-06
2.196355683e-06
2.273907122e-06
2.268182123e-06
2.259776792e-06
2.249007854e-06
2.236267353e-06
2.222100358e-06
2.207365544e-06
2.193587042e-06
2.183711139e-06
2.260100646e-06
2.254489899e-06
2.246248555e-06
2.235683048e-06
2.223173371e-06
2.209250285e-06
2.194754553e-06
2.181185417e-06
2.171449618e-06
2.246722201e-06
2.241220261e-06
2.233135215e-06
2.222763825e-06
2.210474733e-06
2.19678516e-06
2.182518809e-06
2.169151026e-06
2.159550319e-06
2.233747434e-06
2.228349328e-06
2.220413555e-06
2.210227761e-06
2.198149874e-06
2.184684273e-06
2.170638377e-06
2.157464555e-06
2.147994302e-06
2.221154234e-06
2.215855409e-06
2.208062471e-06
2.198054458e-06
2.186179158e-06
2.172928748e-06
2.159095077e-06
2.14610838e-06
2.136764277e-06
2.20892246e-06
2.203718736e-06
2.196062718e-06
2.186225298e-06
2.17454465e-06
2.161501332e-06
2.147872279e-06
2.135066376e-06
2.125844425e-06
2.197033691e-06
2.191921222e-06
2.184396679e-06
2.174723228e-06
2.163229913e-06
2.150386207e-06
2.136954733e-06
2.124323755e-06
2.115220241e-06
2.185471009e-06
2.18044625e-06
2.173048158e-06
2.163532565e-06
2.152219821e-06
2.139568813e-06
2.126328408e-06
2.113866918e-06
2.104878395e-06
2.174218792e-06
2.169278468e-06
2.162002189e-06
2.152638808e-06
2.141500392e-06
2.129035695e-06
2.115980344e-06
2.103683321e-06
2.094806605e-06
2.163262511e-06
2.158403596e-06
2.151244845e-06
2.142028463e-06
2.131058613e-06
2.118774341e-06
2.105898511e-06
2.093761342e-06
2.084993516e-06
2.15258853e-06
2.147808227e-06
2.140763045e-06
2.131688852e-06
2.120882265e-06
2.108773014e-06
2.096071645e-06
2.084090135e-06
2.075428559e-06
2.142183887e-06
2.137479606e-06
2.130544338e-06
2.121607905e-06
2.110959714e-06
2.099020557e-06
2.086489068e-06
2.074659457e-06
2.066101796e-06
2.132036037e-06
2.127405385e-06
2.120576654e-06
2.111773909e-06
2.101279672e-06
2.08950615e-06
2.077140453e-06
2.065459443e-06
2.057003692e-06
2.122132564e-06
2.117573315e-06
2.110848001e-06
2.102175205e-06
2.091830879e-06
2.080218997e-06
2.068015506e-06
2.056480292e-06
2.048124815e-06
2.112460806e-06
2.107970881e-06
2.101346082e-06
2.092799788e-06
2.082601701e-06
2.071147907e-06
2.059103539e-06
2.047711828e-06
2.039455392e-06
2.103007403e-06
2.098584829e-06
2.09205781e-06
2.083634806e-06
2.073579599e-06
2.062280737e-06
2.050392884e-06
2.039142902e-06
2.030984693e-06
2.093757723e-06
2.089400579e-06
2.082968694e-06
2.074665908e-06
2.064750432e-06
2.053603649e-06
2.041870108e-06
2.030760548e-06
2.022700165e-06
2.08469515e-06
2.080401484e-06
2.074062057e-06
2.065876414e-06
2.05609757e-06
2.045100152e-06
2.033518968e-06
2.02254888e-06
2.014586272e-06
2.07580021e-06
2.071567922e-06
2.065318079e-06
2.057246282e-06
2.047600769e-06
2.036749868e-06
2.025319076e-06
2.014487642e-06
2.006622969e-06
2.067049502e-06
2.062876183e-06
2.056712611e-06
2.048750832e-06
2.039234783e-06
2.028527014e-06
2.017244219e-06
2.006550377e-06
1.99878376e-06
2.05841444e-06
2.054297153e-06
2.048215772e-06
2.040359228e-06
2.03096769e-06
2.020398546e-06
2.009260319e-06
1.998702197e-06
1.991033321e-06
2.049859774e-06
2.045794768e-06
2.039790304e-06
2.032032687e-06
2.022758932e-06
2.012321994e-06
2.001323014e-06
1.990897123e-06
1.983324655e-06
2.04134192e-06
2.037324265e-06
2.0313897e-06
2.023722451e-06
2.014557077e-06
2.004242964e-06
1.993374896e-06
1.983075037e-06
1.97559583e-06
2.032807092e-06
2.028830233e-06
2.022956126e-06
2.015367528e-06
2.006297332e-06
1.996092389e-06
1.98534244e-06
1.975158298e-06
1.967766347e-06
2.024189292e-06
2.02024451e-06
2.014418181e-06
2.006892262e-06
1.997898879e-06
1.987783568e-06
1.977132718e-06
1.967048116e-06
1.959733255e-06
2.015408187e-06
2.011483974e-06
2.005688551e-06
1.998203809e-06
1.989262104e-06
1.979209109e-06
1.968630012e-06
1.958620834e-06
1.951367168e-06
2.006366959e-06
2.002448304e-06
1.99666164e-06
1.989189583e-06
1.980265826e-06
1.970237887e-06
1.959692468e-06
1.949724266e-06
1.942508364e-06
1.99695017e-06
1.993017779e-06
1.987211259e-06
1.979714794e-06
1.970764645e-06
1.960712165e-06
1.950148963e-06
1.940174314e-06
1.932963201e-06
1.987021757e-06
1.983051207e-06
1.977188464e-06
1.969620181e-06
1.960586531e-06
1.950445023e-06
1.939796359e-06
1.929752048e-06
1.922501078e-06
1.976423208e-06
1.972384074e-06
1.966419656e-06
1.958720031e-06
1.949530766e-06
1.939218227e-06
1.928397316e-06
1.918201482e-06
1.910852178e-06
1.964971999e-06
1.960826964e-06
1.954704992e-06
1.9468006e-06
1.937366384e-06
1.926780705e-06
1.915678834e-06
1.905228224e-06
1.897706241e-06
1.952460338e-06
1.948164325e-06
1.941817183e-06
1.933618974e-06
1.923831146e-06
1.912847706e-06
1.901331671e-06
1.890499202e-06
1.882712556e-06
1.938654246e-06
1.934153602e-06
1.927500726e-06
1.918902448e-06
1.90863115e-06
1.897100748e-06
1.885010754e-06
1.873643617e-06
1.865481388e-06
1.923293e-06
1.918524763e-06
1.911471579e-06
1.902348452e-06
1.891441127e-06
1.879188446e-06
1.866336703e-06
1.854255283e-06
1.845587016e-06
1.906088917e-06
1.900980224e-06
1.893417312e-06
1.883625057e-06
1.871905488e-06
1.858728315e-06
1.844898623e-06
1.831896546e-06
1.822572615e-06
1.886727512e-06
1.881195181e-06
1.872997769e-06
1.862372149e-06
1.849640244e-06
1.835309727e-06
1.820258391e-06
1.806104071e-06
1.795957296e-06
1.864868082e-06
1.858818471e-06
1.849846377e-06
1.83820344e-06
1.824236038e-06
1.808498338e-06
1.791956828e-06
1.776396935e-06
1.765245771e-06
1.840144909e-06
1.833474154e-06
1.823572379e-06
1.810709676e-06
1.79526274e-06
1.777842517e-06
1.759522371e-06
1.742287704e-06
1.729941352e-06
1.812169457e-06
1.804764259e-06
1.793764489e-06
1.779463649e-06
1.762276318e-06
1.742882606e-06
1.722483164e-06
1.703297452e-06
1.689563232e-06
1.780534208e-06
1.772273415e-06
1.759996805e-06
1.744027947e-06
1.724829039e-06
1.70316417e-06
1.680383761e-06
1.658975908e-06
1.64366918e-06
1.744819142e-06
1.735576436e-06
1.721838139e-06
1.703966719e-06
1.682484377e-06
1.658256642e-06
1.632807832e-06
1.608927998e-06
1.591884772e-06
1.704602223e-06
1.694250282e-06
1.678866259e-06
1.658863014e-06
1.634838162e-06
1.607778797e-06
1.579408091e-06
1.552847711e-06
1.533939827e-06
1.659475495e-06
1.647892032e-06
1.630688679e-06
1.608343219e-06
1.581547338e-06
1.551432134e-06
1.519944059e-06
1.490559386e-06
1.469711681e-06
1.60906845e-06
1.596144424e-06
1.576971376e-06
1.552109749e-06
1.52236703e-06
1.489042234e-06
1.454327028e-06
1.422065013e-06
1.399273358e-06
1.553079851e-06
1.538729979e-06
1.517476109e-06
1.489982091e-06
1.457195343e-06
1.420606689e-06
1.382669889e-06
1.34759452e-06
1.322943221e-06
1.491318216e-06
1.475493529e-06
1.452105636e-06
1.421944818e-06
1.386123618e-06
1.346346465e-06
1.305338024e-06
1.267655668e-06
1.241334086e-06
1.423749597e-06
1.406451384e-06
1.380954455e-06
1.348199574e-06
1.309488559e-06
1.266757194e-06
1.222996531e-06
1.183065331e-06
1.155363604e-06
1.350549748e-06
1.331843965e-06
1.304361626e-06
1.269218282e-06
1.227923083e-06
1.182645602e-06
1.136625254e-06
1.094963234e-06
1.0662826e-06
1.272157972e-06
1.252189845e-06
1.22296286e-06
1.185782261e-06
1.142380723e-06
1.095162552e-06
1.047580477e-06
1.004885596e-06
9.757414659e-07
1.189311635e-06
1.168311414e-06
1.137709961e-06
1.099021937e-06
1.054214849e-06
1.005919058e-06
9.577497224e-07
9.149788606e-07
8.860539082e-07
1.103077131e-06
1.081386281e-06
1.049953902e-06
1.01053196e-06
9.653531743e-07
9.17293398e-07
8.700997323e-07
8.288934197e-07
8.013666365e-07
1.014932365e-06
9.930475359e-07
9.615901132e-07
9.22627017e-07
8.787815795e-07
8.333658356e-07
7.90461906e-07
7.551620861e-07
7.324421972e-07
9.269510595e-07
9.056470174e-07
8.754772709e-07
8.39062836e-07
7.998265593e-07
7.623447495e-07
7.320354099e-07
7.191886431e-07
7.161396949e-07
8.424374393e-07
8.231145337e-07
7.966930839e-07
7.670857477e-07
7.393540631e-07
7.227078653e-07
7.178502107e-07
7.160616584e-07
7.168929875e-07
7.680617987e-07
7.537849911e-07
7.362291001e-07
7.239162875e-07
7.207283731e-07
7.186754314e-07
7.20679929e-07
7.250633887e-07
7.295022459e-07
7.2092399e-07
7.203377809e-07
7.199568728e-07
7.191208476e-07
7.21687434e-07
7.271714038e-07
7.356559555e-07
7.45586502e-07
7.535638919e-07
7.167279365e-07
7.183773043e-07
7.21516204e-07
7.267534381e-07
7.353773595e-07
7.475940092e-07
7.627381227e-07
7.78459715e-07
7.900994757e-07
7.239980082e-07
7.281820716e-07
7.352936508e-07
7.46084405e-07
7.612590813e-07
7.807404314e-07
8.031290836e-07
8.250087909e-07
8.403764717e-07
7.419734293e-07
7.491919736e-07
7.609508052e-07
7.77932369e-07
8.004853465e-07
8.279680924e-07
8.580694524e-07
8.862028594e-07
9.051567739e-07
7.717959416e-07
7.826343184e-07
7.998101656e-07
8.237805872e-07
8.544145183e-07
8.90299063e-07
9.280901617e-07
9.620894194e-07
9.841984102e-07
8.15290338e-07
8.302477588e-07
8.534266821e-07
8.848655054e-07
9.237596844e-07
9.677791994e-07
1.012556242e-06
1.051509118e-06
1.076058068e-06
8.740991212e-07
8.934025213e-07
9.227247547e-07
9.61489529e-07
1.00806401e-06
1.059169075e-06
1.109570666e-06
1.152145751e-06
1.178268027e-06
9.489683825e-07
9.724314165e-07
1.007430614e-06
1.052638523e-06
1.105547644e-06
1.162041416e-06
1.216301547e-06
1.261044895e-06
1.28793704e-06
1.039256995e-06
1.06624406e-06
1.10585343e-06
1.155980733e-06
1.213335619e-06
1.273207113e-06
1.329554286e-06
1.375323037e-06
1.402727398e-06
1.142817378e-06
1.172335975e-06
1.21506566e-06
1.268223578e-06
1.327943155e-06
1.389233947e-06
1.446194102e-06
1.491804095e-06
1.518513439e-06
1.256307214e-06
1.287197612e-06
1.331418335e-06
1.385705295e-06
1.44585528e-06
1.506899731e-06
1.562469179e-06
1.606085558e-06
1.631194647e-06
1.375838974e-06
1.406994161e-06
1.451221253e-06
1.505088834e-06
1.563888516e-06
1.622289816e-06
1.674517373e-06
1.714899794e-06
1.737893051e-06
1.497777361e-06
1.52834076e-06
1.571258534e-06
1.622652324e-06
1.677901254e-06
1.731932426e-06
1.779660364e-06
1.81619805e-06
1.836857475e-06
1.618554905e-06
1.647269545e-06
1.687269912e-06
1.734622949e-06
1.784960847e-06
1.833714471e-06
1.876437796e-06
1.908953933e-06
1.927277503e-06
1.733802303e-06
1.759897002e-06
1.796027167e-06
1.838519933e-06
1.883383389e-06
1.92658368e-06
1.964282067e-06
1.992909445e-06
2.00903834e-06
1.840613505e-06
1.86375868e-06
1.895692514e-06
1.933108292e-06
1.972475716e-06
2.010294571e-06
2.043269815e-06
2.068332784e-06
2.082488851e-06
1.937533948e-06
1.957715303e-06
1.985518819e-06
2.018053652e-06
2.052267025e-06
2.085156317e-06
2.113893824e-06
2.135813237e-06
2.148252059e-06
2.024151488e-06
2.041561499e-06
2.065553277e-06
2.093653864e-06
2.123262234e-06
2.151816948e-06
2.176880674e-06
2.196106274e-06
2.207085883e-06
2.10078325e-06
2.115730155e-06
2.136363766e-06
2.160599259e-06
2.186238899e-06
2.21109825e-06
2.233059542e-06
2.250027183e-06
2.259789664e-06
2.168196845e-06
2.181035953e-06
2.198812779e-06
2.219783871e-06
2.242096941e-06
2.263880981e-06
2.283276034e-06
2.298384206e-06
2.307146627e-06
2.227390326e-06
2.238477812e-06
2.253889892e-06
2.272171654e-06
2.291757703e-06
2.311032163e-06
2.328340719e-06
2.341940495e-06
2.34989195e-06
2.27943619e-06
2.28910194e-06
2.302599511e-06
2.318710657e-06
2.336102627e-06
2.353363741e-06
2.369002058e-06
2.381395698e-06
2.388698236e-06
2.325381996e-06
2.333916553e-06
2.345893404e-06
2.360283937e-06
2.375940507e-06
2.391612591e-06
2.405935318e-06
2.41738075e-06
2.424174244e-06
2.366194613e-06
2.373845403e-06
2.384635664e-06
2.397685893e-06
2.411993445e-06
2.426433598e-06
2.439740709e-06
2.450461434e-06
2.456882099e-06
2.402734747e-06
2.409707706e-06
2.419589085e-06
2.431614704e-06
2.444893908e-06
2.458399163e-06
2.470942096e-06
2.481129415e-06
2.487253615e-06
2.435750599e-06
2.4422145e-06
2.451414611e-06
2.462674549e-06
2.475188939e-06
2.488004722e-06
2.49999358e-06
2.509764938e-06
2.515651371e-06
2.465882547e-06
2.471974373e-06
2.480678293e-06
2.491383671e-06
2.503348877e-06
2.515678602e-06
2.527246026e-06
2.536695715e-06
2.542396063e-06
2.49367361e-06
2.499504165e-06
2.507862656e-06
2.518187377e-06
2.529778674e-06
2.541747042e-06
2.553000531e-06
2.56220874e-06
2.567766529e-06
2.51958328e-06
2.525242054e-06
2.533380147e-06
2.543452044e-06
2.554774961e-06
2.566487018e-06
2.577516751e-06
2.586550508e-06
2.592006178e-06
2.544007322e-06
2.549561498e-06
2.557550091e-06
2.567449356e-06
2.578592754e-06
2.590133059e-06
2.601010338e-06
2.609924731e-06
2.615312348e-06
2.567230714e-06
2.572718662e-06
2.58061611e-06
2.590410353e-06
2.601443501e-06
2.612874785e-06
2.623651266e-06
2.632483407e-06
2.637815617e-06
2.589478621e-06
2.594933284e-06
2.602784896e-06
2.612524455e-06
2.623495879e-06
2.634859836e-06
2.64556705e-06
2.654328043e-06
2.659615255e-06
2.610941303e-06
2.616386671e-06
2.624223583e-06
2.633941038e-06
2.644879966e-06
2.656198414e-06
2.666840424e-06
2.675539025e-06
2.680792588e-06
2.631771446e-06
2.637221984e-06
2.645061778e-06
2.654773833e-06
2.665690257e-06
2.676958669e-06
2.687537726e-06
2.696186393e-06
2.701419769e-06
2.652086361e-06
2.657547511e-06
2.665396135e-06
2.675100212e-06
2.685981562e-06
2.69719449e-06
2.707718755e-06
2.716335676e-06
2.721563767e-06
2.671973503e-06
2.677441078e-06
2.685283638e-06
2.694961275e-06
2.70579563e-06
2.716955102e-06
2.727441427e-06
2.736048942e-06
2.741286325e-06
2.691472797e-06
2.696931136e-06
2.704749635e-06
2.714386255e-06
2.725170749e-06
2.7362896e-06
2.746761676e-06
2.755382721e-06
2.760641722e-06
2.710593546e-06
2.716029623e-06
2.723811737e-06
2.733402975e-06
2.744146814e-06
2.755246841e-06
2.765730627e-06
2.774384974e-06
2.779674183e-06
2.729338505e-06
2.734745906e-06
2.742489485e-06
2.752043127e-06
2.762765566e-06
2.773872513e-06
2.784391231e-06
2.793092658e-06
2.798416125e-06
2.747714987e-06
2.753095588e-06
2.760809091e-06
2.770342561e-06
2.781067693e-06
2.792205537e-06
2.802775768e-06
2.811530504e-06
2.816887551e-06
2.765740974e-06
2.771103763e-06
2.7788031e-06
2.788338185e-06
2.799088963e-06
2.810275281e-06
2.820904671e-06
2.829710971e-06
2.835096436e-06
2.783445219e-06
2.788803024e-06
2.796506559e-06
2.806063639e-06
2.816856966e-06
2.828100059e-06
2.838786508e-06
2.847635021e-06
2.853039771e-06
2.800862674e-06
2.806228301e-06
2.813951965e-06
2.823545426e-06
2.834389061e-06
2.84568677e-06
2.856418701e-06
2.865293339e-06
2.870704929e-06
2.818028026e-06
2.823411067e-06
2.83116481e-06
2.840800272e-06
2.851691482e-06
2.863031228e-06
2.873788491e-06
2.882667525e-06
2.888070924e-06
2.834969847e-06
2.840374696e-06
2.848160583e-06
2.857833761e-06
2.868759209e-06
2.880118681e-06
2.890873579e-06
2.899730569e-06
2.905108792e-06
2.851706641e-06
2.857131681e-06
2.864943312e-06
2.874640034e-06
2.885576369e-06
2.896924369e-06
2.90764223e-06
2.916445778e-06
2.921778781e-06
2.868244988e-06
2.873682598e-06
2.88150546e-06
2.891202455e-06
2.902117468e-06
2.913415144e-06
2.924055236e-06
2.932769228e-06
2.938032755e-06
2.884579347e-06
2.890016466e-06
2.897828902e-06
2.907495213e-06
2.918349576e-06
2.929552317e-06
2.94006976e-06
2.948655133e-06
2.953826063e-06
2.900693041e-06
2.906112096e-06
2.913886751e-06
2.923485646e-06
2.934235171e-06
2.945295036e-06
2.9556433e-06
2.964062173e-06
2.969119854e-06
2.916560039e-06
2.92194015e-06
2.929645755e-06
2.939136997e-06
2.949735237e-06
2.960603741e-06
2.970737405e-06
2.978956811e-06
2.983883284e-06
2.932147238e-06
2.937465543e-06
2.945068793e-06
2.954410859e-06
2.9648114e-06
2.975441303e-06
2.985320837e-06
2.993312836e-06
2.998093127e-06
2.947416791e-06
2.952649629e-06
2.960116751e-06
2.969268573e-06
2.979426507e-06
2.989776221e-06
2.999369096e-06
3.007110988e-06
3.011733098e-06
2.962328226e-06
2.967452094e-06
2.974750103e-06
2.983672119e-06
2.993547686e-06
3.003583975e-06
3.012864428e-06
3.02033853e-06
3.024793172e-06
2.976839851e-06
2.981831943e-06
2.988929382e-06
2.997587267e-06
3.007149683e-06
3.016846978e-06
3.025795568e-06
3.032988824e-06
3.037269303e-06
2.990907407e-06
2.995747366e-06
3.002618747e-06
3.010987421e-06
3.020214222e-06
3.029554119e-06
3.038157232e-06
3.045060888e-06
3.049163334e-06
3.004489557e-06
3.009163081e-06
3.015791459e-06
3.023853863e-06
3.032729881e-06
3.041700339e-06
3.049949588e-06
3.056558912e-06
3.0604816e-06
3.017556576e-06
3.022054999e-06
3.028429823e-06
3.036175418e-06
3.044691618e-06
3.053286008e-06
3.061177528e-06
3.067491567e-06
3.071234777e-06
3.030090172e-06
3.034408729e-06
3.04052431e-06
3.047947747e-06
3.05610014e-06
3.064316466e-06
3.071850654e-06
3.077871313e-06
3.081436973e-06
3.042081273e-06
3.04621805e-06
3.052072401e-06
3.059172415e-06
3.066961116e-06
3.07480132e-06
3.081981995e-06
3.087713694e-06
3.091105089e-06
3.053528219e-06
3.057483415e-06
3.063077355e-06
3.069855839e-06
3.077284248e-06
3.084753772e-06
3.091587447e-06
3.097036605e-06
3.100258124e-06
3.064435197e-06
3.068210583e-06
3.073547073e-06
3.080008474e-06
3.087083023e-06
3.094189777e-06
3.10068512e-06
3.105859711e-06
3.108916586e-06
3.074810864e-06
3.078409426e-06
3.083493149e-06
3.089644238e-06
3.096373529e-06
3.103127427e-06
3.109294742e-06
3.11420391e-06
3.117101984e-06
3.084667262e-06
3.088093008e-06
3.092930332e-06
3.098779572e-06
3.105173835e-06
3.11158631e-06
3.117437121e-06
3.12209086e-06
3.124836423e-06
3.094019352e-06
3.097277309e-06
3.101875674e-06
3.107432708e-06
3.113503425e-06
3.119587009e-06
3.125133711e-06
3.129542589e-06
3.132142226e-06
3.102884434e-06
3.105980157e-06
3.110347766e-06
3.115623164e-06
3.121382695e-06
3.127150673e-06
3.132406224e-06
3.13658117e-06
3.13904163e-06
3.111281144e-06
3.114220624e-06
3.118366292e-06
3.123371251e-06
3.128832538e-06
3.134298669e-06
3.139276335e-06
3.143228447e-06
3.145556536e-06
3.119229114e-06
3.122018659e-06
3.12595158e-06
3.130697681e-06
3.135873994e-06
3.141052254e-06
3.145765413e-06
3.149505797e-06
3.151708288e-06
3.12674857e-06
3.129394654e-06
3.13312422e-06
3.137623226e-06
3.142527954e-06
3.147432342e-06
3.151894306e-06
3.155433936e-06
3.157517483e-06
3.133859937e-06
3.136369097e-06
3.139904757e-06
3.144168448e-06
3.14881491e-06
3.153459281e-06
3.157683135e-06
3.161032734e-06
3.163003802e-06
3.140583537e-06
3.142962286e-06
3.146313425e-06
3.150353438e-06
3.154754743e-06
3.159152645e-06
3.163151102e-06
3.166321019e-06
3.168185818e-06
3.146939335e-06
3.14919408e-06
3.152369894e-06
3.156197602e-06
3.160366487e-06
3.164531002e-06
3.168316247e-06
3.171316332e-06
3.173080737e-06
3.152946689e-06
3.155083647e-06
3.158093049e-06
3.161719412e-06
3.165668072e-06
3.169611622e-06
3.173195124e-06
3.176034558e-06
3.177703998e-06
3.158624094e-06
3.160649216e-06
3.163500686e-06
3.166936069e-06
3.170675929e-06
3.174410019e-06
3.177802251e-06
3.180489299e-06
3.182068594e-06
3.163988816e-06
3.165907654e-06
3.168609055e-06
3.171862959e-06
3.175404345e-06
3.178939169e-06
3.182149188e-06
3.184690794e-06
3.186183876e-06
3.169056193e-06
3.170873722e-06
3.17343201e-06
3.176512684e-06
3.1798643e-06
3.183208113e-06
3.186242863e-06
3.188643984e-06
3.190053439e-06
3.173838094e-06
3.175558435e-06
3.177979229e-06
3.180893054e-06
3.184061187e-06
3.18721933e-06
3.19008254e-06
3.192345073e-06
3.193671381e-06
3.178339243e-06
3.179965282e-06
3.182252248e-06
3.185002865e-06
3.187990231e-06
3.190963693e-06
3.193654247e-06
3.195775424e-06
3.197015812e-06
3.182547646e-06
3.184080587e-06
3.186234737e-06
3.188822083e-06
3.191626524e-06
3.194410311e-06
3.19692036e-06
3.198890842e-06
3.200037859e-06
3.186409145e-06
3.187848536e-06
3.189868182e-06
3.192288267e-06
3.194902544e-06
3.197485473e-06
3.199800128e-06
3.20160342e-06
3.202644158e-06
3.189756067e-06
3.191102144e-06
3.192986598e-06
3.195236756e-06
3.197655064e-06
3.200027268e-06
3.202132389e-06
3.203751551e-06
3.204671416e-06
3.192108522e-06
3.193375208e-06
3.195144159e-06
3.197248258e-06
3.199496761e-06
3.201684406e-06
3.20360314e-06
3.205054393e-06
3.205859277e-06
1.066763272e-21
3.995514799e-21
8.914898079e-21
1.689724143e-20
2.983608353e-20
5.100713315e-20
8.610798096e-20
1.449952006e-19
2.447435909e-19
4.149246284e-19
7.067842613e-19
1.209172642e-18
2.076236842e-18
3.575561271e-18
6.171652939e-18
1.067021862e-17
1.84676883e-17
3.198583967e-17
5.542699766e-17
9.608469616e-17
1.666188913e-16
2.890070617e-16
5.014069057e-16
8.700768528e-16
1.510082061e-15
2.621253981e-15
4.550633091e-15
7.900861769e-15
1.371817127e-14
2.381806025e-14
4.134862408e-14
7.176287954e-14
1.24492485e-13
2.158191557e-13
3.737810409e-13
6.465168012e-13
1.116379527e-12
1.923664995e-12
3.306232729e-12
5.665167359e-12
9.67269265e-12
1.644790753e-11
2.784009066e-11
4.688037022e-11
7.84931277e-11
1.306019025e-10
2.158248228e-10
3.540366818e-10
5.761850935e-10
9.298954366e-10
1.487595913e-09
2.358157752e-09
3.703399479e-09
5.761266296e-09
8.877779193e-09
1.355121678e-08
2.049299093e-08
3.07104832e-08
4.561871695e-08
6.718815401e-08
9.813416519e-08
1.421498848e-07
2.041858218e-07
2.907911126e-07
4.105209069e-07
5.743735512e-07
7.961951503e-07
1.092960984e-06
1.484816772e-06
1.99471131e-06
2.647436809e-06
3.467914218e-06
4.478652944e-06
5.696501253e-06
7.129091829e-06
8.771757411e-06
1.060613504e-05
1.260233615e-05
1.471697314e-05
1.688902066e-05
1.904756696e-05
2.111648966e-05
2.302012203e-05
2.468921276e-05
2.606754183e-05
2.711967575e-05
2.784348723e-05
2.830234165e-05
2.873331601e-05
3.000674316e-05
3.240690962e-05
3.504951964e-05
3.752377321e-05
3.961468815e-05
4.120075517e-05
4.221710018e-05
4.264156607e-05
4.2487468e-05
4.179717863e-05
4.063493753e-05
3.907936246e-05
3.721594821e-05
3.513045517e-05
3.290367372e-05
3.060776971e-05
2.830416449e-05
2.604273044e-05
2.38619983e-05
2.179005136e-05
1.984581848e-05
1.804054244e-05
1.63792556e-05
1.486215565e-05
1.34858224e-05
1.224425082e-05
1.11296995e-05
1.013336735e-05
9.245918617e-06
8.45787914e-06
7.75992611e-06
7.143092073e-06
6.598901168e-06
6.119452899e-06
5.69746607e-06
5.32629309e-06
4.999912919e-06
4.712908869e-06
4.460436346e-06
4.238184601e-06
4.042335066e-06
3.869518437e-06
3.716772141e-06
3.581499225e-06
3.461429395e-06
3.354582652e-06
3.259235766e-06
3.17389168e-06
3.097251829e-06
3.028191281e-06
2.965736544e-06
2.909045881e-06
2.85739191e-06
2.810146314e-06
2.766766437e-06
2.72678359e-06
2.689792868e-06
2.655444309e-06
2.623435242e-06
2.593503675e-06
2.565422589e-06
2.538995026e-06
2.514049868e-06
2.490438208e-06
2.468030238e-06
2.446712581e-06
2.426386008e-06
2.406963471e-06
2.388368436e-06
2.370533441e-06
2.353398866e-06
2.336911884e-06
2.32102555e-06
2.305698035e-06
2.290891952e-06
2.276573792e-06
2.262713427e-06
2.249283685e-06
2.236259986e-06
2.22362002e-06
2.211343465e-06
2.199411744e-06
2.187807796e-06
2.176515866e-06
2.165521311e-06
2.154810386e-06
2.144370029e-06
2.134187608e-06
2.124250624e-06
2.114546351e-06
2.10506138e-06
2.095781058e-06
2.086688787e-06
2.077765161e-06
2.068986929e-06
2.060325749e-06
2.051746754e-06
2.043206902e-06
2.034653158e-06
2.026020521e-06
2.017229941e-06
2.008186204e-06
1.998775837e-06
1.988865123e-06
1.9782983e-06
1.966895998e-06
1.954453975e-06
1.940742184e-06
1.92550417e-06
1.908456808e-06
1.889290375e-06
1.867669024e-06
1.843231823e-06
1.815594715e-06
1.784354003e-06
1.749092345e-06
1.709388565e-06
1.664832904e-06
1.61504936e-06
1.559726431e-06
1.498656583e-06
1.431783303e-06
1.359252937e-06
1.281468238e-06
1.199127642e-06
1.113247289e-06
1.025237698e-06
9.370562044e-07
8.517400725e-07
7.751668171e-07
7.213592841e-07
7.161030011e-07
7.222274576e-07
7.388277853e-07
7.669908061e-07
8.085686212e-07
8.653199573e-07
9.381807039e-07
1.026727543e-06
1.12899685e-06
1.241744304e-06
1.361069963e-06
1.483201149e-06
1.604795054e-06
1.721253257e-06
1.829458126e-06
1.927796998e-06
2.015751591e-06
2.0935781e-06
2.16201779e-06
2.22206602e-06
2.274806732e-06
2.321305947e-06
2.362551243e-06
2.39942347e-06
2.43268898e-06
2.463003735e-06
2.490923684e-06
2.516918855e-06
2.541393354e-06
2.564648877e-06
2.586912966e-06
2.608379914e-06
2.629206877e-06
2.649515491e-06
2.669396988e-06
2.688898297e-06
2.70802822e-06
2.726786725e-06
2.745177118e-06
2.763213573e-06
2.780922426e-06
2.798338113e-06
2.815496506e-06
2.832428486e-06
2.8491554e-06
2.865686735e-06
2.882019639e-06
2.898139704e-06
2.91402262e-06
2.929636372e-06
2.944943623e-06
2.95990394e-06
2.974475334e-06
2.988612855e-06
3.002272544e-06
3.015421602e-06
3.02803972e-06
3.040116397e-06
3.051648929e-06
3.062640734e-06
3.073099892e-06
3.083037997e-06
3.092469478e-06
3.101411377e-06
3.109882128e-06
3.117901197e-06
3.125488721e-06
3.13266509e-06
3.139450633e-06
3.145865359e-06
3.151928708e-06
3.1576593e-06
3.163074576e-06
3.168190135e-06
3.173018229e-06
3.177564132e-06
3.181816599e-06
3.185722173e-06
3.189112857e-06
3.191502463e-06
)
;

boundaryField
{
    outlet
    {
        type            inletOutlet;
        inletValue      uniform 0;
        value           nonuniform List<scalar> 10(3.192108522e-06 3.193375208e-06 3.195144159e-06 3.197248258e-06 3.199496761e-06 3.201684406e-06 3.20360314e-06 3.205054393e-06 3.205859277e-06 3.191502463e-06);
    }
    inlet
    {
        type            fixedValue;
        value           uniform 0;
    }
    front
    {
        type            wedge;
    }
    wall
    {
        type            zeroGradient;
    }
    back
    {
        type            wedge;
    }
}


// ************************************************************************* //
