/*--------------------------------*- C++ -*----------------------------------*\
| =========                 |                                                 |
| \\      /  F ield         | OpenFOAM: The Open Source CFD Toolbox           |
|  \\    /   O peration     | Version:  2212                                  |
|   \\  /    A nd           | Website:  www.openfoam.com                      |
|    \\/     M anipulation  |                                                 |
\*---------------------------------------------------------------------------*/
FoamFile
{
    version     2.0;
    format      ascii;
    arch        "LSB;label=32;scalar=64";
    class       volScalarField;
    location    "30.00000000";
    object      CH3COCH3_0;
}
// * * * * * * * * * * * * * * * * * * * * * * * * * * * * * * * * * * * * * //

dimensions      [0 0 0 0 0 0 0];

internalField   nonuniform List<scalar> 
3000
(
0.01368422948
0.01368422948
0.01368422948
0.01368422948
0.01368422948
0.01368422948
0.01368422948
0.01368422948
0.01368422948
0.01368422948
0.01368422948
0.01368422948
0.01368422948
0.01368422948
0.01368422948
0.01368422948
0.01368422948
0.01368422948
0.01368422948
0.01368422948
0.01368422948
0.01368422948
0.01368422948
0.01368422948
0.01368422948
0.01368422948
0.01368422948
0.01368422948
0.01368422948
0.01368422948
0.01368422948
0.01368422948
0.01368422948
0.01368422948
0.01368422948
0.01368422948
0.01368422948
0.01368422948
0.01368422948
0.01368422948
0.01368422948
0.01368422948
0.01368422948
0.01368422948
0.01368422948
0.01368422948
0.01368422948
0.01368422948
0.01368422948
0.01368422948
0.01368422948
0.01368422948
0.01368422948
0.01368422948
0.01368422948
0.01368422948
0.01368422948
0.01368422948
0.01368422948
0.01368422948
0.01368422948
0.01368422948
0.01368422948
0.01368422948
0.01368422948
0.01368422948
0.01368422948
0.01368422948
0.01368422948
0.01368422948
0.01368422948
0.01368422948
0.01368422948
0.01368422948
0.01368422948
0.01368422948
0.01368422948
0.01368422948
0.01368422948
0.01368422948
0.01368422948
0.01368422948
0.01368422948
0.01368422948
0.01368422948
0.01368422948
0.01368422948
0.01368422948
0.01368422948
0.01368422948
0.01368422948
0.01368422948
0.01368422948
0.01368422948
0.01368422948
0.01368422948
0.01368422948
0.01368422948
0.01368422948
0.01368422948
0.01368422948
0.01368422948
0.01368422948
0.01368422948
0.01368422948
0.01368422948
0.01368422948
0.01368422948
0.01368422948
0.01368422948
0.01368422948
0.01368422948
0.01368422948
0.01368422948
0.01368422948
0.01368422948
0.01368422948
0.01368422948
0.01368422948
0.01368422948
0.01368422948
0.01368422948
0.01368422948
0.01368422948
0.01368422948
0.01368422948
0.01368422948
0.01368422948
0.01368422948
0.01368422948
0.01368422948
0.01368422948
0.01368422948
0.01368422948
0.01368422948
0.01368422948
0.01368422948
0.01368422948
0.01368422948
0.01368422948
0.01368422948
0.01368422948
0.01368422948
0.01368422948
0.01368422948
0.01368422948
0.01368422948
0.01368422948
0.01368422948
0.01368422948
0.01368422948
0.01368422948
0.01368422948
0.01368422948
0.01368422948
0.01368422948
0.01368422948
0.01368422948
0.01368422948
0.01368422948
0.01368422948
0.01368422948
0.01368422948
0.01368422948
0.01368422948
0.01368422948
0.01368422948
0.01368422948
0.01368422948
0.01368422948
0.01368422948
0.01368422948
0.01368422948
0.01368422948
0.01368422948
0.01368422948
0.01368422948
0.01368422948
0.01368422948
0.01368422948
0.01368422948
0.01368422948
0.01368422948
0.01368422948
0.01368422948
0.01368422948
0.01368422948
0.01368422948
0.01368422948
0.01368422948
0.01368422948
0.01368422948
0.01368422948
0.01368422948
0.01368422948
0.01368422948
0.01368422948
0.01368422948
0.01368422948
0.01368422948
0.01368422948
0.01368422948
0.01368422948
0.01368422948
0.01368422948
0.01368422948
0.01368422948
0.01368422948
0.01368422948
0.01368422948
0.01368422948
0.01368422948
0.01368422948
0.01368422948
0.01368422948
0.01368422948
0.01368422948
0.01368422948
0.01368422948
0.01368422948
0.01368422948
0.01368422948
0.01368422948
0.01368422948
0.01368422948
0.01368422948
0.01368422948
0.01368422948
0.01368422948
0.01368422948
0.01368422948
0.01368422948
0.01368422948
0.01368422948
0.01368422948
0.01368422948
0.01368422948
0.01368422948
0.01368422948
0.01368422948
0.01368422948
0.01368422948
0.01368422948
0.01368422948
0.01368422948
0.01368422948
0.01368422948
0.01368422948
0.01368422948
0.01368422948
0.01368422948
0.01368422948
0.01368422948
0.01368422948
0.01368422948
0.01368422948
0.01368422948
0.01368422948
0.01368422947
0.01368422947
0.01368422947
0.01368422948
0.01368422948
0.01368422948
0.01368422948
0.01368422947
0.01368422947
0.01368422947
0.01368422947
0.01368422947
0.01368422948
0.01368422948
0.01368422947
0.01368422947
0.01368422947
0.01368422947
0.01368422946
0.01368422946
0.01368422946
0.01368422947
0.01368422947
0.01368422947
0.01368422947
0.01368422946
0.01368422946
0.01368422945
0.01368422944
0.01368422944
0.01368422947
0.01368422947
0.01368422946
0.01368422946
0.01368422945
0.01368422944
0.01368422943
0.01368422942
0.01368422941
0.01368422946
0.01368422946
0.01368422945
0.01368422944
0.01368422943
0.01368422941
0.01368422939
0.01368422937
0.01368422936
0.01368422945
0.01368422944
0.01368422943
0.01368422941
0.01368422939
0.01368422936
0.01368422932
0.01368422929
0.01368422927
0.01368422943
0.01368422942
0.0136842294
0.01368422937
0.01368422932
0.01368422927
0.01368422921
0.01368422916
0.01368422912
0.01368422939
0.01368422937
0.01368422934
0.01368422928
0.01368422921
0.01368422912
0.01368422902
0.01368422893
0.01368422887
0.01368422933
0.0136842293
0.01368422923
0.01368422914
0.01368422902
0.01368422887
0.0136842287
0.01368422855
0.01368422844
0.01368422923
0.01368422916
0.01368422906
0.0136842289
0.0136842287
0.01368422845
0.01368422817
0.01368422791
0.01368422773
0.01368422905
0.01368422894
0.01368422876
0.0136842285
0.01368422816
0.01368422774
0.01368422728
0.01368422685
0.01368422657
0.01368422874
0.01368422856
0.01368422826
0.01368422783
0.01368422725
0.01368422656
0.01368422581
0.01368422511
0.01368422466
0.01368422823
0.01368422792
0.01368422742
0.0136842267
0.01368422576
0.01368422463
0.01368422341
0.0136842223
0.01368422158
0.01368422736
0.01368422685
0.01368422602
0.01368422485
0.01368422332
0.01368422149
0.01368421954
0.01368421779
0.01368421666
0.01368422592
0.01368422508
0.01368422373
0.01368422182
0.01368421935
0.01368421644
0.01368421337
0.01368421062
0.01368420887
0.01368422354
0.01368422217
0.01368421998
0.01368421691
0.01368421299
0.0136842084
0.0136842036
0.01368419936
0.01368419667
0.01368421962
0.01368421741
0.01368421391
0.01368420904
0.01368420287
0.01368419573
0.01368418835
0.01368418187
0.0136841778
0.01368421325
0.01368420972
0.01368420419
0.01368419656
0.01368418697
0.013684176
0.01368416476
0.01368415497
0.01368414888
0.01368420295
0.01368419741
0.01368418876
0.01368417694
0.01368416225
0.01368414558
0.01368412865
0.01368411404
0.013684105
0.01368418647
0.01368417786
0.01368416452
0.01368414645
0.01368412418
0.01368409915
0.01368407394
0.01368405235
0.01368403907
0.01368416036
0.01368414716
0.01368412683
0.01368409952
0.01368406615
0.01368402897
0.01368399183
0.01368396023
0.01368394089
0.01368411938
0.01368409939
0.01368406879
0.01368402799
0.01368397856
0.0136839239
0.01368386968
0.01368382383
0.01368379591
0.01368405572
0.0136840258
0.01368398028
0.01368392001
0.01368384753
0.01368376794
0.01368368951
0.01368362353
0.01368358352
0.01368395781
0.01368391356
0.01368384659
0.01368375849
0.01368365323
0.01368353839
0.01368342583
0.01368333158
0.01368327463
0.01368380873
0.01368374398
0.01368364648
0.01368351896
0.01368336749
0.01368320314
0.01368304282
0.01368290908
0.01368282851
0.01368358396
0.0136834902
0.01368334964
0.01368316673
0.01368295058
0.01368271714
0.01368249033
0.01368230174
0.01368218836
0.01368324838
0.01368311392
0.01368291311
0.01368265293
0.01368234683
0.01368201755
0.01368169871
0.01368143426
0.01368127557
0.01368275209
0.01368256097
0.01368227645
0.01368190922
0.01368147878
0.01368101732
0.01368057174
0.013680203
0.01367998209
0.01368202481
0.01368175534
0.01368135531
0.01368084065
0.01368023934
0.01367959659
0.0136789775
0.01367846622
0.01367816037
0.01368096833
0.01368059123
0.01368003276
0.01367931625
0.01367848146
0.01367759146
0.01367673619
0.01367603116
0.01367560999
0.01367944664
0.01367892256
0.01367814804
0.01367715676
0.01367600471
0.01367477936
0.01367360421
0.01367263702
0.01367205985
0.01367727299
0.01367654939
0.01367548195
0.01367411873
0.01367253792
0.01367085992
0.01366925335
0.0136679327
0.01366714519
0.01367419363
0.0136732008
0.01367173853
0.01366987453
0.01366771698
0.01366543048
0.01366324407
0.01366144835
0.01366037807
0.01366986766
0.01366851361
0.01366652194
0.01366398688
0.01366105677
0.01365795521
0.01365499194
0.01365255946
0.01365110999
0.01366384218
0.01366200607
0.01365930806
0.01365587777
0.01365191691
0.01364772743
0.01364372657
0.01364044284
0.01363848596
0.0136555223
0.01365304625
0.01364941054
0.01364479154
0.01363946132
0.01363382534
0.01362844318
0.01362402449
0.01362139004
0.01364413624
0.01364081559
0.01363594206
0.01362975313
0.01362261287
0.01361506229
0.01360784849
0.0136019215
0.01359838448
0.01362869666
0.01362426888
0.01361777217
0.01360952319
0.01360000501
0.01358993481
0.01358030489
0.0135723826
0.01356764796
0.0136079595
0.013602092
0.01359348365
0.01358255261
0.01356993455
0.01355657333
0.01354377925
0.01353323539
0.01352692161
0.01358038184
0.01357265967
0.01356133013
0.01354694047
0.01353032022
0.01351270223
0.01349580497
0.01348185054
0.01347347478
0.01354408142
0.013533996
0.01351919866
0.01350039971
0.0134786731
0.01345561652
0.01343346628
0.01341513366
0.01340410213
0.01349680096
0.01348374176
0.01346458168
0.01344023621
0.0134120853
0.01338218262
0.01335341248
0.01332955228
0.01331515887
0.01343588228
0.01341913356
0.01339456442
0.01336334764
0.01332724378
0.01328886985
0.01325190792
0.01322120107
0.01320263245
0.01335825719
0.01333700241
0.01330583536
0.01326625027
0.01322047726
0.01317182021
0.01312492424
0.01308591015
0.01306226202
0.01326046407
0.0132338005
0.01319472839
0.01314514125
0.01308784315
0.01302696272
0.01296828294
0.01291943687
0.01288980674
0.01313869905
0.01310566431
0.01305730341
0.01299600154
0.01292525516
0.01285016543
0.01277785914
0.01271772275
0.01268125567
0.01298890865
0.01294851959
0.01288946867
0.0128147396
0.01272864807
0.01263746177
0.01254984138
0.01247709604
0.01243302759
0.01280692531
0.01275822806
0.01268713945
0.01259737002
0.01249423444
0.01238531315
0.01228095376
0.01219453244
0.0121422734
0.01258863669
0.01253077127
0.0124464767
0.01234032287
0.01221875733
0.01209082852
0.01196869684
0.01186788502
0.01180707651
0.01233027684
0.01226257538
0.01216418308
0.01204065956
0.01189972969
0.0117520176
0.01161157616
0.01149609518
0.0114266547
0.01202870379
0.01195073937
0.01183772101
0.01169631911
0.01153564255
0.01136797748
0.01120928557
0.01107935808
0.01100151118
0.01168163159
0.01159327901
0.01146554917
0.01130632582
0.011126175
0.01093907781
0.01076284831
0.01061923299
0.01053352631
0.01128787803
0.01118936354
0.01104734949
0.01087098755
0.01067234495
0.01046706347
0.01027469159
0.01011868822
0.01002598336
0.01084757613
0.01073950477
0.01058417159
0.01039202494
0.0101766057
0.009955121387
0.009748660676
0.009582080562
0.009483529284
0.01036233636
0.01024570067
0.0100785598
0.00987263281
0.009642858792
0.009407848279
0.009189958876
0.009015070714
0.008912077609
0.009835340774
0.009711504458
0.009534582983
0.00931748779
0.009076417928
0.008831162159
0.008605023107
0.008424483217
0.008318674452
0.009271358095
0.009142013943
0.008957787432
0.008732650238
0.008483865613
0.00823212486
0.008001317358
0.00781809665
0.00771136988
0.008676672665
0.008543775524
0.008355066215
0.008125392451
0.007872833725
0.007618669525
0.007387000623
0.007204111839
0.00709795679
0.008058925449
0.007924603107
0.00773444866
0.007503954251
0.007251714591
0.006999255554
0.006770232128
0.006590180632
0.006486048057
0.007426872559
0.007293318031
0.007104820518
0.006877256928
0.006629266105
0.006382064297
0.006158778978
0.005983949861
0.005883190073
0.00679007563
0.006659409376
0.006475430707
0.006253991123
0.00601358836
0.005774919873
0.005560228856
0.005392776517
0.005296584926
0.006157781645
0.006031768108
0.005854749066
0.005642330077
0.005412548356
0.005185305049
0.004981682158
0.004823432148
0.004732800571
0.005538649
0.005418859648
0.005250952681
0.005050048555
0.004833454226
0.004620022782
0.004429457745
0.004281839137
0.004197523871
0.004940857456
0.004828591698
0.004671550968
0.004484150019
0.004282737437
0.004084915449
0.003908854183
0.00377286549
0.003695374348
0.004371694444
0.004267925804
0.004123039442
0.003950559358
0.003765696403
0.003584656614
0.00342398507
0.003300193244
0.003229790649
0.003837215599
0.003742567614
0.003610632034
0.003453902379
0.003286326791
0.003122629275
0.002977697843
0.002866266454
0.0028029938
0.003342012586
0.003256764089
0.0031380983
0.002997388149
0.0028472496
0.002700895245
0.002571576229
0.002472316169
0.00241602332
0.002889106059
0.00281322187
0.002707715409
0.002582797891
0.00244973562
0.00232024995
0.002206017748
0.002118452223
0.002068835503
0.002479964148
0.002413144378
0.002320329072
0.002210570844
0.002093813706
0.001980348143
0.001880370884
0.001803806363
0.001760448566
0.002114630241
0.0020563701
0.001975504438
0.001879966978
0.001778442316
0.001679880142
0.001593112258
0.001526708047
0.001489116745
0.00179193154
0.001741583572
0.001671738833
0.001589279433
0.001501718841
0.001416775547
0.00134204332
0.001284874436
0.001252515982
0.001509733857
0.00146656624
0.001406706079
0.001336069527
0.001261102998
0.001188413786
0.001124488491
0.001075598521
0.001047926245
0.001265210354
0.001228456834
0.001177504711
0.00111739991
0.001053633259
0.0009918238101
0.0009374799367
0.0008959225136
0.0008723986257
0.001055096957
0.001023996252
0.0009808881489
0.0009300472694
0.0008761210659
0.0008238606137
0.0007779188918
0.0007427879731
0.0007228994009
0.0008759158983
0.00084974025
0.0008134625137
0.0007706829409
0.0007253137017
0.0006813515399
0.000642708091
0.0006131581982
0.0005964270869
0.000724157501
0.0007022313429
0.000671845154
0.0006360161973
0.0005980221202
0.000561209948
0.0005288537462
0.0005041118684
0.0004901016838
0.000596417616
0.0005781280338
0.0005527828638
0.0005229000567
0.0004912143206
0.0004605173402
0.0004335385124
0.0004129094853
0.0004012276638
0.000489493347
0.0004742942331
0.0004532329081
0.0004284029582
0.0004020778243
0.000376577411
0.0003541686142
0.0003370357046
0.0003273338656
0.0004004428947
0.0003878546721
0.0003704125176
0.0003498515729
0.0003280556657
0.000306946263
0.0002883995838
0.0002742218678
0.0002661942392
0.0003266162914
0.0003162226124
0.0003018226353
0.0002848503134
0.0002668620431
0.0002494443986
0.0002341451742
0.0002224527395
0.000215833474
0.0002656642191
0.0002571069877
0.0002452528864
0.0002312838832
0.0002164823741
0.0002021546452
0.0001895736038
0.0001799615734
0.0001745214287
0.0002155314277
0.0002085049902
0.0001987730726
0.0001873075936
0.0001751625081
0.0001634104092
0.000153095058
0.0001452170811
0.0001407598065
0.000174439942
0.0001686850476
0.0001607158697
0.0001513297884
0.0001413909263
0.0001317777113
0.0001233436088
0.0001169052728
0.0001132639435
0.0001408662216
0.0001361641429
0.0001296543835
0.0001219897012
0.0001138769401
0.0001060337259
9.91560544e-05
9.390851271e-05
9.094197396e-05
0.0001135153722
0.0001096824121
0.0001043772864
9.81332286e-05
9.152713666e-05
8.514386951e-05
7.95495553e-05
7.528355592e-05
7.287307806e-05
9.129459836e-05
8.817709872e-05
8.386346332e-05
7.87883835e-05
7.342167542e-05
6.82388951e-05
6.369941024e-05
6.023982508e-05
5.828602874e-05
7.328735919e-05
7.075725419e-05
6.725745914e-05
6.314161187e-05
5.879151028e-05
5.459297385e-05
5.091787316e-05
4.811877267e-05
4.653885141e-05
5.872913848e-05
5.668004784e-05
5.384653114e-05
5.051570901e-05
4.699720778e-05
4.360337066e-05
4.063456716e-05
3.83748465e-05
3.710009366e-05
4.698533318e-05
4.532916671e-05
4.303975091e-05
4.034974069e-05
3.750972585e-05
3.477204205e-05
3.237879147e-05
3.055833023e-05
2.953196251e-05
3.753148318e-05
3.61955133e-05
3.434934673e-05
3.218113939e-05
2.989330188e-05
2.768928404e-05
2.576383058e-05
2.430015305e-05
2.347541442e-05
2.993587348e-05
2.886022782e-05
2.737430536e-05
2.562998557e-05
2.379045047e-05
2.201942021e-05
2.047324589e-05
1.929864072e-05
1.863716501e-05
2.384441886e-05
2.297994423e-05
2.178614153e-05
2.0385381e-05
1.890897539e-05
1.748843119e-05
1.624904752e-05
1.530810166e-05
1.477850948e-05
1.896766889e-05
1.827412033e-05
1.731667817e-05
1.619375954e-05
1.501084309e-05
1.387337417e-05
1.28815946e-05
1.212909593e-05
1.170580079e-05
1.506973424e-05
1.451424622e-05
1.374764623e-05
1.284894903e-05
1.190273601e-05
1.099341395e-05
1.020104827e-05
9.600212426e-06
9.262411294e-06
1.195892114e-05
1.151472205e-05
1.090190032e-05
1.018378675e-05
9.428093671e-06
8.702278841e-06
8.07019435e-06
7.591173945e-06
7.321998639e-06
9.479862072e-06
9.125197452e-06
8.636048288e-06
8.063092526e-06
7.460452134e-06
6.88195723e-06
6.378456353e-06
5.997094016e-06
5.782901676e-06
7.506942199e-06
7.224176165e-06
6.834303459e-06
6.377814216e-06
5.897902564e-06
5.437462074e-06
5.036930958e-06
4.733721234e-06
4.563503906e-06
5.938834957e-06
5.713702712e-06
5.403381859e-06
5.040174924e-06
4.65850523e-06
4.292505085e-06
3.974292607e-06
3.733521495e-06
3.598417106e-06
4.693981419e-06
4.514970079e-06
4.268288253e-06
3.979670149e-06
3.676511865e-06
3.385938925e-06
3.133430602e-06
2.942465336e-06
2.835354357e-06
3.706866852e-06
3.56470394e-06
3.368850077e-06
3.13977925e-06
2.899266746e-06
2.668843435e-06
2.468699255e-06
2.317404317e-06
2.232578386e-06
2.924964207e-06
2.812196454e-06
2.656876989e-06
2.475274103e-06
2.284674364e-06
2.102148291e-06
1.943677637e-06
1.823936288e-06
1.756826942e-06
2.306234183e-06
2.216881942e-06
2.093841641e-06
1.950024256e-06
1.799137136e-06
1.654699855e-06
1.529350592e-06
1.434674169e-06
1.38163153e-06
1.817087349e-06
1.746361862e-06
1.648991985e-06
1.535212616e-06
1.41588118e-06
1.301694108e-06
1.202636276e-06
1.127846155e-06
1.085958946e-06
1.43072779e-06
1.37480054e-06
1.297819378e-06
1.207889129e-06
1.113601052e-06
1.023409916e-06
9.451975122e-07
8.861669909e-07
8.531165781e-07
1.125810561e-06
1.081625658e-06
1.020818789e-06
9.498015644e-07
8.753655634e-07
8.041877223e-07
7.424846823e-07
6.959300489e-07
6.698724118e-07
8.853563234e-07
8.504782827e-07
8.024879532e-07
7.464526821e-07
6.877365373e-07
6.316080578e-07
5.829668198e-07
5.462786815e-07
5.257491987e-07
6.95875972e-07
6.683665417e-07
6.30521314e-07
5.863416697e-07
5.400606471e-07
4.958322222e-07
4.575152178e-07
4.286226479e-07
4.124594739e-07
5.466662355e-07
5.249849553e-07
4.951622506e-07
4.603551556e-07
4.239015296e-07
3.890741825e-07
3.589102578e-07
3.361716213e-07
3.23454157e-07
4.292440248e-07
4.121681346e-07
3.886835711e-07
3.612792615e-07
3.325852563e-07
3.051783611e-07
2.814475368e-07
2.635629367e-07
2.535625219e-07
3.368930952e-07
3.234531639e-07
3.049716559e-07
2.834093591e-07
2.608371854e-07
2.392826601e-07
2.206238205e-07
2.065650196e-07
1.987054938e-07
2.643013831e-07
2.537296783e-07
2.391941595e-07
2.222385009e-07
2.044923009e-07
1.87549945e-07
1.728870299e-07
1.618414599e-07
1.556676729e-07
2.072713774e-07
1.989605317e-07
1.875349174e-07
1.74209061e-07
1.602645252e-07
1.469543947e-07
1.354374872e-07
1.267635892e-07
1.219162988e-07
1.624891866e-07
1.559591671e-07
1.469827901e-07
1.365150557e-07
1.255632601e-07
1.151117402e-07
1.060701197e-07
9.926177798e-08
9.54576719e-08
1.273406811e-07
1.222124377e-07
1.151637106e-07
1.0694502e-07
9.8347681e-08
9.014454995e-08
8.304933548e-08
7.770759487e-08
7.472341104e-08
9.976531904e-08
9.573979436e-08
9.020727431e-08
8.375728185e-08
7.701116052e-08
7.057545126e-08
6.500991909e-08
6.082052399e-08
5.848044684e-08
7.8140084e-08
7.498151813e-08
7.064089967e-08
6.558107141e-08
6.028969572e-08
5.52425907e-08
5.087861857e-08
4.759419848e-08
4.575986688e-08
6.118744296e-08
5.87101128e-08
5.530595824e-08
5.133820395e-08
4.71894326e-08
4.323276887e-08
3.981216594e-08
3.723812249e-08
3.580071742e-08
4.79024372e-08
4.596013686e-08
4.329138743e-08
4.018111988e-08
3.692936285e-08
3.382860614e-08
3.114833162e-08
2.91316703e-08
2.800565589e-08
3.749498989e-08
3.597269569e-08
3.38811942e-08
3.144391416e-08
2.889605884e-08
2.646683215e-08
2.436730494e-08
2.278780606e-08
2.190598354e-08
2.934430003e-08
2.815157361e-08
2.651298267e-08
2.460366713e-08
2.260794938e-08
2.070538457e-08
1.906124662e-08
1.782449212e-08
1.713409475e-08
2.296282407e-08
2.202859659e-08
2.074521963e-08
1.92499357e-08
1.768714811e-08
1.619747696e-08
1.491030178e-08
1.394217266e-08
1.34017852e-08
1.79678542e-08
1.723630644e-08
1.623141817e-08
1.506070207e-08
1.383725476e-08
1.267117414e-08
1.166371588e-08
1.090605354e-08
1.04831841e-08
1.405910925e-08
1.348642021e-08
1.269979314e-08
1.17834271e-08
1.082587528e-08
9.913316468e-09
9.124977441e-09
8.532165461e-09
8.201332996e-09
1.100107942e-08
1.055286245e-08
9.937239957e-09
9.220135333e-09
8.470866974e-09
7.756874978e-09
7.140136152e-09
6.676409049e-09
6.41763793e-09
8.609126216e-09
8.258408917e-09
7.776726693e-09
7.215681249e-09
6.629521301e-09
6.071010941e-09
5.588622707e-09
5.225948459e-09
5.023584353e-09
6.738546053e-09
6.464179658e-09
6.08737826e-09
5.648523839e-09
5.19006203e-09
4.75326586e-09
4.376038498e-09
4.092453531e-09
3.934232473e-09
5.275970757e-09
5.061378568e-09
4.766682484e-09
4.423477324e-09
4.064966635e-09
3.723428365e-09
3.428495223e-09
3.206795911e-09
3.083112861e-09
4.132609579e-09
3.96480278e-09
3.734367282e-09
3.4660177e-09
3.185722599e-09
2.918720301e-09
2.688173279e-09
2.514888154e-09
2.418222582e-09
3.238941115e-09
3.107745275e-09
2.927593087e-09
2.717813375e-09
2.498712247e-09
2.290019926e-09
2.109837995e-09
1.974420846e-09
1.89888584e-09
2.54054614e-09
2.437993622e-09
2.297179747e-09
2.133218307e-09
1.961984628e-09
1.798900019e-09
1.658108242e-09
1.552304907e-09
1.493293405e-09
1.994837611e-09
1.914690546e-09
1.804646616e-09
1.676521528e-09
1.542724274e-09
1.41530597e-09
1.305315716e-09
1.222667391e-09
1.176574722e-09
1.568495794e-09
1.505871713e-09
1.419891509e-09
1.319790758e-09
1.215267135e-09
1.115736223e-09
1.029827744e-09
9.652815295e-10
9.292878867e-10
1.235457244e-09
1.186535423e-09
1.119371318e-09
1.041182406e-09
9.595459592e-10
8.818168649e-10
8.147336707e-10
7.643373056e-10
7.362372718e-10
9.75338643e-10
9.371298228e-10
8.846763754e-10
8.23617535e-10
7.598725611e-10
6.991853396e-10
6.468163208e-10
6.074789906e-10
5.855479712e-10
7.722018683e-10
7.423677576e-10
7.01413706e-10
6.5374488e-10
6.039842702e-10
5.566164911e-10
5.1574689e-10
4.850518636e-10
4.679414768e-10
6.135867382e-10
5.902985736e-10
5.583325151e-10
5.211289157e-10
4.822974518e-10
4.453385261e-10
4.134548992e-10
3.89512806e-10
3.761689714e-10
4.897536322e-10
4.715813812e-10
4.466395601e-10
4.176143134e-10
3.873232918e-10
3.584977542e-10
3.336352638e-10
3.149692268e-10
3.045680441e-10
3.930906131e-10
3.789162051e-10
3.594633176e-10
3.368285904e-10
3.132106829e-10
2.907398474e-10
2.71362725e-10
2.568184552e-10
2.487160226e-10
3.17649439e-10
3.06598832e-10
2.914347108e-10
2.737929977e-10
2.553886443e-10
2.378823247e-10
2.227903233e-10
2.114657678e-10
2.051589171e-10
2.587825319e-10
2.501725385e-10
2.383591155e-10
2.246181563e-10
2.10286659e-10
1.966584419e-10
1.84913642e-10
1.761039442e-10
1.711995243e-10
2.128589983e-10
2.061556741e-10
1.969598271e-10
1.862660326e-10
1.751159952e-10
1.645169545e-10
1.553865073e-10
1.485409552e-10
1.447318086e-10
1.77042534e-10
1.71828621e-10
1.646774595e-10
1.563638294e-10
1.476987445e-10
1.394655939e-10
1.323769403e-10
1.270652979e-10
1.241114733e-10
1.491177601e-10
1.450672191e-10
1.395131086e-10
1.330584958e-10
1.263341873e-10
1.19948734e-10
1.144545863e-10
1.103407675e-10
1.080548316e-10
1.273544537e-10
1.242125466e-10
1.199057551e-10
1.149030084e-10
1.096943533e-10
1.04751794e-10
1.00502757e-10
9.732424406e-11
9.555979864e-11
1.104014223e-10
1.079691364e-10
1.046364456e-10
1.007675014e-10
9.67424117e-11
9.292654627e-11
8.964971438e-11
8.720147006e-11
8.584417674e-11
9.720356254e-11
9.532543336e-11
9.275341647e-11
8.976982602e-11
8.666890879e-11
8.373276659e-11
8.121499509e-11
7.933688862e-11
7.829745469e-11
8.693704882e-11
8.549164073e-11
8.351359124e-11
8.12212992e-11
7.884195991e-11
7.659265754e-11
7.466748909e-11
7.32344707e-11
7.244316819e-11
7.89586974e-11
7.785116313e-11
7.633687851e-11
7.458432762e-11
7.276834666e-11
7.105525576e-11
6.959270529e-11
6.850712929e-11
6.790951294e-11
7.276641154e-11
7.192267801e-11
7.077047652e-11
6.943931253e-11
6.806313849e-11
6.676864157e-11
6.566721612e-11
6.485284407e-11
6.440640667e-11
6.796828969e-11
6.733051528e-11
6.646099899e-11
6.545880929e-11
6.442597662e-11
6.345824652e-11
6.263871265e-11
6.203603022e-11
6.170759071e-11
6.425850497e-11
6.378153133e-11
6.313271484e-11
6.238735746e-11
6.162256532e-11
6.090992738e-11
6.03104452e-11
5.987300631e-11
5.963667119e-11
6.139847817e-11
6.104705985e-11
6.05705671e-11
6.002574373e-11
5.94702343e-11
5.895676639e-11
5.852909271e-11
5.822066739e-11
5.805624041e-11
5.920218926e-11
5.894883182e-11
5.860692864e-11
5.821873091e-11
5.782668451e-11
5.746878587e-11
5.717531406e-11
5.696766543e-11
5.68594084e-11
5.752472518e-11
5.734799965e-11
5.711128047e-11
5.684549817e-11
5.658122449e-11
5.634494329e-11
5.615639859e-11
5.602755274e-11
5.596322153e-11
5.625335941e-11
5.613658982e-11
5.598217681e-11
5.581220319e-11
5.564795643e-11
5.55069121e-11
5.5400561e-11
5.533346368e-11
5.530356012e-11
5.53006131e-11
5.52308565e-11
5.514100064e-11
5.504620598e-11
5.496048979e-11
5.489426234e-11
5.485252582e-11
5.483400323e-11
5.483119701e-11
5.459886815e-11
5.456612439e-11
5.452712216e-11
5.449159546e-11
5.446785274e-11
5.446073967e-11
5.447012447e-11
5.449008371e-11
5.450876834e-11
5.409619691e-11
5.409279908e-11
5.409415766e-11
5.410573814e-11
5.413134438e-11
5.417140739e-11
5.422168854e-11
5.427250758e-11
5.430846258e-11
5.375314645e-11
5.377329386e-11
5.38070924e-11
5.385662985e-11
5.392212638e-11
5.40004676e-11
5.408407e-11
5.416013826e-11
5.421027572e-11
5.354027279e-11
5.357967677e-11
5.364008283e-11
5.372087944e-11
5.381939694e-11
5.392961749e-11
5.404115605e-11
5.413853492e-11
5.420071365e-11
5.343626528e-11
5.349188444e-11
5.357479383e-11
5.368219028e-11
5.380902399e-11
5.394682808e-11
5.40827746e-11
5.419895423e-11
5.427184804e-11
5.3426536e-11
5.349638297e-11
5.359915803e-11
5.373023496e-11
5.388254133e-11
5.404545714e-11
5.420390917e-11
5.433764274e-11
5.442065261e-11
5.350217692e-11
5.358518233e-11
5.370646932e-11
5.385984154e-11
5.403643269e-11
5.42236275e-11
5.440415956e-11
5.455536045e-11
5.464856214e-11
5.365920872e-11
5.37551315e-11
5.389474194e-11
5.407042778e-11
5.427164527e-11
5.44838172e-11
5.468739921e-11
5.485708929e-11
5.496120994e-11
5.389806268e-11
5.4007438e-11
5.416628217e-11
5.43656344e-11
5.459328816e-11
5.483262066e-11
5.506159123e-11
5.525189118e-11
5.536830965e-11
5.422325098e-11
5.434736931e-11
5.452743281e-11
5.475312006e-11
5.501048092e-11
5.528064942e-11
5.553873499e-11
5.57528891e-11
5.588365561e-11
5.464319147e-11
5.478410356e-11
5.49884598e-11
5.524449055e-11
5.553632777e-11
5.584254952e-11
5.613492107e-11
5.637735072e-11
5.652522238e-11
5.517016165e-11
5.533070548e-11
5.556355867e-11
5.585534096e-11
5.618799747e-11
5.653711765e-11
5.687047867e-11
5.714685885e-11
5.731534759e-11
5.582036301e-11
5.600420936e-11
5.627096313e-11
5.660539439e-11
5.698689339e-11
5.738750068e-11
5.777019993e-11
5.808755338e-11
5.8280983e-11
5.661408061e-11
5.682579406e-11
5.713314116e-11
5.751872207e-11
5.795889808e-11
5.842146234e-11
5.886362385e-11
5.92304263e-11
5.945399421e-11
5.757592306e-11
5.782103461e-11
5.817706198e-11
5.862402714e-11
5.913467252e-11
5.967169426e-11
6.01853543e-11
6.061164169e-11
6.087147954e-11
5.873512431e-11
5.902021043e-11
5.94345116e-11
5.995496608e-11
6.054997972e-11
6.117613667e-11
6.177537227e-11
6.227283628e-11
6.257606082e-11
6.012587981e-11
6.045863971e-11
6.094242222e-11
6.155046756e-11
6.22459858e-11
6.297825366e-11
6.367927961e-11
6.42613314e-11
6.461607276e-11
6.178767373e-11
6.217699266e-11
6.274316186e-11
6.345498695e-11
6.426946669e-11
6.512718095e-11
6.594838183e-11
6.663015509e-11
6.704554464e-11
6.376553193e-11
6.422151262e-11
6.488470492e-11
6.571860641e-11
6.667281825e-11
6.767763079e-11
6.863948222e-11
6.943773676e-11
6.992383062e-11
6.611010648e-11
6.664404406e-11
6.742057311e-11
6.839685803e-11
6.951373403e-11
7.068940476e-11
7.18142261e-11
7.274710403e-11
7.331471351e-11
6.88774657e-11
6.950173492e-11
7.040940472e-11
7.15501173e-11
7.285438654e-11
7.42263403e-11
7.553781312e-11
7.662439462e-11
7.728479284e-11
7.21284347e-11
7.285625333e-11
7.391398641e-11
7.524239496e-11
7.675993616e-11
7.835451402e-11
7.987690298e-11
8.113651386e-11
8.190099203e-11
7.592731522e-11
7.677234742e-11
7.799957779e-11
7.953936264e-11
8.129621263e-11
8.313956174e-11
8.489659454e-11
8.63478384e-11
8.722710087e-11
8.033982431e-11
8.131559603e-11
8.273139041e-11
8.450549511e-11
8.652648179e-11
8.864306593e-11
9.065647162e-11
9.231600301e-11
9.331942113e-11
8.543014471e-11
8.65492621e-11
8.817116359e-11
9.020031404e-11
9.250733554e-11
9.491810922e-11
9.720587525e-11
9.90869975e-11
1.002218026e-10
9.125708764e-11
9.253028143e-11
9.437291788e-11
9.667387774e-11
9.928392063e-11
1.020042884e-10
1.045787236e-10
1.066896373e-10
1.079597308e-10
9.786953405e-11
9.930459487e-11
1.013781531e-10
1.039618698e-10
1.068849207e-10
1.099224432e-10
1.127879983e-10
1.151303532e-10
1.165357142e-10
1.053015241e-10
1.069022416e-10
1.092109334e-10
1.120805248e-10
1.153174227e-10
1.186700843e-10
1.218221799e-10
1.243902258e-10
1.259264092e-10
1.135671226e-10
1.153321994e-10
1.178728759e-10
1.21022402e-10
1.245638115e-10
1.282190885e-10
1.316433611e-10
1.344235248e-10
1.36081528e-10
1.226563407e-10
1.245789917e-10
1.273406567e-10
1.307545399e-10
1.345804809e-10
1.385151471e-10
1.421875445e-10
1.45158706e-10
1.469252404e-10
1.325334648e-10
1.34601335e-10
1.375651579e-10
1.412184291e-10
1.452988247e-10
1.494797812e-10
1.533675289e-10
1.56501844e-10
1.583598289e-10
1.43137227e-10
1.453328863e-10
1.484730467e-10
1.523325951e-10
1.566289045e-10
1.610150317e-10
1.650783933e-10
1.683421295e-10
1.702707428e-10
1.54383554e-10
1.566855745e-10
1.59970927e-10
1.63997721e-10
1.684656604e-10
1.730107495e-10
1.772067553e-10
1.805677162e-10
1.825496857e-10
1.661706867e-10
1.685551996e-10
1.719516425e-10
1.761037062e-10
1.806972823e-10
1.853575302e-10
1.896495985e-10
1.93080581e-10
1.951008575e-10
1.78386013e-10
1.808285303e-10
1.84302281e-10
1.885411464e-10
1.93221795e-10
1.97961311e-10
2.023188467e-10
2.057974001e-10
2.078439257e-10
1.909172267e-10
1.933979699e-10
1.969223948e-10
2.01217762e-10
2.059545095e-10
2.107448835e-10
2.151447496e-10
2.186548354e-10
2.20719517e-10
2.036718414e-10
2.061754583e-10
2.097301444e-10
2.140593093e-10
2.188301194e-10
2.236525412e-10
2.280809059e-10
2.316143142e-10
2.336936369e-10
2.165761445e-10
2.190923559e-10
2.226642639e-10
2.270138745e-10
2.318074264e-10
2.366542977e-10
2.411078723e-10
2.446647973e-10
2.467606054e-10
2.295793535e-10
2.321038191e-10
2.35688482e-10
2.400558587e-10
2.448728447e-10
2.497489377e-10
2.542359524e-10
2.57825839e-10
2.599454891e-10
2.426574051e-10
2.451923235e-10
2.487946465e-10
2.531886709e-10
2.580427091e-10
2.629660785e-10
2.675072115e-10
2.711497903e-10
2.733063106e-10
2.5581529e-10
2.583697582e-10
2.62004528e-10
2.664462881e-10
2.713647361e-10
2.763677515e-10
2.80997356e-10
2.847237145e-10
2.869372721e-10
2.690880863e-10
2.716783259e-10
2.753705954e-10
2.798940132e-10
2.849189958e-10
2.900500036e-10
2.948186622e-10
2.98674749e-10
3.009756985e-10
2.825411729e-10
2.851907082e-10
2.88976148e-10
2.93628627e-10
2.988181928e-10
3.041435874e-10
3.091218531e-10
3.131753718e-10
3.156163849e-10
2.962702857e-10
2.990101157e-10
3.029353044e-10
3.077781362e-10
3.132066269e-10
3.188109337e-10
3.240883277e-10
3.284122462e-10
3.310227814e-10
3.104022585e-10
3.132710746e-10
3.17393732e-10
3.225021939e-10
3.282589057e-10
3.342404951e-10
3.398931848e-10
3.445372661e-10
3.473460256e-10
3.25097335e-10
3.281417842e-10
3.325305809e-10
3.379945397e-10
3.441743794e-10
3.506083538e-10
3.567032443e-10
3.617220405e-10
3.647649989e-10
3.405530132e-10
3.438277653e-10
3.485557473e-10
3.544482226e-10
3.611265633e-10
3.680933076e-10
3.747103901e-10
3.801741155e-10
3.834959508e-10
3.569812595e-10
3.605262607e-10
3.656520281e-10
3.720493772e-10
3.793144067e-10
3.869132244e-10
3.941521446e-10
4.001477561e-10
4.038039107e-10
3.74563802e-10
3.784268922e-10
3.840199712e-10
3.910151558e-10
3.989790916e-10
4.073337715e-10
4.15318837e-10
4.219547825e-10
4.26014521e-10
3.935115165e-10
3.97752542e-10
4.039028324e-10
4.116126742e-10
4.204151585e-10
4.296798004e-10
4.385660897e-10
4.459778115e-10
4.505277339e-10
4.140845221e-10
4.187782901e-10
4.255975911e-10
4.341675523e-10
4.439822215e-10
4.543485924e-10
4.643293054e-10
4.726857344e-10
4.778339849e-10
4.365998333e-10
4.418392032e-10
4.494661271e-10
4.590766805e-10
4.701190054e-10
4.818252367e-10
4.93140532e-10
5.026519352e-10
5.085333303e-10
4.6144304e-10
4.673428172e-10
4.759487283e-10
4.868230658e-10
4.993596567e-10
5.127006434e-10
5.256482832e-10
5.365757717e-10
5.433580444e-10
4.890821816e-10
4.957838198e-10
5.055798941e-10
5.179931577e-10
5.323528763e-10
5.47692695e-10
5.626407587e-10
5.753076385e-10
5.831988965e-10
5.200841622e-10
5.277614097e-10
5.39007083e-10
5.532973937e-10
5.698845595e-10
5.876711062e-10
6.050727985e-10
6.198776047e-10
6.291347848e-10
5.55134396e-10
5.640001246e-10
5.770132764e-10
5.935949495e-10
6.129049766e-10
6.336869282e-10
6.540971168e-10
6.715273487e-10
6.824644818e-10
5.950606208e-10
6.053751967e-10
6.205446136e-10
6.399242522e-10
6.625624546e-10
6.870090471e-10
7.111021569e-10
7.31746544e-10
7.447388327e-10
6.408618704e-10
6.529436099e-10
6.707446286e-10
6.93541473e-10
7.202470624e-10
7.491735098e-10
7.777660396e-10
8.023264882e-10
8.178003515e-10
6.937433983e-10
7.079817613e-10
7.28996255e-10
7.559688228e-10
7.876479134e-10
8.220543635e-10
8.561501287e-10
8.854971327e-10
9.040476565e-10
7.551577412e-10
7.720297318e-10
7.969711763e-10
8.290512539e-10
8.668202601e-10
9.079454933e-10
9.488030745e-10
9.841039754e-10
1.006498058e-09
8.268515082e-10
8.46941473e-10
8.766852522e-10
9.150194222e-10
9.602595553e-10
1.009650198e-09
1.058912008e-09
1.101634849e-09
1.128819918e-09
9.109174685e-10
9.349407693e-10
9.705601528e-10
1.016559487e-09
1.070988236e-09
1.130632354e-09
1.19033491e-09
1.242275153e-09
1.275403849e-09
1.009853125e-09
1.03868708e-09
1.081500632e-09
1.136929356e-09
1.202723151e-09
1.275051231e-09
1.347661268e-09
1.410981402e-09
1.451438543e-09
1.126632371e-09
1.161364772e-09
1.213039261e-09
1.28009192e-09
1.359883866e-09
1.447815413e-09
1.536276859e-09
1.613544537e-09
1.662971376e-09
1.264910038e-09
1.306886663e-09
1.369431496e-09
1.450731534e-09
1.547655498e-09
1.654646044e-09
1.762422639e-09
1.856645196e-09
1.916959779e-09
1.429054907e-09
1.479872462e-09
1.555668518e-09
1.654311653e-09
1.77204909e-09
1.902136831e-09
2.033258611e-09
2.14793027e-09
2.221367294e-09
1.624166828e-09
1.685698315e-09
1.777532747e-09
1.897129708e-09
2.039956362e-09
2.197814791e-09
2.35694345e-09
2.49612962e-09
2.585283708e-09
1.85612728e-09
1.930545702e-09
2.04164423e-09
2.186360595e-09
2.359196311e-09
2.550204995e-09
2.742743903e-09
2.911182885e-09
3.0190387e-09
2.131635904e-09
2.221432604e-09
2.355486298e-09
2.530080197e-09
2.738551952e-09
2.968906595e-09
3.201128204e-09
3.404310769e-09
3.534223289e-09
2.458217043e-09
2.566213462e-09
2.727399253e-09
2.937268549e-09
3.187800427e-09
3.464628588e-09
3.74376223e-09
3.987908715e-09
4.143483103e-09
2.844178164e-09
2.973536517e-09
3.166550663e-09
3.417794719e-09
3.71768906e-09
4.049106894e-09
4.383281733e-09
4.675106816e-09
4.859930143e-09
3.298554676e-09
3.45279691e-09
3.682887486e-09
3.982347046e-09
4.339791831e-09
4.734791261e-09
5.132696802e-09
5.478853855e-09
5.696063526e-09
3.831050323e-09
4.014068252e-09
4.287038641e-09
4.642254416e-09
5.066154265e-09
5.534183503e-09
6.004313432e-09
6.410476742e-09
6.662213819e-09
4.451961973e-09
4.667992071e-09
4.990119973e-09
5.409119876e-09
5.908629074e-09
6.458737242e-09
7.008160692e-09
7.477855648e-09
7.764722228e-09
5.172051041e-09
5.425566606e-09
5.803362163e-09
6.294174291e-09
6.877819676e-09
7.517309202e-09
8.150100827e-09
8.68357637e-09
9.00425197e-09
6.002276307e-09
6.297738736e-09
6.737457571e-09
7.307252806e-09
7.981589326e-09
8.714287475e-09
9.429984953e-09
1.002349308e-08
1.037462377e-08
6.953266696e-09
7.294674823e-09
7.801505635e-09
8.455308327e-09
9.223171294e-09
1.004764403e-08
1.084018409e-08
1.148585943e-08
1.186220588e-08
8.034396358e-09
8.424578345e-09
9.001451091e-09
9.740443776e-09
1.05990261e-08
1.150712625e-08
1.236443427e-08
1.305057174e-08
1.344522296e-08
9.252345571e-09
9.691974325e-09
1.033802876e-08
1.115764682e-08
1.209675178e-08
1.307267376e-08
1.397651757e-08
1.468754107e-08
1.509174791e-08
1.060914127e-08
1.109557308e-08
1.180454883e-08
1.269283039e-08
1.369375993e-08
1.471361618e-08
1.563912572e-08
1.635416552e-08
1.675532688e-08
1.209992818e-08
1.262617788e-08
1.338529649e-08
1.432226225e-08
1.535813356e-08
1.639094434e-08
1.730737874e-08
1.799994741e-08
1.837931165e-08
1.371106156e-08
1.42653828e-08
1.505537016e-08
1.601407199e-08
1.705212359e-08
1.806320431e-08
1.893856047e-08
1.958350119e-08
1.993042685e-08
1.541930216e-08
1.598572459e-08
1.678222173e-08
1.773129297e-08
1.873637891e-08
1.969135016e-08
2.049673618e-08
2.107555091e-08
2.138684804e-08
1.719267522e-08
1.77524852e-08
1.852854765e-08
1.943558044e-08
2.037395315e-08
2.124246553e-08
2.195560877e-08
2.246396098e-08
2.273906967e-08
1.89928699e-08
1.952659355e-08
2.025553693e-08
2.109041704e-08
2.193319836e-08
2.269249656e-08
2.330575422e-08
2.374448515e-08
2.398463028e-08
2.07782996e-08
2.126751529e-08
2.192521437e-08
2.266248655e-08
2.338790194e-08
2.402719697e-08
2.454372476e-08
2.491728345e-08
2.512494651e-08
2.250670313e-08
2.2935279e-08
2.350162894e-08
2.412185233e-08
2.471815473e-08
2.52427009e-08
2.567065349e-08
2.598543965e-08
2.616378312e-08
2.413636051e-08
2.449137014e-08
2.495194688e-08
2.544591779e-08
2.591987701e-08
2.634089728e-08
2.669070498e-08
2.695387569e-08
2.710630115e-08
2.562547319e-08
2.589963501e-08
2.625118618e-08
2.662887066e-08
2.699505433e-08
2.732679301e-08
2.760969566e-08
2.782849429e-08
2.79583827e-08
2.694044104e-08
2.713922979e-08
2.739540103e-08
2.767400454e-08
2.794989674e-08
2.820731233e-08
2.843434191e-08
2.861567192e-08
2.872622537e-08
2.807648885e-08
2.821311772e-08
2.839153295e-08
2.859003229e-08
2.879317533e-08
2.899048123e-08
2.917181504e-08
2.932197589e-08
2.941612178e-08
2.904589291e-08
2.913420521e-08
2.925229394e-08
2.93886089e-08
2.953498342e-08
2.968483797e-08
2.982944793e-08
2.995399508e-08
3.00343358e-08
2.98673448e-08
2.991975776e-08
2.999289009e-08
3.008255898e-08
3.018583781e-08
3.029900116e-08
3.041452279e-08
3.051822195e-08
3.058701879e-08
3.056130938e-08
3.058810665e-08
3.06289413e-08
3.068469705e-08
3.075606149e-08
3.084135974e-08
3.093411046e-08
3.102095809e-08
3.108013996e-08
3.114753767e-08
3.115679157e-08
3.11752622e-08
3.120711155e-08
3.125539198e-08
3.131986159e-08
3.13949492e-08
3.146823513e-08
3.151942311e-08
3.164383377e-08
3.164162424e-08
3.16452364e-08
3.166078564e-08
3.169276097e-08
3.174188158e-08
3.180335826e-08
3.186575032e-08
3.191029119e-08
3.206558037e-08
3.205633028e-08
3.205057665e-08
3.205544642e-08
3.207619677e-08
3.211415197e-08
3.216518245e-08
3.221881875e-08
3.225782191e-08
3.24257061e-08
3.241253307e-08
3.240131879e-08
3.239955811e-08
3.241280987e-08
3.244273938e-08
3.248576377e-08
3.253234275e-08
3.256671689e-08
3.273488488e-08
3.271991921e-08
3.270594328e-08
3.270039832e-08
3.270883052e-08
3.273305511e-08
3.27699354e-08
3.281079792e-08
3.284128492e-08
3.300183423e-08
3.298648296e-08
3.297155481e-08
3.296417545e-08
3.296967603e-08
3.298988745e-08
3.302203291e-08
3.305823371e-08
3.308543862e-08
3.323363428e-08
3.321878856e-08
3.320407756e-08
3.319616071e-08
3.320003193e-08
3.32174472e-08
3.324591789e-08
3.327828543e-08
3.330270209e-08
3.343602593e-08
3.342221758e-08
3.340844259e-08
3.340081872e-08
3.340393662e-08
3.341941971e-08
3.344500944e-08
3.347419484e-08
3.34962272e-08
3.361367035e-08
3.360118649e-08
3.35887557e-08
3.35819281e-08
3.358486334e-08
3.359901882e-08
3.362232006e-08
3.364883596e-08
3.366881533e-08
3.377036506e-08
3.375933e-08
3.374844186e-08
3.374268829e-08
3.374579559e-08
3.375903905e-08
3.378049261e-08
3.380474343e-08
3.382294216e-08
3.390921909e-08
3.389965157e-08
3.389036589e-08
3.388581124e-08
3.388929425e-08
3.390190409e-08
3.392183607e-08
3.394414072e-08
3.396078258e-08
3.403279222e-08
3.402464452e-08
3.40169316e-08
3.401359846e-08
3.401755536e-08
3.402970953e-08
3.404835757e-08
3.406896562e-08
3.408423311e-08
3.414320439e-08
3.413638823e-08
3.413016144e-08
3.412800397e-08
3.413245802e-08
3.414425832e-08
3.416178853e-08
3.418089e-08
3.419492845e-08
3.42422203e-08
3.423662291e-08
3.423175899e-08
3.423068359e-08
3.423560113e-08
3.42470865e-08
3.42636013e-08
3.428132978e-08
3.429424759e-08
3.4331312e-08
3.432680471e-08
3.432315404e-08
3.432302895e-08
3.432832605e-08
3.433947487e-08
3.435501087e-08
3.437143833e-08
3.438330214e-08
3.44116976e-08
3.440813792e-08
3.440552594e-08
3.440618018e-08
3.441171765e-08
3.44224379e-08
3.443695154e-08
3.445207243e-08
3.446289507e-08
3.448434155e-08
3.448156886e-08
3.447978846e-08
3.448099981e-08
3.448656554e-08
3.449667093e-08
3.451000973e-08
3.452371134e-08
3.453343014e-08
3.454986653e-08
3.45476912e-08
3.454648606e-08
3.454795847e-08
3.455323852e-08
3.456241336e-08
3.457427554e-08
3.458629702e-08
3.4594743e-08
3.460822983e-08
3.460641743e-08
3.460546092e-08
3.460680022e-08
3.46113536e-08
3.461912797e-08
3.462903797e-08
3.46389442e-08
3.464581761e-08
3.465772977e-08
3.465599518e-08
3.465489145e-08
3.465562433e-08
3.46589296e-08
3.466475745e-08
3.467216678e-08
3.467944552e-08
3.468436957e-08
3.469209695e-08
3.469017757e-08
3.46886034e-08
3.468841585e-08
3.469022895e-08
3.4693971e-08
3.469883728e-08
3.470348278e-08
3.470640816e-08
0.01368422948
0.01368422948
0.01368422948
0.01368422948
0.01368422948
0.01368422948
0.01368422948
0.01368422948
0.01368422948
0.01368422948
0.01368422948
0.01368422948
0.01368422948
0.01368422948
0.01368422948
0.01368422948
0.01368422948
0.01368422948
0.01368422948
0.01368422948
0.01368422948
0.01368422948
0.01368422948
0.01368422948
0.01368422948
0.01368422948
0.01368422948
0.01368422948
0.01368422948
0.01368422948
0.01368422948
0.01368422948
0.01368422947
0.01368422947
0.01368422945
0.01368422944
0.0136842294
0.01368422935
0.01368422926
0.0136842291
0.01368422882
0.01368422836
0.01368422759
0.0136842263
0.01368422415
0.01368422061
0.01368421482
0.01368420543
0.01368419034
0.01368416631
0.01368412844
0.01368406932
0.013683978
0.01368383835
0.01368362697
0.01368331021
0.01368284018
0.01368214923
0.01368114271
0.0136796893
0.0136776084
0.01367465429
0.01367049642
0.01366469534
0.01365667335
0.0136456804
0.01363075605
0.01361068876
0.01358397391
0.01354877287
0.01350287601
0.01344367467
0.01336814853
0.01327287754
0.01315408763
0.01300773742
0.01282964796
0.01261566873
0.01236194628
0.01206522762
0.0117230867
0.01133417705
0.01089845262
0.01041733952
0.009893841746
0.009332568519
0.008739675142
0.008122714764
0.00749040548
0.006852324843
0.006217895426
0.005595866503
0.004994544969
0.004421372066
0.00388257024
0.003382896812
0.00292552445
0.002512050318
0.002142618418
0.001816126643
0.001530483248
0.001282879477
0.001070050016
0.0008885017793
0.0007347005116
0.0006052122419
0.0004968021136
0.0004064964034
0.0003316147431
0.0002697797965
0.0002189110839
0.0001772083056
0.0001431284279
0.0001153597102
9.279491444e-05
7.450519893e-05
5.971562669e-05
4.778280724e-05
3.817490041e-05
3.045401609e-05
2.426091991e-05
1.930188197e-05
1.533746749e-05
1.217305441e-05
9.650863855e-06
7.64330107e-06
6.047418518e-06
4.780333715e-06
3.775454088e-06
2.979377149e-06
2.349354273e-06
1.851222655e-06
1.457723933e-06
1.147140986e-06
9.021955447e-07
7.091588755e-07
5.571359571e-07
4.374905274e-07
3.433841805e-07
2.694075718e-07
2.112858315e-07
1.656436335e-07
1.298181202e-07
1.017101452e-07
7.966614033e-08
6.238441884e-08
4.884094402e-08
3.823058349e-08
2.992066473e-08
2.341429036e-08
1.832138774e-08
1.433588066e-08
1.12177023e-08
8.778632684e-09
6.871154912e-09
5.379691983e-09
4.213719707e-09
3.302356881e-09
2.590117989e-09
2.03358016e-09
1.598768695e-09
1.259107076e-09
9.938101678e-10
7.866252542e-10
6.24845904e-10
4.985397891e-10
3.99944196e-10
3.229929372e-10
2.629461868e-10
2.161009147e-10
1.795644149e-10
1.510772159e-10
1.288746294e-10
1.115785256e-10
9.811274996e-11
8.763702731e-11
7.94953206e-11
7.317549048e-11
6.82777887e-11
6.449025697e-11
6.156952399e-11
5.932582283e-11
5.761130849e-11
5.631095724e-11
5.533548631e-11
5.461585605e-11
5.40990123e-11
5.374460183e-11
5.35224522e-11
5.341065283e-11
5.339411007e-11
5.346347664e-11
5.361437826e-11
5.384687735e-11
5.416512842e-11
5.457719032e-11
5.50949697e-11
5.573427639e-11
5.651497547e-11
5.746122152e-11
5.860175714e-11
5.997024935e-11
6.160562284e-11
6.355232703e-11
6.586044604e-11
6.858552876e-11
7.178798632e-11
7.553188612e-11
7.988297867e-11
8.490584158e-11
9.066012679e-11
9.719605693e-11
1.045495152e-10
1.127369454e-10
1.217509479e-10
1.315584615e-10
1.421006649e-10
1.532954485e-10
1.650423123e-10
1.772291203e-10
1.897414652e-10
2.024847648e-10
2.153829294e-10
2.283823855e-10
2.414559864e-10
2.54605466e-10
2.67862548e-10
2.812891876e-10
2.949776238e-10
3.090510726e-10
3.236658937e-10
3.390149353e-10
3.55317707e-10
3.727524845e-10
3.915248491e-10
4.11888065e-10
4.341508128e-10
4.586885767e-10
4.859571232e-10
5.165084902e-10
5.510100793e-10
5.902677591e-10
6.352538894e-10
6.871410201e-10
7.473415189e-10
8.175528113e-10
8.998076771e-10
9.965298821e-10
1.110601255e-09
1.245552594e-09
1.405635667e-09
1.595821918e-09
1.821853039e-09
2.090280064e-09
2.408473441e-09
2.784584501e-09
3.22748536e-09
3.746711158e-09
4.352396068e-09
5.055176134e-09
5.865980464e-09
6.795591618e-09
7.85383667e-09
9.048281558e-09
1.038237917e-08
1.185322982e-08
1.344945184e-08
1.514995023e-08
1.692429478e-08
1.873480648e-08
2.053962478e-08
2.22955577e-08
2.395948736e-08
2.548736384e-08
2.684040701e-08
2.800814585e-08
2.900223633e-08
2.984201297e-08
3.054901205e-08
3.114411908e-08
3.164616794e-08
3.207140005e-08
3.243342027e-08
3.274341296e-08
3.301046827e-08
3.324193083e-08
3.34437247e-08
3.362063492e-08
3.377654076e-08
3.391460363e-08
3.403741584e-08
3.414711674e-08
3.424548223e-08
3.43339912e-08
3.441386726e-08
3.448608217e-08
3.455127087e-08
3.460941073e-08
3.465882446e-08
3.469323957e-08
)
;

boundaryField
{
    outlet
    {
        type            inletOutlet;
        inletValue      uniform 0.01368422948;
        value           nonuniform List<scalar> 10(3.469209695e-08 3.469017757e-08 3.46886034e-08 3.468841585e-08 3.469022895e-08 3.4693971e-08 3.469883728e-08 3.470348278e-08 3.470640816e-08 3.469323957e-08);
    }
    inlet
    {
        type            fixedValue;
        value           uniform 0.01368422948;
    }
    front
    {
        type            wedge;
    }
    wall
    {
        type            zeroGradient;
    }
    back
    {
        type            wedge;
    }
}


// ************************************************************************* //
