/*--------------------------------*- C++ -*----------------------------------*\
| =========                 |                                                 |
| \\      /  F ield         | OpenFOAM: The Open Source CFD Toolbox           |
|  \\    /   O peration     | Version:  2212                                  |
|   \\  /    A nd           | Website:  www.openfoam.com                      |
|    \\/     M anipulation  |                                                 |
\*---------------------------------------------------------------------------*/
FoamFile
{
    version     2.0;
    format      ascii;
    arch        "LSB;label=32;scalar=64";
    class       volScalarField;
    location    "20.00000000";
    object      AC3H5;
}
// * * * * * * * * * * * * * * * * * * * * * * * * * * * * * * * * * * * * * //

dimensions      [0 0 0 0 0 0 0];

internalField   nonuniform List<scalar> 
3000
(
2.253827363e-34
2.52657059e-34
2.93504029e-34
3.472194422e-34
4.122659886e-34
4.849165876e-34
5.569085304e-34
6.1237118e-34
6.291865895e-34
8.370204599e-34
9.403014992e-34
1.093914529e-33
1.294312574e-33
1.53554481e-33
1.80666351e-33
2.087771277e-33
2.34435364e-33
2.514796433e-33
1.84897174e-33
2.089360344e-33
2.448727892e-33
2.922817915e-33
3.505227924e-33
4.182332048e-33
4.921506995e-33
5.648501397e-33
6.175426702e-33
3.468534313e-33
3.954410332e-33
4.690264742e-33
5.681010536e-33
6.932009712e-33
8.434109188e-33
1.012837796e-32
1.182915764e-32
1.305006248e-32
6.064513832e-33
6.991637384e-33
8.418192409e-33
1.037953061e-32
1.291471454e-32
1.602498306e-32
1.957642828e-32
2.311266523e-32
2.558177261e-32
1.027093025e-32
1.198578223e-32
1.466496678e-32
1.841466732e-32
2.334483816e-32
2.946670946e-32
3.647394808e-32
4.337824898e-32
4.813127612e-32
1.718299496e-32
2.02953043e-32
2.52200877e-32
3.220511732e-32
4.148837739e-32
5.307057412e-32
6.627924052e-32
7.913875173e-32
8.794919395e-32
2.867825567e-32
3.425272744e-32
4.316239973e-32
5.59216131e-32
7.299322427e-32
9.432803488e-32
1.185577653e-31
1.419535185e-31
1.579883281e-31
4.798443382e-32
5.787651283e-32
7.380863799e-32
9.678310309e-32
1.276576808e-31
1.662670304e-31
2.099819195e-31
2.519933647e-31
2.80879579e-31
8.065279646e-32
9.80901453e-32
1.263400883e-31
1.672881507e-31
2.224945608e-31
2.915766185e-31
3.69671939e-31
4.445698351e-31
4.963075575e-31
1.362559886e-31
1.668563623e-31
2.166616293e-31
2.891533971e-31
3.871640682e-31
5.099586021e-31
6.487775633e-31
7.819335522e-31
8.744332979e-31
2.313491668e-31
2.849116384e-31
3.724328944e-31
5.00299594e-31
6.737076818e-31
8.914509987e-31
1.138044911e-30
1.375110813e-30
1.540862648e-30
3.94685527e-31
4.883838422e-31
6.420627472e-31
8.674865412e-31
1.174402727e-30
1.561256471e-30
2.001084686e-30
2.425866037e-30
2.725166885e-30
6.765003875e-31
8.40672982e-31
1.111077838e-30
1.509746182e-30
2.055676536e-30
2.748181593e-30
3.540921462e-30
4.312160951e-30
4.861198297e-30
1.16534833e-30
1.454270454e-30
1.932780625e-30
2.643476511e-30
3.625611445e-30
4.884742275e-30
6.342385374e-30
7.775007593e-30
8.809954451e-30
2.019583902e-30
2.532270594e-30
3.38807705e-30
4.673269862e-30
6.474864527e-30
8.824735078e-30
1.15990101e-29
1.438342932e-29
1.638542915e-29
3.529136317e-30
4.451850484e-30
6.00980573e-30
8.387478996e-30
1.178937798e-29
1.633234502e-29
2.182826914e-29
2.747265605e-29
3.157287645e-29
6.24499179e-30
7.945249629e-30
1.086487304e-29
1.542623386e-29
2.214314635e-29
3.14034188e-29
4.296613953e-29
5.517590124e-29
6.415078226e-29
1.127092872e-29
1.45214091e-29
2.023826827e-29
2.946020183e-29
4.355632577e-29
6.37573989e-29
8.990153871e-29
1.183062464e-28
1.394724155e-28
2.09719105e-29
2.752195691e-29
3.940696254e-29
5.934771578e-29
9.115631198e-29
1.386463543e-28
2.022988336e-28
2.732322604e-28
3.26796734e-28
4.081299876e-29
5.493179081e-29
8.148868975e-29
1.279673731e-28
2.053045091e-28
3.251635238e-28
4.906527302e-28
6.787780429e-28
8.2241933e-28
8.438813305e-29
1.172043842e-28
1.81191272e-28
2.976487537e-28
4.985598993e-28
8.193380934e-28
1.272183787e-27
1.794285522e-27
2.196186706e-27
1.87683987e-28
2.697230641e-28
4.34742133e-28
7.447255468e-28
1.294300922e-27
2.190541536e-27
3.475038827e-27
4.970023342e-27
6.127053412e-27
4.505114699e-28
6.685272694e-28
1.117561004e-27
1.980463341e-27
3.539096037e-27
6.116309207e-27
9.8455423e-27
1.421321439e-26
1.760470544e-26
1.158621497e-27
1.764884702e-27
3.034025583e-27
5.509701304e-27
1.003439297e-26
1.7579272e-26
2.855844871e-26
4.146437671e-26
5.15161701e-26
3.14670706e-27
4.885077998e-27
8.561881684e-27
1.580017862e-26
2.912124407e-26
5.143890331e-26
8.401085063e-26
1.223628537e-25
1.522582422e-25
8.882457387e-27
1.396385534e-26
2.477725453e-26
4.617584482e-26
8.570167528e-26
1.520687529e-25
2.490344134e-25
3.632418363e-25
4.522516797e-25
2.571054859e-26
4.073326002e-26
7.280723631e-26
1.364399102e-25
2.541484666e-25
4.518783935e-25
7.406748897e-25
1.080534972e-24
1.345113992e-24
7.556148497e-26
1.202462844e-25
2.157826073e-25
4.05455256e-25
7.562562033e-25
1.34496783e-24
2.203439036e-24
3.211663857e-24
3.994789159e-24
2.239687906e-25
3.572276535e-25
6.421494917e-25
1.207434636e-24
2.251351141e-24
3.99923363e-24
6.54059194e-24
9.515233995e-24
1.181718587e-23
6.665485057e-25
1.063990537e-24
1.912897888e-24
3.593959375e-24
6.689669894e-24
1.185390795e-23
1.932935498e-23
2.803561801e-23
3.47354651e-23
1.985611372e-24
3.16872649e-24
5.690734186e-24
1.066961419e-23
1.979990236e-23
3.495101646e-23
5.674731056e-23
8.195525637e-23
1.011999107e-22
5.907018935e-24
9.415877973e-24
1.687320642e-23
3.153099242e-23
5.825602382e-23
1.022912372e-22
1.651175549e-22
2.3710013e-22
2.914603247e-22
1.751478079e-23
2.786360309e-23
4.976785361e-23
9.257150099e-23
1.700270817e-22
2.96485648e-22
4.749939603e-22
6.770609685e-22
8.274997723e-22
5.166613478e-23
8.195935512e-23
1.457363775e-22
2.694358746e-22
4.911472248e-22
8.489819654e-22
1.34742937e-21
1.903225042e-21
2.309625776e-21
1.51345805e-22
2.391664888e-22
4.228161413e-22
7.757115931e-22
1.400816866e-21
2.395656731e-21
3.759337194e-21
5.252566959e-21
6.320684808e-21
4.394093087e-22
6.909680316e-22
1.212685197e-21
2.203914271e-21
3.935116663e-21
6.644848586e-21
1.028994075e-20
1.419781711e-20
1.692174434e-20
1.261972225e-21
1.972230952e-21
3.43067515e-21
6.164667442e-21
1.086144594e-20
1.807349485e-20
2.756973275e-20
3.751123322e-20
4.424037605e-20
3.578149423e-21
5.549939104e-21
9.551735393e-21
1.693771516e-20
2.938972864e-20
4.810442766e-20
7.2173356e-20
9.672863704e-20
1.128262772e-19
9.997287871e-21
1.536697247e-20
2.611939733e-20
4.561872919e-20
7.781311702e-20
1.250841756e-19
1.84376458e-19
2.432587668e-19
2.805963067e-19
2.747932889e-20
4.179384021e-20
7.002795912e-20
1.202449825e-19
2.01304909e-19
3.174333854e-19
4.593987316e-19
5.966399053e-19
6.808669132e-19
7.421411086e-20
1.115087501e-19
1.838582636e-19
3.098723487e-19
5.085090136e-19
7.86017988e-19
1.116778849e-18
1.428515757e-18
1.614307959e-18
1.968047299e-19
2.916846807e-19
4.724945948e-19
7.80560619e-19
1.254514057e-18
1.900455617e-18
2.652321561e-18
3.34575407e-18
3.750478326e-18
5.125206868e-19
7.482517047e-19
1.189163668e-18
1.923654585e-18
3.026850183e-18
4.495995777e-18
6.172767874e-18
7.699725759e-18
8.59188864e-18
1.31219649e-18
1.885028733e-18
2.936310896e-18
4.649158965e-18
7.165275662e-18
1.045488531e-17
1.417800473e-17
1.761689694e-17
1.976522187e-17
3.310222017e-18
4.676327685e-18
7.13817e-18
1.107039455e-17
1.675408882e-17
2.416039465e-17
3.278319621e-17
4.155586107e-17
4.839487565e-17
8.25481079e-18
1.147212351e-17
1.718458179e-17
2.620343865e-17
3.929208769e-17
5.713503362e-17
8.080401406e-17
1.118165661e-16
1.457301518e-16
2.043430784e-17
2.800080347e-17
4.137833873e-17
6.279082654e-17
9.58691947e-17
1.487120298e-16
2.407628219e-16
4.0421485e-16
6.28216669e-16
5.046693023e-17
6.861345706e-17
1.014780042e-16
1.582543905e-16
2.625338746e-16
4.806304007e-16
9.765296033e-16
2.021142229e-15
3.575446965e-15
1.25225615e-16
1.714171394e-16
2.622821392e-16
4.486127171e-16
8.872629007e-16
2.039566855e-15
5.034972162e-15
1.170311903e-14
2.18046157e-14
3.163831371e-16
4.495248365e-16
7.550460204e-16
1.531975533e-15
3.74718858e-15
1.022623744e-14
2.771351916e-14
6.674459634e-14
1.253243681e-13
8.386249679e-16
1.300594708e-15
2.55714702e-15
6.285478953e-15
1.786066258e-14
5.252782617e-14
1.452029514e-13
3.474266883e-13
6.447072724e-13
2.471287493e-15
4.389929152e-15
1.02031769e-14
2.85273652e-14
8.594789712e-14
2.541246529e-13
6.87398245e-13
1.59689984e-12
2.891315563e-12
8.667982247e-15
1.750312484e-14
4.503509063e-14
1.311043116e-13
3.911186775e-13
1.113659842e-12
2.869257197e-12
6.342782888e-12
1.103990472e-11
3.655124218e-14
7.801142957e-14
2.036330867e-13
5.767593548e-13
1.631205623e-12
4.345328683e-12
1.040320604e-11
2.136242416e-11
3.499240222e-11
1.716340232e-13
3.58448363e-13
8.909195278e-13
2.356618967e-12
6.147514437e-12
1.4958524e-11
3.244601589e-11
6.01867154e-11
9.040796064e-11
8.110680778e-13
1.587502772e-12
3.638188303e-12
8.78161979e-12
2.07110007e-11
4.509810712e-11
8.66848805e-11
1.421824237e-10
1.929360023e-10
3.597100693e-12
6.494992381e-12
1.351245711e-11
2.931168232e-11
6.152562506e-11
1.180674075e-10
1.990890832e-10
2.896899728e-10
3.610252225e-10
1.435396184e-11
2.37852994e-11
4.453417604e-11
8.587184227e-11
1.587110913e-10
2.673187512e-10
4.005507557e-10
5.344090251e-10
6.342501226e-10
4.989358728e-11
7.579213613e-11
1.271688716e-10
2.169294465e-10
3.535513921e-10
5.318821114e-10
7.341011682e-10
9.335627703e-10
1.08200541e-09
1.47008401e-10
2.052889984e-10
3.097202102e-10
4.717942973e-10
6.938927842e-10
9.677342847e-10
1.275856911e-09
1.581029825e-09
1.806695522e-09
3.620274247e-10
4.697752341e-10
6.488340069e-10
9.084687859e-10
1.252040376e-09
1.674227839e-09
2.150290933e-09
2.618882727e-09
2.961583479e-09
7.578165725e-10
9.332942452e-10
1.216496445e-09
1.62096585e-09
2.155407596e-09
2.811527181e-09
3.546588938e-09
4.26345981e-09
4.782014416e-09
1.41642012e-09
1.692988342e-09
2.137358275e-09
2.770679474e-09
3.604295694e-09
4.621282195e-09
5.752383399e-09
6.846900054e-09
7.631689009e-09
2.480915561e-09
2.916523652e-09
3.61384613e-09
4.602405525e-09
5.89663534e-09
7.46703719e-09
9.204997556e-09
1.087874294e-08
1.207187286e-08
4.174968369e-09
4.855697926e-09
5.941088521e-09
7.473721543e-09
9.472724227e-09
1.189163979e-08
1.456417572e-08
1.713471239e-08
1.896267749e-08
6.814142735e-09
7.867047009e-09
9.541473114e-09
1.190056918e-08
1.497386957e-08
1.869376972e-08
2.281033759e-08
2.677824317e-08
2.960242395e-08
1.083738554e-08
1.244838208e-08
1.500777023e-08
1.861300234e-08
2.331547034e-08
2.902388549e-08
3.536849437e-08
4.151360483e-08
4.590274534e-08
1.684145174e-08
1.927957048e-08
2.315434285e-08
2.86205409e-08
3.577223189e-08
4.449523024e-08
5.424946272e-08
6.375747402e-08
7.058224213e-08
2.562264321e-08
2.927048161e-08
3.507515827e-08
4.328474599e-08
5.406979471e-08
6.729824991e-08
8.218874047e-08
9.680022112e-08
1.073426738e-07
3.822723566e-08
4.361732265e-08
5.220889803e-08
6.439537107e-08
8.047287192e-08
1.002995953e-07
1.22752973e-07
1.449152649e-07
1.609779432e-07
5.601614302e-08
6.387102725e-08
7.641144319e-08
9.424504549e-08
1.178570018e-07
1.471024437e-07
1.803793803e-07
2.133731416e-07
2.373764834e-07
8.07496767e-08
9.202121696e-08
1.100353481e-07
1.356963658e-07
1.697501588e-07
2.120450609e-07
2.603177827e-07
3.08330837e-07
3.433567389e-07
1.146952161e-07
1.305961352e-07
1.560132144e-07
1.922342574e-07
2.403337307e-07
3.001326167e-07
3.68464686e-07
4.364943749e-07
4.861045395e-07
1.607522024e-07
1.827713197e-07
2.179363665e-07
2.679951075e-07
3.344051824e-07
4.168931822e-07
5.11020111e-07
6.045335312e-07
6.726240633e-07
2.225756061e-07
2.52468567e-07
3.00114314e-07
3.677705701e-07
4.57291424e-07
5.680631392e-07
6.939414253e-07
8.185576596e-07
9.090657738e-07
3.046842175e-07
3.444355519e-07
4.076160347e-07
4.96961794e-07
6.145061414e-07
7.591076614e-07
9.225159016e-07
1.083514576e-06
1.200050603e-06
4.12505334e-07
4.642426919e-07
5.460715083e-07
6.610756338e-07
8.113329929e-07
9.94860305e-07
1.200848293e-06
1.402621072e-06
1.548071459e-06
5.520355869e-07
6.177652339e-07
7.211557101e-07
8.654462186e-07
1.05247578e-06
1.279045504e-06
1.531362818e-06
1.776878088e-06
1.953033336e-06
7.293443056e-07
8.108514862e-07
9.382914635e-07
1.114777425e-06
1.341546137e-06
1.613780101e-06
1.914359496e-06
2.204712388e-06
2.411971433e-06
9.501827081e-07
1.048826878e-06
1.202078011e-06
1.412569645e-06
1.68052177e-06
1.999108669e-06
2.347670592e-06
2.68177688e-06
2.918967067e-06
1.219324423e-06
1.335839384e-06
1.515655585e-06
1.760530733e-06
2.069243168e-06
2.432630746e-06
2.826455414e-06
3.200923629e-06
3.465256306e-06
1.539871661e-06
1.674195372e-06
1.880095799e-06
2.158053876e-06
2.505016625e-06
2.909263595e-06
3.343143956e-06
3.752324956e-06
4.039483692e-06
1.91262638e-06
2.063781647e-06
2.293905327e-06
2.601834521e-06
2.98237039e-06
3.421148513e-06
3.887483198e-06
4.323638532e-06
4.627978223e-06
2.335612366e-06
2.501652285e-06
2.752709265e-06
3.085674285e-06
3.492983551e-06
3.957670055e-06
4.446554074e-06
4.899913498e-06
5.214846547e-06
2.803801746e-06
2.981824903e-06
3.249147248e-06
3.600495353e-06
4.02581067e-06
4.505610666e-06
5.004637637e-06
5.46201495e-06
5.774778923e-06
3.309051997e-06
3.495280378e-06
3.772962017e-06
4.13454469e-06
4.567459336e-06
5.049895755e-06
5.544970237e-06
5.991663184e-06
6.295511351e-06
3.840195929e-06
4.030086562e-06
4.311153538e-06
4.673549995e-06
5.102293269e-06
5.573623176e-06
6.049286569e-06
6.476965201e-06
6.767674091e-06
4.383143818e-06
4.571495021e-06
4.848029322e-06
5.200620025e-06
5.611875967e-06
6.058027771e-06
6.507394797e-06
6.910211531e-06
7.183499202e-06
4.920685963e-06
5.101727618e-06
5.364943191e-06
5.696103482e-06
6.08008187e-06
6.49545977e-06
6.912186449e-06
7.284321162e-06
7.536184822e-06
5.431278885e-06
5.598846912e-06
5.841802244e-06
6.147163e-06
6.499441174e-06
6.878488683e-06
7.256738978e-06
7.593047559e-06
7.820116039e-06
5.898749338e-06
6.051187164e-06
6.271389583e-06
6.546877531e-06
6.862701045e-06
7.200277122e-06
7.535123492e-06
7.831544059e-06
8.031303075e-06
6.3164022e-06
6.451701123e-06
6.646201995e-06
6.888003344e-06
7.163175579e-06
7.455148145e-06
7.742977912e-06
7.996791109e-06
8.167699673e-06
6.676564295e-06
6.79282908e-06
6.959000776e-06
7.16404962e-06
7.395480167e-06
7.639127532e-06
7.877883634e-06
8.087821325e-06
8.229332554e-06
6.971979037e-06
7.067776267e-06
7.203757678e-06
7.370100135e-06
7.55610138e-06
7.750292517e-06
7.939534765e-06
8.105753339e-06
8.218257119e-06
7.196913973e-06
7.271460634e-06
7.376371345e-06
7.503330219e-06
7.643706326e-06
7.788898014e-06
7.92971822e-06
8.053667688e-06
8.138376306e-06
7.347837894e-06
7.401064295e-06
7.475054875e-06
7.563230216e-06
7.659209664e-06
7.757309245e-06
7.852142385e-06
7.936365161e-06
7.995163051e-06
7.423718611e-06
7.456243242e-06
7.500433048e-06
7.551586291e-06
7.605646818e-06
7.659786232e-06
7.712157236e-06
7.76004777e-06
7.79532418e-06
7.426026686e-06
7.439073066e-06
7.455415036e-06
7.472278596e-06
7.487906547e-06
7.502166928e-06
7.516406783e-06
7.531956669e-06
7.5464355e-06
7.358525055e-06
7.353803887e-06
7.344907244e-06
7.330953953e-06
7.312372604e-06
7.291490628e-06
7.272448444e-06
7.260000897e-06
7.256582936e-06
7.226913727e-06
7.206488759e-06
7.175424011e-06
7.134622774e-06
7.086516363e-06
7.035599743e-06
6.988374887e-06
6.952401598e-06
6.934024331e-06
7.038387056e-06
7.004538413e-06
6.954643544e-06
6.891225176e-06
6.81848266e-06
6.742752285e-06
6.672457783e-06
6.617368242e-06
6.586889524e-06
6.801157292e-06
6.75625494e-06
6.690958635e-06
6.609205094e-06
6.516694848e-06
6.421265014e-06
6.332832351e-06
6.262821267e-06
6.222928973e-06
6.523986674e-06
6.470379657e-06
6.393049031e-06
6.297116277e-06
6.189501722e-06
6.079205493e-06
5.977234525e-06
5.896168665e-06
5.849316146e-06
6.215756947e-06
6.155683497e-06
6.069502468e-06
5.963282079e-06
5.844881706e-06
5.72414295e-06
5.612796543e-06
5.524139218e-06
5.472504649e-06
5.885100428e-06
5.820620609e-06
5.728500521e-06
5.615520813e-06
5.490211976e-06
5.362961874e-06
5.245901805e-06
5.152671069e-06
5.098137626e-06
5.540105398e-06
5.473055812e-06
5.377577027e-06
5.260941298e-06
5.132104095e-06
5.001737295e-06
4.882095927e-06
4.786851233e-06
4.731004396e-06
5.188100159e-06
5.120068668e-06
5.023449884e-06
4.90580726e-06
4.77630283e-06
4.645666817e-06
4.526048003e-06
4.430899469e-06
4.375037578e-06
4.835513304e-06
4.767830749e-06
4.671921545e-06
4.555464682e-06
4.427641282e-06
4.299051913e-06
4.181554256e-06
4.088188727e-06
4.03334305e-06
4.487802712e-06
4.421548159e-06
4.327839787e-06
4.214323282e-06
4.09004328e-06
3.965319447e-06
3.851575386e-06
3.761293888e-06
3.708254859e-06
4.149442679e-06
4.085458652e-06
3.995108107e-06
3.88588165e-06
3.766562961e-06
3.64707397e-06
3.538298834e-06
3.452060755e-06
3.401407537e-06
3.823957061e-06
3.762871494e-06
3.676734315e-06
3.57278521e-06
3.45945149e-06
3.346171608e-06
3.243217732e-06
3.161687869e-06
3.113818966e-06
3.513986204e-06
3.456238274e-06
3.374906183e-06
3.276906714e-06
3.170241571e-06
3.063807241e-06
2.967219235e-06
2.890814749e-06
2.845977962e-06
3.221376266e-06
3.167243787e-06
3.091084017e-06
2.999440057e-06
2.899841608e-06
2.800607905e-06
2.710676181e-06
2.639611292e-06
2.597931806e-06
2.947281031e-06
2.896907639e-06
2.826101581e-06
2.740999761e-06
2.648632839e-06
2.556726712e-06
2.473537251e-06
2.407864249e-06
2.369370095e-06
2.69226811e-06
2.64568898e-06
2.580268476e-06
2.501720062e-06
2.416564258e-06
2.331932986e-06
2.255412114e-06
2.195057847e-06
2.159702326e-06
2.456423316e-06
2.413588588e-06
2.353468799e-06
2.281349137e-06
2.203241624e-06
2.125695592e-06
2.055649137e-06
2.000446627e-06
1.968127565e-06
2.239448751e-06
2.200244212e-06
2.1452525e-06
2.079335465e-06
2.008008111e-06
1.937257596e-06
1.873404272e-06
1.823119455e-06
1.793695348e-06
2.040751746e-06
2.005016593e-06
1.954917225e-06
1.894904515e-06
1.830015247e-06
1.765701289e-06
1.707700525e-06
1.6620543e-06
1.635357554e-06
1.859523044e-06
1.827064758e-06
1.781579519e-06
1.727125002e-06
1.668283735e-06
1.610003399e-06
1.557477874e-06
1.516163967e-06
1.492011539e-06
1.694803721e-06
1.665410247e-06
1.624235242e-06
1.574964637e-06
1.521754025e-06
1.469080637e-06
1.421634311e-06
1.384333349e-06
1.362535065e-06
1.5455409e-06
1.518990325e-06
1.481809283e-06
1.437335734e-06
1.389327606e-06
1.341826559e-06
1.299058584e-06
1.265448912e-06
1.245813814e-06
1.41063296e-06
1.38670105e-06
1.353195659e-06
1.313131748e-06
1.269899634e-06
1.227140374e-06
1.18865557e-06
1.158421317e-06
1.14076237e-06
1.28896533e-06
1.267431217e-06
1.23728888e-06
1.201255582e-06
1.162383992e-06
1.123948811e-06
1.089365264e-06
1.062202147e-06
1.046339584e-06
1.179437962e-06
1.160088281e-06
1.133007729e-06
1.100640836e-06
1.06573185e-06
1.031222049e-06
1.000176381e-06
9.757956636e-07
9.61559247e-07
1.08098568e-06
1.063617444e-06
1.039312596e-06
1.010267092e-06
9.789447675e-07
9.479847162e-07
9.201354772e-07
8.982664764e-07
8.854969002e-07
9.925926009e-07
9.770150547e-07
9.552174797e-07
9.29170268e-07
9.010833374e-07
8.733228716e-07
8.483524732e-07
8.287439248e-07
8.172935527e-07
9.133016938e-07
8.993373692e-07
8.797976521e-07
8.564490187e-07
8.312722423e-07
8.063877815e-07
7.840033092e-07
7.664238761e-07
7.561569795e-07
8.422204617e-07
8.297056242e-07
8.121938958e-07
7.912679953e-07
7.687025102e-07
7.463972143e-07
7.263304052e-07
7.105685457e-07
7.013611756e-07
7.785236015e-07
7.673082368e-07
7.516140797e-07
7.328587053e-07
7.126316295e-07
6.926348541e-07
6.746414719e-07
6.605048524e-07
6.522444502e-07
7.214533587e-07
7.114008282e-07
6.973327335e-07
6.805185718e-07
6.623820817e-07
6.444483419e-07
6.28307133e-07
6.156217281e-07
6.082065609e-07
6.703181828e-07
6.613046483e-07
6.486891612e-07
6.336086957e-07
6.173387482e-07
6.012463544e-07
5.867577316e-07
5.753667246e-07
5.687052095e-07
6.244901743e-07
6.16403871e-07
6.050845358e-07
5.915507248e-07
5.769455567e-07
5.624950519e-07
5.494796164e-07
5.392421855e-07
5.33252154e-07
5.834017153e-07
5.761421356e-07
5.659783226e-07
5.538231514e-07
5.407016583e-07
5.277141535e-07
5.160111409e-07
5.068011966e-07
5.014091351e-07
5.465415955e-07
5.400186293e-07
5.308843089e-07
5.199572872e-07
5.081573585e-07
4.964728382e-07
4.859385503e-07
4.776434708e-07
4.727837642e-07
5.134508699e-07
5.075839359e-07
4.99366445e-07
4.895331064e-07
4.789099719e-07
4.683856228e-07
4.588918901e-07
4.514112879e-07
4.470254862e-07
4.837186281e-07
4.784358217e-07
4.710346588e-07
4.621750984e-07
4.525997245e-07
4.431083224e-07
4.345410279e-07
4.277855722e-07
4.238216917e-07
4.569778077e-07
4.522150817e-07
4.455407489e-07
4.375482254e-07
4.289057897e-07
4.203341715e-07
4.12591858e-07
4.064821652e-07
4.028940332e-07
4.32901138e-07
4.286015275e-07
4.225744408e-07
4.153540627e-07
4.075425228e-07
3.997901573e-07
3.927827266e-07
3.872483292e-07
3.839949758e-07
4.111972885e-07
4.073101891e-07
4.018596617e-07
3.953271647e-07
3.882559296e-07
3.812335927e-07
3.748811058e-07
3.698595026e-07
3.669046024e-07
3.916072583e-07
3.880877569e-07
3.831510604e-07
3.772316797e-07
3.708203879e-07
3.644489487e-07
3.586805269e-07
3.541163155e-07
3.514276778e-07
3.739010213e-07
3.70709284e-07
3.66230789e-07
3.608582295e-07
3.550356335e-07
3.49244948e-07
3.439977738e-07
3.39841863e-07
3.373909708e-07
3.578744428e-07
3.549751572e-07
3.50905552e-07
3.460210527e-07
3.407240086e-07
3.354519177e-07
3.30670332e-07
3.268792309e-07
3.246408246e-07
3.433464655e-07
3.407083364e-07
3.370039208e-07
3.325554097e-07
3.277279646e-07
3.229193916e-07
3.185540806e-07
3.150892603e-07
3.130409648e-07
3.301565559e-07
3.277518513e-07
3.243739006e-07
3.203152353e-07
3.159078082e-07
3.115139494e-07
3.075212169e-07
3.043485385e-07
3.024705296e-07
3.18162401e-07
3.159665444e-07
3.1288074e-07
3.09171027e-07
3.051396758e-07
3.011172765e-07
2.974583938e-07
2.945475992e-07
2.928223063e-07
3.072378376e-07
3.052290444e-07
3.02404965e-07
2.990079525e-07
2.953137203e-07
2.916244303e-07
2.882650574e-07
2.855893157e-07
2.840011577e-07
2.972710003e-07
2.954299534e-07
2.928406216e-07
2.897241593e-07
2.863324931e-07
2.829422934e-07
2.79851965e-07
2.773874704e-07
2.759226221e-07
2.881626684e-07
2.864722299e-07
2.840937101e-07
2.81229269e-07
2.781095037e-07
2.749881985e-07
2.72139869e-07
2.698654847e-07
2.685116693e-07
2.798247951e-07
2.782697513e-07
2.760807925e-07
2.734430404e-07
2.705679419e-07
2.676887091e-07
2.650583498e-07
2.629552932e-07
2.617015996e-07
2.721792029e-07
2.707460378e-07
2.687277585e-07
2.662941835e-07
2.636395452e-07
2.609785388e-07
2.585447824e-07
2.565963478e-07
2.554330692e-07
2.651564272e-07
2.63833123e-07
2.61968732e-07
2.59719311e-07
2.572635975e-07
2.547995974e-07
2.525434244e-07
2.507347375e-07
2.496532296e-07
2.586946945e-07
2.574705553e-07
2.557451061e-07
2.536620118e-07
2.513860442e-07
2.491001474e-07
2.4700461e-07
2.45322413e-07
2.443149686e-07
2.527390197e-07
2.516045161e-07
2.500046901e-07
2.480720331e-07
2.459587131e-07
2.438340615e-07
2.418840404e-07
2.403165022e-07
2.393762413e-07
2.472404102e-07
2.461870429e-07
2.447009587e-07
2.429045609e-07
2.409386265e-07
2.389601677e-07
2.371421585e-07
2.356787078e-07
2.347994813e-07
2.421551655e-07
2.411753445e-07
2.3979239e-07
2.381195845e-07
2.362873964e-07
2.344416736e-07
2.327435989e-07
2.313747778e-07
2.305510822e-07
2.374442596e-07
2.365311986e-07
2.352418837e-07
2.336813393e-07
2.319706926e-07
2.302456596e-07
2.286567033e-07
2.273740388e-07
2.266009418e-07
2.330727982e-07
2.322204219e-07
2.310162483e-07
2.295578157e-07
2.279577742e-07
2.263426329e-07
2.248530959e-07
2.236489865e-07
2.229220612e-07
2.290095418e-07
2.282124038e-07
2.270857516e-07
2.257203273e-07
2.242210784e-07
2.227061361e-07
2.213073085e-07
2.20174925e-07
2.194901929e-07
2.252264861e-07
2.244796971e-07
2.234237242e-07
2.221431318e-07
2.207358587e-07
2.193124029e-07
2.17996452e-07
2.169296503e-07
2.162835302e-07
2.216984931e-07
2.20997658e-07
2.200062123e-07
2.188030977e-07
2.174798673e-07
2.161400553e-07
2.148999272e-07
2.138931715e-07
2.132824354e-07
2.184029672e-07
2.177441294e-07
2.168116717e-07
2.156794107e-07
2.144330751e-07
2.131698371e-07
2.119991702e-07
2.11047466e-07
2.104692e-07
2.153195702e-07
2.146991631e-07
2.138206987e-07
2.127533168e-07
2.115774261e-07
2.103843804e-07
2.092774295e-07
2.083762636e-07
2.078278336e-07
2.124299709e-07
2.11844775e-07
2.110157939e-07
2.100078948e-07
2.088966213e-07
2.077679989e-07
2.067195681e-07
2.058648572e-07
2.053438786e-07
2.097176248e-07
2.091647296e-07
2.083811543e-07
2.074278574e-07
2.06375928e-07
2.053065071e-07
2.043118911e-07
2.034999353e-07
2.030042464e-07
2.071675797e-07
2.066443509e-07
2.059024897e-07
2.049993748e-07
2.040020125e-07
2.0298706e-07
2.020419918e-07
2.012694346e-07
2.007970735e-07
2.047663051e-07
2.042703551e-07
2.035668614e-07
2.027099203e-07
2.017627915e-07
2.007980121e-07
1.998986178e-07
1.991624102e-07
1.987115935e-07
2.025015411e-07
2.020307034e-07
2.013625396e-07
2.005481333e-07
1.99647302e-07
1.987287931e-07
1.978715512e-07
1.971689203e-07
1.967380257e-07
2.003621652e-07
1.999144715e-07
1.992788774e-07
1.985036981e-07
1.976455856e-07
1.967697974e-07
1.959515035e-07
1.952799249e-07
1.948674745e-07
1.983380742e-07
1.979117342e-07
1.97306199e-07
1.965672371e-07
1.957485862e-07
1.949122865e-07
1.941300219e-07
1.934871956e-07
1.930918423e-07
1.964200794e-07
1.960134634e-07
1.954357007e-07
1.947302151e-07
1.939480585e-07
1.93148302e-07
1.923994063e-07
1.917832349e-07
1.914037499e-07
1.945998128e-07
1.942114356e-07
1.936593621e-07
1.929848542e-07
1.922364867e-07
1.914705879e-07
1.907526347e-07
1.90161205e-07
1.897964671e-07
1.928696432e-07
1.924981506e-07
1.919698658e-07
1.91324057e-07
1.906070111e-07
1.898725201e-07
1.891832958e-07
1.886148624e-07
1.88263849e-07
1.912225993e-07
1.908667554e-07
1.903605256e-07
1.897413364e-07
1.890533604e-07
1.883480419e-07
1.876855274e-07
1.871384987e-07
1.868002774e-07
1.896522999e-07
1.893109764e-07
1.888252184e-07
1.882307504e-07
1.875697893e-07
1.868916041e-07
1.862539583e-07
1.857268843e-07
1.854006066e-07
1.881528872e-07
1.878250532e-07
1.873583208e-07
1.867868405e-07
1.861510187e-07
1.854981068e-07
1.848836523e-07
1.843752138e-07
1.840601091e-07
1.867189632e-07
1.864036759e-07
1.85954647e-07
1.854045707e-07
1.847921758e-07
1.841628414e-07
1.835700515e-07
1.830790505e-07
1.827744215e-07
1.853455261e-07
1.85041922e-07
1.846093866e-07
1.840792654e-07
1.834887332e-07
1.828814298e-07
1.823089159e-07
1.81834267e-07
1.815394849e-07
1.840279045e-07
1.837351909e-07
1.833180384e-07
1.828065443e-07
1.82236443e-07
1.816497589e-07
1.810962577e-07
1.806369786e-07
1.803514783e-07
1.827616883e-07
1.824791337e-07
1.820763401e-07
1.815822501e-07
1.810312638e-07
1.80463905e-07
1.799282645e-07
1.794834653e-07
1.792067401e-07
1.81542652e-07
1.812695759e-07
1.808801892e-07
1.804023674e-07
1.798692765e-07
1.793200479e-07
1.788012092e-07
1.78370079e-07
1.78101673e-07
1.803666691e-07
1.8010243e-07
1.797255531e-07
1.792629299e-07
1.787465873e-07
1.782143679e-07
1.77711343e-07
1.772931315e-07
1.770326288e-07
1.792296155e-07
1.789735964e-07
1.78608366e-07
1.781599115e-07
1.77659213e-07
1.771429247e-07
1.766547663e-07
1.762487587e-07
1.759957681e-07
1.781272589e-07
1.778788497e-07
1.775244103e-07
1.770891019e-07
1.76602948e-07
1.761015151e-07
1.756272765e-07
1.752327594e-07
1.749868927e-07
1.770551335e-07
1.768137087e-07
1.764691808e-07
1.760459618e-07
1.7557321e-07
1.750855068e-07
1.7462419e-07
1.742404054e-07
1.740012472e-07
1.760083982e-07
1.757732907e-07
1.75437731e-07
1.750254602e-07
1.745648646e-07
1.740896492e-07
1.736401375e-07
1.73266223e-07
1.73033291e-07
1.749816802e-07
1.747521486e-07
1.744245022e-07
1.740218915e-07
1.735720293e-07
1.73107862e-07
1.726688362e-07
1.723037487e-07
1.720764425e-07
1.739689027e-07
1.737440932e-07
1.73423137e-07
1.73028678e-07
1.725878609e-07
1.721330048e-07
1.717028412e-07
1.713452641e-07
1.711228013e-07
1.729631029e-07
1.727420048e-07
1.724262811e-07
1.720381587e-07
1.716043296e-07
1.711566349e-07
1.70733284e-07
1.703815163e-07
1.701628561e-07
1.719562405e-07
1.717376362e-07
1.714253779e-07
1.710413728e-07
1.70611988e-07
1.701687593e-07
1.69749608e-07
1.69401436e-07
1.691851908e-07
1.709390069e-07
1.707214162e-07
1.704104641e-07
1.700278448e-07
1.695997442e-07
1.691575939e-07
1.687393119e-07
1.683918674e-07
1.681762032e-07
1.699006378e-07
1.696822589e-07
1.693699737e-07
1.689853815e-07
1.685546495e-07
1.68109341e-07
1.676877168e-07
1.673373243e-07
1.671198542e-07
1.688287421e-07
1.6860739e-07
1.682905608e-07
1.678998908e-07
1.67461714e-07
1.670080007e-07
1.665777727e-07
1.662197926e-07
1.659974666e-07
1.677091534e-07
1.674821993e-07
1.671569533e-07
1.667552373e-07
1.663037633e-07
1.658352307e-07
1.653899228e-07
1.650185976e-07
1.647875945e-07
1.665258164e-07
1.662901302e-07
1.659518482e-07
1.655331451e-07
1.650613522e-07
1.645702724e-07
1.64102042e-07
1.637103564e-07
1.634659849e-07
1.652607181e-07
1.650126184e-07
1.646558608e-07
1.642131625e-07
1.637127491e-07
1.631899582e-07
1.62689471e-07
1.62269036e-07
1.620056532e-07
1.638938756e-07
1.636290905e-07
1.632475411e-07
1.627727024e-07
1.622340062e-07
1.616688183e-07
1.611251613e-07
1.606661356e-07
1.60377092e-07
1.624033918e-07
1.621170355e-07
1.617034697e-07
1.611871706e-07
1.605991302e-07
1.599793001e-07
1.593799497e-07
1.588710133e-07
1.58548634e-07
1.607655895e-07
1.604521606e-07
1.599984453e-07
1.594301975e-07
1.587803677e-07
1.580921186e-07
1.574229777e-07
1.568513722e-07
1.564869865e-07
1.589552372e-07
1.586086417e-07
1.581057756e-07
1.574739833e-07
1.567486193e-07
1.559767507e-07
1.552222733e-07
1.545739253e-07
1.541579542e-07
1.569458765e-07
1.565594842e-07
1.559976869e-07
1.552897723e-07
1.544739963e-07
1.536020872e-07
1.527455072e-07
1.520052507e-07
1.515273651e-07
1.547102658e-07
1.542770034e-07
1.536458618e-07
1.528484695e-07
1.519265325e-07
1.509372574e-07
1.499609374e-07
1.491128507e-07
1.485622099e-07
1.522209526e-07
1.517334409e-07
1.510221214e-07
1.501214095e-07
1.490770628e-07
1.479526338e-07
1.468385492e-07
1.458664188e-07
1.452319991e-07
1.494509874e-07
1.489017262e-07
1.480992612e-07
1.470812906e-07
1.458982769e-07
1.44621022e-07
1.433513901e-07
1.422393102e-07
1.415103277e-07
1.463747898e-07
1.457563964e-07
1.448520486e-07
1.437032756e-07
1.423659443e-07
1.40919028e-07
1.394770844e-07
1.382101925e-07
1.373766214e-07
1.429691731e-07
1.422746745e-07
1.412583818e-07
1.399662538e-07
1.384603003e-07
1.368285782e-07
1.351994908e-07
1.337648284e-07
1.328180044e-07
1.392145231e-07
1.384376995e-07
1.373005952e-07
1.358542419e-07
1.341675541e-07
1.323385439e-07
1.305104391e-07
1.288979094e-07
1.278311998e-07
1.350961102e-07
1.342318833e-07
1.329668787e-07
1.313578772e-07
1.294814621e-07
1.274463901e-07
1.254114469e-07
1.236148264e-07
1.224243324e-07
1.30605497e-07
1.296503479e-07
1.28252753e-07
1.264759325e-07
1.244048769e-07
1.221597455e-07
1.199152941e-07
1.179332429e-07
1.166184998e-07
1.257419734e-07
1.246943682e-07
1.231625175e-07
1.212167577e-07
1.189511609e-07
1.164977661e-07
1.140473134e-07
1.11884371e-07
1.104490496e-07
1.20513935e-07
1.193747321e-07
1.177105754e-07
1.155995378e-07
1.131453535e-07
1.104921943e-07
1.078461734e-07
1.055128958e-07
1.039647373e-07
1.149401118e-07
1.137129171e-07
1.119225565e-07
1.09655273e-07
1.070247094e-07
1.041869383e-07
1.013626645e-07
9.887624422e-08
9.722765055e-08
1.090506017e-07
1.077419092e-07
1.058354839e-07
1.034261828e-07
1.006377401e-07
9.763773932e-08
9.465990069e-08
9.204408334e-08
9.031190763e-08
1.02885971e-07
1.01505147e-07
9.949720838e-08
9.696571604e-08
9.404431259e-08
9.09112157e-08
8.781107431e-08
8.509528205e-08
8.330014759e-08
9.64978323e-08
9.505714748e-08
9.296633952e-08
9.03374574e-08
8.731342623e-08
8.408168121e-08
8.08951617e-08
7.81123424e-08
7.627702604e-08
8.994769937e-08
8.846183378e-08
8.631005554e-08
8.361220912e-08
8.051924887e-08
7.722564271e-08
7.39892772e-08
7.11706714e-08
6.931603723e-08
8.330434463e-08
8.178947492e-08
7.960032539e-08
7.686315363e-08
7.37348302e-08
7.041330837e-08
6.715742636e-08
6.431863117e-08
6.245178784e-08
7.663905575e-08
7.511137367e-08
7.290766386e-08
7.015823499e-08
6.70236465e-08
6.369755332e-08
6.04504252e-08
5.764294101e-08
5.580695246e-08
7.001697576e-08
6.849072304e-08
6.629135165e-08
6.354739703e-08
6.04343948e-08
5.716059884e-08
5.398889478e-08
5.126550248e-08
4.949353954e-08
6.348108932e-08
6.196716698e-08
5.979524024e-08
5.710730865e-08
5.407792533e-08
5.09150468e-08
4.787162644e-08
4.52739735e-08
4.359121783e-08
5.710811549e-08
5.563664792e-08
5.353457348e-08
5.094786759e-08
4.804989276e-08
4.504310594e-08
4.216734186e-08
3.972574795e-08
3.815006341e-08
5.100789548e-08
4.960191994e-08
4.760062612e-08
4.514943616e-08
4.241772639e-08
3.959921239e-08
3.69181481e-08
3.46526204e-08
3.319533025e-08
4.526041205e-08
4.393630342e-08
4.205744374e-08
3.976562439e-08
3.72235923e-08
3.461399682e-08
3.214390204e-08
3.006552575e-08
2.873235293e-08
3.991873264e-08
3.868726038e-08
3.694475062e-08
3.482709006e-08
3.248833901e-08
3.009849151e-08
2.784658959e-08
2.595906552e-08
2.475116026e-08
3.501324762e-08
3.388053034e-08
3.22818539e-08
3.034555131e-08
2.821555667e-08
2.604827737e-08
2.401456741e-08
2.231584374e-08
2.123087353e-08
3.055581633e-08
2.952417233e-08
2.807158052e-08
2.631772142e-08
2.439555291e-08
2.244757367e-08
2.06268679e-08
1.911109929e-08
1.814465475e-08
2.65436141e-08
2.561236058e-08
2.430403768e-08
2.272909575e-08
2.100926553e-08
1.927349221e-08
1.765825771e-08
1.631935334e-08
1.546839831e-08
2.296270508e-08
2.212894848e-08
2.096019751e-08
1.955763421e-08
1.803221257e-08
1.650070431e-08
1.508606682e-08
1.392765593e-08
1.320718014e-08
1.979148027e-08
1.905095686e-08
1.801551073e-08
1.677763571e-08
1.543876088e-08
1.410591284e-08
1.289551967e-08
1.190758901e-08
1.128368127e-08
1.700442446e-08
1.635254146e-08
1.544434244e-08
1.436530344e-08
1.321001276e-08
1.207439326e-08
1.103063293e-08
1.017009695e-08
9.620072217e-09
1.457779655e-08
1.401115177e-08
1.322712393e-08
1.230927595e-08
1.132094422e-08
1.033533055e-08
9.421784465e-09
8.663816281e-09
8.177769686e-09
1.250338694e-08
1.202239112e-08
1.135257384e-08
1.055560176e-08
9.693802207e-09
8.828479222e-09
8.025514113e-09
7.358697465e-09
6.930536257e-09
1.074032026e-08
1.032167996e-08
9.737989961e-09
9.03899653e-09
8.281074209e-09
7.520902618e-09
6.816604897e-09
6.232515115e-09
5.857434957e-09
9.21566232e-09
8.847739542e-09
8.333890492e-09
7.719668162e-09
7.054629331e-09
6.389327998e-09
5.774707844e-09
5.266174873e-09
4.93973188e-09
7.886534181e-09
7.56329194e-09
7.112297742e-09
6.574434547e-09
5.993729031e-09
5.41479003e-09
4.88182116e-09
4.442005467e-09
4.159756284e-09
6.729628058e-09
6.446865747e-09
6.053077035e-09
5.584721513e-09
5.080768212e-09
4.580242969e-09
4.121127952e-09
3.743204398e-09
3.500633309e-09
5.726901205e-09
5.481017196e-09
5.139312766e-09
4.734088584e-09
4.299589557e-09
3.869662784e-09
3.476647966e-09
3.153796381e-09
2.946375021e-09
4.862539527e-09
4.650100376e-09
4.355508877e-09
4.007159029e-09
3.634896533e-09
3.267826361e-09
2.933254673e-09
2.658771924e-09
2.482059019e-09
4.121751335e-09
3.939365158e-09
3.686962692e-09
3.389294397e-09
3.072151598e-09
2.760356164e-09
2.476791381e-09
2.244215688e-09
2.093939336e-09
3.490399331e-09
3.334714037e-09
3.119649722e-09
2.866594743e-09
2.597647635e-09
2.333809164e-09
2.094124634e-09
1.897284445e-09
1.769344365e-09
2.954998781e-09
2.82274434e-09
2.640306022e-09
2.426000591e-09
2.198590526e-09
1.975683147e-09
1.772993132e-09
1.60579314e-09
1.495946983e-09
2.502843805e-09
2.390879891e-09
2.236554812e-09
2.055391434e-09
1.86312404e-09
1.674267116e-09
1.501431862e-09
1.356615179e-09
1.258199616e-09
2.122143392e-09
2.027495898e-09
1.897009641e-09
1.743649612e-09
1.580311825e-09
1.418386396e-09
1.266629894e-09
1.130868411e-09
1.016653854e-09
1.80210469e-09
1.721981231e-09
1.611303835e-09
1.480647683e-09
1.340093607e-09
1.197439234e-09
1.055625795e-09
9.085621176e-10
8.043003692e-10
1.532909896e-09
1.464661986e-09
1.369901929e-09
1.256817e-09
1.132329379e-09
9.993297361e-10
8.495667284e-10
7.215640634e-10
6.37055303e-10
1.305487633e-09
1.246421369e-09
1.163359179e-09
1.061462117e-09
9.428194645e-10
8.045298921e-10
6.779905649e-10
5.767074063e-10
5.093998775e-10
1.110739037e-09
1.057450163e-09
9.800873897e-10
8.772454149e-10
7.585793192e-10
6.442329218e-10
5.457061002e-10
4.667930809e-10
4.11933839e-10
9.36770364e-10
8.82313382e-10
8.000781011e-10
7.052496386e-10
6.091307726e-10
5.211686478e-10
4.456108831e-10
3.827926449e-10
3.366636894e-10
7.589032549e-10
7.090790295e-10
6.42015995e-10
5.678726605e-10
4.948976935e-10
4.282139306e-10
3.691221707e-10
3.172847628e-10
2.776669024e-10
6.081367151e-10
5.695729199e-10
5.189836486e-10
4.635399092e-10
4.087171235e-10
3.571889594e-10
3.091119838e-10
2.648433856e-10
2.304286623e-10
4.922888207e-10
4.637189527e-10
4.262996843e-10
3.848940426e-10
3.428222728e-10
3.013040913e-10
2.604325339e-10
2.216989155e-10
1.921627804e-10
4.053794795e-10
3.842857333e-10
3.563393918e-10
3.24590867e-10
2.908371279e-10
2.556219337e-10
2.195667809e-10
1.857943316e-10
1.61173206e-10
3.398221378e-10
3.239191133e-10
3.023268523e-10
2.767870506e-10
2.480805537e-10
2.167622563e-10
1.847648989e-10
1.560709121e-10
1.363276886e-10
2.892487309e-10
2.767279149e-10
2.591238569e-10
2.371458196e-10
2.113616945e-10
1.831198758e-10
1.553247899e-10
1.318743291e-10
1.167019962e-10
2.489534768e-10
2.383539997e-10
2.228166166e-10
2.027880028e-10
1.792032218e-10
1.541824471e-10
1.309319524e-10
1.125855475e-10
1.014071885e-10
2.151168181e-10
2.054270035e-10
1.909914291e-10
1.724315314e-10
1.512124296e-10
1.298494112e-10
1.112350976e-10
9.748443252e-11
8.955562428e-11
1.853530459e-10
1.761826708e-10
1.626723909e-10
1.458063403e-10
1.274184293e-10
1.099677618e-10
9.569254757e-11
8.57673434e-11
8.029373999e-11
1.586383403e-10
1.500521267e-10
1.377516467e-10
1.230289504e-10
1.077990761e-10
9.415022757e-11
8.360217989e-11
7.66221307e-11
7.284485724e-11
1.348500639e-10
1.271204688e-10
1.164141909e-10
1.04151816e-10
9.208240975e-11
8.17976627e-11
7.420064087e-11
6.92974227e-11
6.65392832e-11
1.142314966e-10
1.076121696e-10
9.87371358e-11
8.897095914e-11
7.975793173e-11
7.220587883e-11
6.675566687e-11
6.314602693e-11
6.083557719e-11
9.696639e-11
9.156888302e-11
8.453105903e-11
7.70354684e-11
7.018177935e-11
6.467135947e-11
6.062471567e-11
5.764924642e-11
5.53439057e-11
8.297787836e-11
7.875521358e-11
7.33649282e-11
6.775028676e-11
6.268733519e-11
5.856162589e-11
5.528465092e-11
5.243467908e-11
4.985046167e-11
7.192580204e-11
6.871735841e-11
6.467157046e-11
6.048651762e-11
5.666226547e-11
5.335126236e-11
5.034684078e-11
4.729037059e-11
4.432398053e-11
6.33047213e-11
6.089514164e-11
5.785474042e-11
5.465975296e-11
5.158946487e-11
4.863788991e-11
4.556619917e-11
4.216446012e-11
3.888395252e-11
5.655542292e-11
5.472121367e-11
5.236317901e-11
4.97725766e-11
4.706500803e-11
4.414969915e-11
4.084030236e-11
3.713243834e-11
3.371608077e-11
5.114656237e-11
4.968427331e-11
4.77301642e-11
4.543353841e-11
4.280610226e-11
3.974688385e-11
3.61912815e-11
3.234338632e-11
2.899496869e-11
4.662022056e-11
4.536084097e-11
4.359114533e-11
4.136538711e-11
3.8653134e-11
3.540901313e-11
3.17207651e-11
2.79353805e-11
2.482293432e-11
4.2612805e-11
4.142915858e-11
3.969146278e-11
3.740754023e-11
3.456142856e-11
3.120362813e-11
2.755157458e-11
2.400819169e-11
2.123200014e-11
3.886420177e-11
3.767525395e-11
3.588819867e-11
3.350921677e-11
3.057645423e-11
2.72398229e-11
2.378671553e-11
2.059928229e-11
1.819628457e-11
3.522089201e-11
3.399258604e-11
3.214232889e-11
2.970755868e-11
2.679470457e-11
2.361655698e-11
2.047737988e-11
1.769497771e-11
1.565579363e-11
3.163056883e-11
3.03704315e-11
2.84958185e-11
2.609014293e-11
2.330926459e-11
2.039694815e-11
1.762854567e-11
1.524782805e-11
1.353410598e-11
2.81231865e-11
2.686781328e-11
2.503518338e-11
2.274581674e-11
2.018864951e-11
1.759981615e-11
1.520893845e-11
1.318827599e-11
1.171098069e-11
2.477817753e-11
2.357097523e-11
2.184346851e-11
1.974191201e-11
1.745943133e-11
1.520815476e-11
1.31670584e-11
1.144296286e-11
1.008797196e-11
2.167583766e-11
2.055610193e-11
1.898159506e-11
1.710633383e-11
1.511337141e-11
1.318131072e-11
1.143739108e-11
9.893275468e-12
8.719132179e-12
1.888021679e-11
1.787130817e-11
1.647282616e-11
1.483422331e-11
1.311837744e-11
1.146838872e-11
9.95872008e-12
8.557347387e-12
7.571540083e-12
1.641781173e-11
1.552905108e-11
1.431001787e-11
1.289723013e-11
1.142845916e-11
1.000600225e-11
8.614923716e-12
7.42560148e-12
6.608138169e-12
1.428623115e-11
1.351534166e-11
1.246500911e-11
1.125389666e-11
9.988640665e-12
8.700117428e-12
7.47239121e-12
6.474097185e-12
5.796255185e-12
1.246201779e-11
1.179923816e-11
1.089862943e-11
9.856905361e-12
8.733501709e-12
7.551860702e-12
6.506891528e-12
5.671623627e-12
5.10803367e-12
1.091013182e-11
1.034167886e-11
9.566909488e-12
8.65294911e-12
7.58963084e-12
6.572316757e-12
5.691675482e-12
4.991490226e-12
4.521137881e-12
9.590536132e-12
9.098187761e-12
8.41348616e-12
7.528479801e-12
6.60535866e-12
5.743602811e-12
5.001185031e-12
4.411856718e-12
4.017723222e-12
8.454426477e-12
7.994153427e-12
7.327610691e-12
6.555740436e-12
5.770956505e-12
5.041774324e-12
4.41347031e-12
3.915140072e-12
3.583488113e-12
7.395070107e-12
6.967476459e-12
6.387487009e-12
5.729897207e-12
5.06408039e-12
4.444843092e-12
3.910543253e-12
3.48717847e-12
3.206983311e-12
6.451548228e-12
6.083285223e-12
5.588907168e-12
5.029782728e-12
4.462908726e-12
3.934500329e-12
3.477937341e-12
3.116583268e-12
2.878942861e-12
5.646316866e-12
5.332433243e-12
4.91117179e-12
4.433997132e-12
3.949027949e-12
3.495909301e-12
3.103919863e-12
2.794119158e-12
2.591748152e-12
4.962304537e-12
4.69411584e-12
4.333644472e-12
3.924428879e-12
3.507504648e-12
3.117138031e-12
2.77906541e-12
2.512355029e-12
2.339388995e-12
4.379181264e-12
4.148964778e-12
3.839010773e-12
3.486391777e-12
3.126325463e-12
2.788510743e-12
2.495707465e-12
2.265166166e-12
2.116907618e-12
3.87958623e-12
3.681022835e-12
3.413264173e-12
3.108056775e-12
2.795740349e-12
2.502190161e-12
2.247616573e-12
2.047642719e-12
1.920201955e-12
3.449447622e-12
3.277424826e-12
3.045123854e-12
2.779840653e-12
2.507827287e-12
2.251754097e-12
2.029595101e-12
1.85565225e-12
1.745815075e-12
3.077430193e-12
2.92779742e-12
2.725436976e-12
2.493926434e-12
2.2561186e-12
2.031944637e-12
1.837478042e-12
1.685758055e-12
1.590840688e-12
2.754363705e-12
2.623678193e-12
2.446706625e-12
2.243919575e-12
2.035287491e-12
1.838390249e-12
1.667732048e-12
1.535052762e-12
1.452814275e-12
2.472680716e-12
2.358116982e-12
2.202792959e-12
2.024555725e-12
1.840918108e-12
1.667534243e-12
1.517403957e-12
1.401085444e-12
1.329648733e-12
2.22619124e-12
2.125418386e-12
1.988643824e-12
1.831487201e-12
1.669408798e-12
1.516384695e-12
1.384011382e-12
1.281793473e-12
1.219584912e-12
2.009811545e-12
1.920890255e-12
1.80008139e-12
1.661123528e-12
1.517778344e-12
1.382445396e-12
1.26548392e-12
1.175460696e-12
1.121162595e-12
1.819352488e-12
1.740656486e-12
1.633664691e-12
1.510575195e-12
1.383568575e-12
1.263663743e-12
1.160131463e-12
1.080700947e-12
1.033214993e-12
1.651393312e-12
1.581603768e-12
1.486710009e-12
1.37751121e-12
1.264809373e-12
1.158417705e-12
1.06664722e-12
9.964741415e-13
9.5489463e-13
1.503390747e-12
1.441430335e-12
1.357164522e-12
1.260170276e-12
1.160048783e-12
1.065558885e-12
9.841619782e-13
9.221505917e-13
8.857459108e-13
1.373727984e-12
1.318657244e-12
1.243746656e-12
1.157508741e-12
1.068500177e-12
9.845574699e-13
9.123871444e-13
8.576533692e-13
8.258492891e-13
1.262151582e-12
1.213113137e-12
1.146407655e-12
1.069628729e-12
9.904299319e-13
9.158456023e-13
8.519145e-13
8.037235253e-13
7.760693091e-13
1.17127723e-12
1.127352351e-12
1.067617681e-12
9.989025869e-13
9.281083378e-13
8.615965189e-13
8.048364876e-13
7.624049684e-13
7.384525938e-13
1.1108331e-12
1.070567112e-12
1.015829415e-12
9.529122356e-13
8.881879028e-13
8.275432674e-13
7.76041722e-13
7.378894081e-13
7.167563064e-13
2.127579322e-34
7.888205936e-34
1.736874195e-33
3.243666352e-33
5.639911221e-33
9.494216057e-33
1.578700873e-32
2.619800029e-32
4.361097081e-32
7.298143853e-32
1.228456275e-31
2.079499338e-31
3.538676774e-31
6.051873587e-31
1.040277089e-30
1.798667151e-30
3.134139203e-30
5.524160961e-30
9.91209236e-30
1.828527276e-29
3.515405522e-29
7.155297847e-29
1.563070033e-28
3.686041752e-28
9.337314701e-28
2.507203747e-27
7.022565689e-27
2.02275573e-26
5.92748231e-26
1.754165194e-25
5.216854673e-25
1.553930061e-24
4.624599914e-24
1.372357861e-23
4.053390915e-23
1.189450811e-22
3.461412065e-22
9.970612784e-22
2.837494375e-21
7.963659473e-21
2.200722734e-20
5.980843271e-20
1.597395132e-19
4.193203321e-19
1.082896736e-18
2.756661095e-18
6.93684143e-18
1.731376478e-17
4.301570927e-17
1.068163954e-16
2.670647338e-16
6.854426271e-16
1.89507924e-15
6.13087875e-15
2.45659886e-14
1.15567865e-13
5.660326862e-13
2.629431208e-12
1.100766988e-11
4.009545838e-11
1.234893621e-10
3.161585879e-10
6.81069907e-10
1.294744925e-09
2.288842639e-09
3.873965395e-09
6.347643024e-09
1.012289884e-08
1.575994945e-08
2.400522437e-08
3.583908421e-08
5.253854755e-08
7.57618851e-08
1.076590203e-07
1.510031448e-07
2.093258512e-07
2.870310395e-07
3.894668269e-07
5.226713428e-07
6.928014087e-07
9.057884023e-07
1.166680455e-06
1.478937219e-06
1.843778874e-06
2.259678644e-06
2.722056659e-06
3.22318701e-06
3.752269166e-06
4.29552936e-06
4.836049919e-06
5.352730486e-06
5.827121132e-06
6.252643628e-06
6.621586826e-06
6.926494329e-06
7.161336692e-06
7.322248575e-06
7.407870292e-06
7.419380851e-06
7.360305451e-06
7.236169005e-06
7.054055532e-06
6.822127489e-06
6.549150788e-06
6.244054636e-06
5.915551972e-06
5.571834338e-06
5.220346313e-06
4.867637538e-06
4.519285125e-06
4.179875859e-06
3.853036002e-06
3.541496245e-06
3.247180191e-06
2.971306184e-06
2.714494159e-06
2.476871061e-06
2.258170226e-06
2.057821688e-06
1.875031744e-06
1.708851148e-06
1.558232019e-06
1.422074089e-06
1.299261381e-06
1.188690421e-06
1.089291209e-06
1.000042119e-06
9.199798497e-07
8.482054035e-07
7.838869666e-07
7.262604267e-07
6.746281407e-07
6.283564561e-07
5.868723867e-07
5.496597604e-07
5.162550817e-07
4.862432949e-07
4.592535824e-07
4.349552868e-07
4.130540356e-07
3.932881051e-07
3.754250387e-07
3.592585377e-07
3.446056216e-07
3.313040512e-07
3.192100022e-07
3.081959748e-07
2.981489217e-07
2.889685784e-07
2.805659767e-07
2.728621258e-07
2.657868435e-07
2.592777232e-07
2.532792209e-07
2.477418509e-07
2.426214769e-07
2.378786881e-07
2.334782498e-07
2.293886214e-07
2.255815316e-07
2.22031606e-07
2.187160389e-07
2.156143056e-07
2.127079088e-07
2.099801558e-07
2.074159627e-07
2.050016806e-07
2.027249441e-07
2.005745359e-07
1.985402675e-07
1.966128735e-07
1.947839169e-07
1.930457039e-07
1.913912066e-07
1.898139926e-07
1.883081577e-07
1.868682616e-07
1.854892649e-07
1.841664626e-07
1.828954153e-07
1.816718733e-07
1.804916914e-07
1.793507337e-07
1.782447645e-07
1.771693244e-07
1.761195916e-07
1.750902271e-07
1.74075206e-07
1.730676374e-07
1.720595767e-07
1.710418361e-07
1.700037996e-07
1.689332528e-07
1.678162341e-07
1.666369194e-07
1.653775506e-07
1.640184181e-07
1.625379088e-07
1.609126318e-07
1.591176314e-07
1.571267003e-07
1.549128065e-07
1.524486452e-07
1.497073307e-07
1.466632385e-07
1.432930048e-07
1.395766807e-07
1.354990241e-07
1.310508918e-07
1.262306698e-07
1.210456598e-07
1.155133318e-07
1.096624153e-07
1.035321631e-07
9.717281247e-08
9.064470855e-08
8.401584455e-08
7.735737682e-08
7.073529424e-08
6.419513754e-08
5.780378091e-08
5.167399246e-08
4.588887877e-08
4.050419384e-08
3.555256544e-08
3.104768667e-08
2.698819207e-08
2.336123968e-08
2.014593252e-08
1.731700225e-08
1.485017521e-08
1.273410004e-08
1.094096282e-08
9.391911137e-09
8.041459262e-09
6.865288618e-09
5.845010973e-09
4.964711244e-09
4.209573933e-09
3.565445275e-09
3.018805867e-09
2.55689186e-09
2.167835128e-09
1.840755836e-09
1.565759697e-09
1.333760429e-09
1.13584383e-09
9.608079536e-10
7.831045713e-10
6.272699519e-10
5.065159715e-10
4.158411577e-10
3.476209297e-10
2.952815294e-10
2.539179497e-10
2.19578843e-10
1.89579396e-10
1.62652089e-10
1.385359445e-10
1.174522865e-10
9.963977535e-11
8.509904029e-11
7.355264468e-11
6.453009767e-11
5.748250112e-11
5.187284227e-11
4.722907252e-11
4.316928139e-11
3.941266847e-11
3.578400801e-11
3.22106846e-11
2.870716182e-11
2.534587846e-11
2.220852599e-11
1.936431561e-11
1.68472185e-11
1.466048722e-11
1.278466698e-11
1.118695711e-11
9.828857899e-12
8.666114892e-12
7.602760821e-12
6.632047302e-12
5.800296469e-12
5.093758725e-12
4.491907883e-12
3.976719136e-12
3.53352323e-12
3.15050524e-12
2.818128675e-12
2.528536489e-12
2.275289463e-12
2.053107792e-12
1.857646257e-12
1.685349462e-12
1.533532779e-12
1.400513709e-12
1.286001661e-12
1.192642147e-12
1.130421325e-12
)
;

boundaryField
{
    outlet
    {
        type            inletOutlet;
        inletValue      uniform 0;
        value           nonuniform List<scalar> 10(1.1108331e-12 1.070567112e-12 1.015829415e-12 9.529122356e-13 8.881879028e-13 8.275432674e-13 7.76041722e-13 7.378894081e-13 7.167563064e-13 1.130421325e-12);
    }
    inlet
    {
        type            fixedValue;
        value           uniform 0;
    }
    front
    {
        type            wedge;
    }
    wall
    {
        type            zeroGradient;
    }
    back
    {
        type            wedge;
    }
}


// ************************************************************************* //
