/*--------------------------------*- C++ -*----------------------------------*\
| =========                 |                                                 |
| \\      /  F ield         | OpenFOAM: The Open Source CFD Toolbox           |
|  \\    /   O peration     | Version:  2212                                  |
|   \\  /    A nd           | Website:  www.openfoam.com                      |
|    \\/     M anipulation  |                                                 |
\*---------------------------------------------------------------------------*/
FoamFile
{
    version     2.0;
    format      ascii;
    arch        "LSB;label=32;scalar=64";
    class       volScalarField;
    location    "20.00000000";
    object      C2H4;
}
// * * * * * * * * * * * * * * * * * * * * * * * * * * * * * * * * * * * * * //

dimensions      [0 0 0 0 0 0 0];

internalField   nonuniform List<scalar> 
3000
(
6.252156563e-22
7.022128975e-22
8.183454912e-22
9.729932567e-22
1.16449615e-21
1.387577062e-21
1.628774456e-21
1.858803889e-21
2.021397127e-21
2.347278355e-21
2.646943483e-21
3.098702467e-21
3.701567948e-21
4.454541206e-21
5.35311326e-21
6.381516159e-21
7.488529217e-21
8.468962346e-21
5.257824067e-21
5.975643674e-21
7.068093856e-21
8.55016061e-21
1.044729702e-20
1.278574081e-20
1.555506487e-20
1.860030274e-20
2.12009598e-20
1.001461168e-20
1.150123281e-20
1.379709985e-20
1.697832765e-20
2.115513819e-20
2.64303207e-20
3.277088813e-20
3.966716005e-20
4.52252945e-20
1.778341025e-20
2.067478402e-20
2.521125783e-20
3.16215385e-20
4.020429268e-20
5.119594693e-20
6.440581603e-20
7.841424831e-20
8.91429578e-20
3.05789594e-20
3.600744496e-20
4.464846905e-20
5.705341503e-20
7.388500109e-20
9.557133182e-20
1.214752042e-19
1.483501196e-19
1.682736238e-19
5.190866139e-20
6.188109088e-20
7.794108058e-20
1.012586825e-19
1.331349191e-19
1.742093771e-19
2.227909441e-19
2.721692596e-19
3.078088121e-19
8.783809273e-20
1.058836553e-19
1.35203e-19
1.780996952e-19
2.369671008e-19
3.126548668e-19
4.013662136e-19
4.901864984e-19
5.532015767e-19
1.488803069e-19
1.811876851e-19
2.340166522e-19
3.116976717e-19
4.184822388e-19
5.55394268e-19
7.146964044e-19
8.725260785e-19
9.83267071e-19
2.532466869e-19
3.106338146e-19
4.049001225e-19
5.439546394e-19
7.352165683e-19
9.797890126e-19
1.26277877e-18
1.541103646e-18
1.734950466e-18
4.325171771e-19
5.338651459e-19
7.008677305e-19
9.477069595e-19
1.287219149e-18
1.720378803e-18
2.219514964e-18
2.70793802e-18
3.046447722e-18
7.414859184e-19
9.197175232e-19
1.214046211e-18
1.649610422e-18
2.248539381e-18
3.01125358e-18
3.887478382e-18
4.74191175e-18
5.332210567e-18
1.275291601e-18
1.587801667e-18
2.104648796e-18
2.870076596e-18
3.922188539e-18
5.259982067e-18
6.793381796e-18
8.285095182e-18
9.313967794e-18
2.199159345e-18
2.745995642e-18
3.651369983e-18
4.992881629e-18
6.836246136e-18
9.177366945e-18
1.185593895e-17
1.44567138e-17
1.625154538e-17
3.799927999e-18
4.755400733e-18
6.338742751e-18
8.686078458e-18
1.19115955e-17
1.600564951e-17
2.068301236e-17
2.521226626e-17
2.835165293e-17
6.575140385e-18
8.242453724e-18
1.100746438e-17
1.510910766e-17
2.074769625e-17
2.790768746e-17
3.609587853e-17
4.404049803e-17
4.947269767e-17
1.138728201e-17
1.429265341e-17
1.911286425e-17
2.626463813e-17
3.60948283e-17
4.856984273e-17
6.281807125e-17
7.6612067e-17
8.606470889e-17
1.973211798e-17
2.478876607e-17
3.317998561e-17
4.56302711e-17
6.273869507e-17
8.443808887e-17
1.092031871e-16
1.331607701e-16
1.495787279e-16
3.420494707e-17
4.299835193e-17
5.759270275e-17
7.924683487e-17
1.0899734e-16
1.467186746e-16
1.897518449e-16
2.313658879e-16
2.598758017e-16
5.93101926e-17
7.459355665e-17
9.996233966e-17
1.376038109e-16
1.893143691e-16
2.548663471e-16
3.296299926e-16
4.019081975e-16
4.514133299e-16
1.028670682e-16
1.294216107e-16
1.735037954e-16
2.389137779e-16
3.287667771e-16
4.426552067e-16
5.725227292e-16
6.980451091e-16
7.840007635e-16
1.784505974e-16
2.245794112e-16
3.011619696e-16
4.147993484e-16
5.708946745e-16
7.687225812e-16
9.942695771e-16
1.21222886e-15
1.361461482e-15
3.096313637e-16
3.897537735e-16
5.227788872e-16
7.201701466e-16
9.912981089e-16
1.334875474e-15
1.726532967e-15
2.1049496e-15
2.364017685e-15
5.373400064e-16
6.764974876e-16
9.075424495e-16
1.250376524e-15
1.721247255e-15
2.317872528e-15
2.99788261e-15
3.65480588e-15
4.10449149e-15
9.326598072e-16
1.174342135e-15
1.575607763e-15
2.170994731e-15
2.988662305e-15
4.024563763e-15
5.205051353e-15
6.345278362e-15
7.125730207e-15
1.619043006e-15
2.038777853e-15
2.735635252e-15
3.769524313e-15
5.189211774e-15
6.987492638e-15
9.036355239e-15
1.101495375e-14
1.236906439e-14
2.810889525e-15
3.539837132e-15
4.749957836e-15
6.545101544e-15
9.009629751e-15
1.213061463e-14
1.568550518e-14
1.911753427e-14
2.146580281e-14
4.880518577e-15
6.146430911e-15
8.247673736e-15
1.136410003e-14
1.564140538e-14
2.105615914e-14
2.72213342e-14
3.317112058e-14
3.72407272e-14
8.474315213e-15
1.067258086e-14
1.432065405e-14
1.972962047e-14
2.715051241e-14
3.654030182e-14
4.722562914e-14
5.753196758e-14
6.457795991e-14
1.471394195e-14
1.853068701e-14
2.486281626e-14
3.424748361e-14
4.711583012e-14
6.338753259e-14
8.189032912e-14
9.972296067e-14
1.119056887e-13
2.554434338e-14
3.216939071e-14
4.315618949e-14
5.943009634e-14
8.172834572e-14
1.0989821e-13
1.418973246e-13
1.727039802e-13
1.937289507e-13
4.433429293e-14
5.582871253e-14
7.488044486e-14
1.030786443e-13
1.416765552e-13
1.903782483e-13
2.456224355e-13
2.987291398e-13
3.349228068e-13
7.690978916e-14
9.683824391e-14
1.298455946e-13
1.78649719e-13
2.453644876e-13
3.294063711e-13
4.245604856e-13
5.158519933e-13
5.779522194e-13
1.33325942e-13
1.678400211e-13
2.249522751e-13
3.092859985e-13
4.243704244e-13
5.690382539e-13
7.324371425e-13
8.887986356e-13
9.948985312e-13
2.308920122e-13
2.905762039e-13
3.892209466e-13
5.346363428e-13
7.326368293e-13
9.808642069e-13
1.260365171e-12
1.526949585e-12
1.707269514e-12
3.993096615e-13
5.023057392e-13
6.722785683e-13
9.223058316e-13
1.261803367e-12
1.685985576e-12
2.161770904e-12
2.613716606e-12
2.918216526e-12
6.893494899e-13
8.666015087e-13
1.158567286e-12
1.586904061e-12
2.166523516e-12
2.887724526e-12
3.692865636e-12
4.453882753e-12
4.964193976e-12
1.187404946e-12
1.491378623e-12
1.990919408e-12
2.721405009e-12
3.70577317e-12
4.924484918e-12
6.277431229e-12
7.548763993e-12
8.396547312e-12
2.039723197e-12
2.558736841e-12
3.409278644e-12
4.648177785e-12
6.309376395e-12
8.353964935e-12
1.060896537e-11
1.271369214e-11
1.410835572e-11
3.492414855e-12
4.373887419e-12
5.813593128e-12
7.900977487e-12
1.068364237e-11
1.408530073e-11
1.780921705e-11
2.125875413e-11
2.352854195e-11
5.956919658e-12
7.444533702e-12
9.864745085e-12
1.335490429e-11
1.797664731e-11
2.358322776e-11
2.967039498e-11
3.526254527e-11
3.891441535e-11
1.011606565e-11
1.260821619e-11
1.664446269e-11
2.242950553e-11
3.003297836e-11
3.917868717e-11
4.901961123e-11
5.798072796e-11
6.378630512e-11
1.709404763e-11
2.123416503e-11
2.790533302e-11
3.740166934e-11
4.978057561e-11
6.453444309e-11
8.02594963e-11
9.444759934e-11
1.035649926e-10
2.872568762e-11
3.553923859e-11
4.645641125e-11
6.188087632e-11
8.180988051e-11
1.053335667e-10
1.301598983e-10
1.523512935e-10
1.664959674e-10
4.797766815e-11
5.907599636e-11
7.674994708e-11
1.015212653e-10
1.332295137e-10
1.702849819e-10
2.090042541e-10
2.43293917e-10
2.649764206e-10
7.959885346e-11
9.747667911e-11
1.257623266e-10
1.650749095e-10
2.149154975e-10
2.725762645e-10
3.322334294e-10
3.845898287e-10
4.174444309e-10
1.311105724e-10
1.595721769e-10
2.042999791e-10
2.659315166e-10
3.433157876e-10
4.319530425e-10
5.227833178e-10
6.018123616e-10
6.510490205e-10
2.14293646e-10
2.590529877e-10
3.289121016e-10
4.243452664e-10
5.430328072e-10
6.776712341e-10
8.143851359e-10
9.323766492e-10
1.00539994e-09
3.473906841e-10
4.169037532e-10
5.246611457e-10
6.706247246e-10
8.504892845e-10
1.052658889e-09
1.256195434e-09
1.430550475e-09
1.537804023e-09
5.583248187e-10
6.649297426e-10
8.29095171e-10
1.049663313e-09
1.319094029e-09
1.619346076e-09
1.919254385e-09
2.174424684e-09
2.330539437e-09
8.893467666e-10
1.050810329e-09
1.297891586e-09
1.627324238e-09
2.026473256e-09
2.467783497e-09
2.905445918e-09
3.27556069e-09
3.500910859e-09
1.403671323e-09
1.645272055e-09
2.012810757e-09
2.49937632e-09
3.084530671e-09
3.726884004e-09
4.359862392e-09
4.892275055e-09
5.215080841e-09
2.194866727e-09
2.552188354e-09
3.092826757e-09
3.803920863e-09
4.653358537e-09
5.579896849e-09
6.487770861e-09
7.247830172e-09
7.706994764e-09
3.400035668e-09
3.922710885e-09
4.709619569e-09
5.738579716e-09
6.960360402e-09
8.285569914e-09
9.577739686e-09
1.065518455e-08
1.130410863e-08
5.217901969e-09
5.974542345e-09
7.108632367e-09
8.58387174e-09
1.03263313e-08
1.220706008e-08
1.403314464e-08
1.55505584e-08
1.646212501e-08
7.933876783e-09
9.018677167e-09
1.063825151e-08
1.273540429e-08
1.52009995e-08
1.78509042e-08
2.041436853e-08
2.253821865e-08
2.381130297e-08
1.195463988e-08
1.349612435e-08
1.578960697e-08
1.874751691e-08
2.221102485e-08
2.591950601e-08
2.949540694e-08
3.245031771e-08
3.421815562e-08
1.785529012e-08
2.002785006e-08
2.325055349e-08
2.739227962e-08
3.222461954e-08
3.738150743e-08
4.233959207e-08
4.642703859e-08
4.886834342e-08
2.644333866e-08
2.948236342e-08
3.397842709e-08
3.973864422e-08
4.643787747e-08
5.356561101e-08
6.040076124e-08
6.602421968e-08
6.937841669e-08
3.884471626e-08
4.306625199e-08
4.929709106e-08
5.725759667e-08
6.648925767e-08
7.6285276e-08
8.565832569e-08
9.335723502e-08
9.794483949e-08
5.66177706e-08
6.244386198e-08
7.102492741e-08
8.196086396e-08
9.461121809e-08
1.080047693e-07
1.207972123e-07
1.312918099e-07
1.375410054e-07
8.190233632e-08
8.989394968e-08
1.016429705e-07
1.165843397e-07
1.338319452e-07
1.520599585e-07
1.694458097e-07
1.836954947e-07
1.921767347e-07
1.176146964e-07
1.285157174e-07
1.445176152e-07
1.648320325e-07
1.882427882e-07
2.129490008e-07
2.364881236e-07
2.557674104e-07
2.672385836e-07
1.677064297e-07
1.825028911e-07
2.041963265e-07
2.316976573e-07
2.633480353e-07
2.967112509e-07
3.284705436e-07
3.544679854e-07
3.699332233e-07
2.375070717e-07
2.575042216e-07
2.867932497e-07
3.238812077e-07
3.665169527e-07
4.114170407e-07
4.541277729e-07
4.890743785e-07
5.098603498e-07
3.341655612e-07
3.610859793e-07
4.004825285e-07
4.503215512e-07
5.075621824e-07
5.677945457e-07
6.250556643e-07
6.718908286e-07
6.997452327e-07
4.672077636e-07
5.03315961e-07
5.561215061e-07
6.228698634e-07
6.994708649e-07
7.80021515e-07
8.565605607e-07
9.191450133e-07
9.563628721e-07
6.492320848e-07
6.974924689e-07
7.680284702e-07
8.57128703e-07
9.593141163e-07
1.066708919e-06
1.168713524e-06
1.252099967e-06
1.301684022e-06
8.967665479e-07
9.610407192e-07
1.054936467e-06
1.173478401e-06
1.309356775e-06
1.452098569e-06
1.587631738e-06
1.698404084e-06
1.764265782e-06
1.231305128e-06
1.316593985e-06
1.441139757e-06
1.598305857e-06
1.778380654e-06
1.967485957e-06
2.146996393e-06
2.293687028e-06
2.380893859e-06
1.680535624e-06
1.793269824e-06
1.957840257e-06
2.165439115e-06
2.403219814e-06
2.652861363e-06
2.889794801e-06
3.083385104e-06
3.198457559e-06
2.2797612e-06
2.428140007e-06
2.644687153e-06
2.917773548e-06
3.230484595e-06
3.558735953e-06
3.870243735e-06
4.124745714e-06
4.276006063e-06
3.073502765e-06
3.267875753e-06
3.551482763e-06
3.909051254e-06
4.318421923e-06
4.748083975e-06
5.15580909e-06
5.488914764e-06
5.686876862e-06
4.117247838e-06
4.370526218e-06
4.740000855e-06
5.205724266e-06
5.73882264e-06
6.298290821e-06
6.82918884e-06
7.262924587e-06
7.520647573e-06
5.479281716e-06
5.807356234e-06
6.285828768e-06
6.888793182e-06
7.578847707e-06
8.302956577e-06
8.990046304e-06
9.551336099e-06
9.884792737e-06
7.242495937e-06
7.664626602e-06
8.280099724e-06
9.055467423e-06
9.942593076e-06
1.087327183e-05
1.175619714e-05
1.247735777e-05
1.290570885e-05
9.506021082e-06
1.004515127e-05
1.083093675e-05
1.182043789e-05
1.295202632e-05
1.413867953e-05
1.52640761e-05
1.618305233e-05
1.672877018e-05
1.238648347e-05
1.306940454e-05
1.406425566e-05
1.531624139e-05
1.674707536e-05
1.824662714e-05
1.966804078e-05
2.082827193e-05
2.151703424e-05
1.601838284e-05
1.687559552e-05
1.812354207e-05
1.969277695e-05
2.148462381e-05
2.336094169e-05
2.513815879e-05
2.658794256e-05
2.744821611e-05
2.055343996e-05
2.161883678e-05
2.316862245e-05
2.511543159e-05
2.733592626e-05
2.965849115e-05
3.185612953e-05
3.364736298e-05
3.470960746e-05
2.61587525e-05
2.746886872e-05
2.937278909e-05
3.176147915e-05
3.448216529e-05
3.732384693e-05
4.000908738e-05
4.219529824e-05
4.349074382e-05
3.301316892e-05
3.46059827e-05
3.691806654e-05
3.981452151e-05
4.310795264e-05
4.654180524e-05
4.97812008e-05
5.241483146e-05
5.397381514e-05
4.130173042e-05
4.321498036e-05
4.59884771e-05
4.94568962e-05
5.339277714e-05
5.748785107e-05
6.134322168e-05
6.447217644e-05
6.63220433e-05
5.120811972e-05
5.347716208e-05
5.676137905e-05
6.086022854e-05
6.550069492e-05
7.031697256e-05
7.484047004e-05
7.850394887e-05
8.066647125e-05
6.290528081e-05
6.55605857e-05
6.93972359e-05
7.417464034e-05
7.956895695e-05
8.515170933e-05
9.038028077e-05
9.460391445e-05
9.709177934e-05
7.654462726e-05
7.960910593e-05
8.402847242e-05
8.951747943e-05
9.569672953e-05
0.0001020709955
0.0001080210258
0.0001128121291
0.0001156257436
9.224447959e-05
9.573091855e-05
0.000100748272
0.0001069626207
0.0001139352785
0.0001211017415
0.0001277656239
0.0001331105505
0.0001362421252
0.000110078527
0.0001139874463
0.0001196001918
0.0001265312226
0.0001342804649
0.0001422140809
0.0001495607872
0.0001554379938
0.000158875956
0.0001300652425
0.000134383534
0.0001405695888
0.0001481848527
0.0001566678784
0.0001653203793
0.0001733115273
0.0001796896974
0.0001834148171
0.0001521594369
0.0001568602993
0.0001635785634
0.000171823588
0.0001809816242
0.0001902976667
0.0001988795993
0.0002057140699
0.0002096993415
0.0001762478454
0.0001812926558
0.0001884898653
0.0001973043486
0.0002070698658
0.0002169775538
0.0002260811693
0.0002333149739
0.0002375263464
0.0002021712001
0.0002075199415
0.000215138202
0.0002244485765
0.0002347378075
0.0002451494141
0.0002546917383
0.0002622574086
0.0002666549843
0.000229741775
0.0002353465394
0.000243316562
0.0002530362693
0.0002637515751
0.0002745663374
0.0002844534563
0.0002922755882
0.0002968151921
0.0002587304068
0.0002645364987
0.0002727797804
0.0002828119902
0.0002938454856
0.0003049535374
0.0003150843538
0.0003230826617
0.0003277176364
0.0002888721667
0.0002948201824
0.0003032521257
0.0003134935802
0.0003247315221
0.0003360183862
0.0003462887293
0.0003543812763
0.0003590643361
0.000319875595
0.0003259038981
0.0003344373351
0.0003447825954
0.0003561100075
0.000367461168
0.0003777678623
0.0003858741838
0.0003905591787
0.0003514338621
0.0003574811108
0.000366029825
0.0003763754373
0.0003876805316
0.0003989856989
0.0004092302731
0.0004172741686
0.0004219176373
0.0003832365774
0.0003892440636
0.0003977260061
0.00040797424
0.0004191523026
0.0004303090774
0.0004404008797
0.000448312712
0.0004528751423
0.0004149811972
0.0004208948314
0.0004292348124
0.0004392967349
0.0004502532492
0.0004611699953
0.0004710285728
0.0004787469772
0.0004831937231
0.0004463832002
0.0004521550382
0.0004602867631
0.0004700845107
0.0004807373999
0.0004913352324
0.0005008919141
0.0005083648995
0.000512666758
0.0004771844332
0.0004827736984
0.0004906410962
0.0005001092994
0.0005103902597
0.000520604155
0.0005298028693
0.0005369883321
0.0005411217885
0.0005071592654
0.0005125328714
0.0005200907332
0.0005291771377
0.000539032131
0.0005488112296
0.0005576086207
0.0005644743376
0.0005684215234
0.0005361184474
0.0005412510741
0.0005484650804
0.0005571304559
0.0005665194647
0.0005758266839
0.0005841916477
0.0005907148412
0.0005944632584
0.0005639107695
0.000568784562
0.0005756307996
0.000583848271
0.0005927444681
0.0006015555782
0.0006094683524
0.000615634935
0.0006191770064
0.0005904227566
0.0005950267387
0.0006014908374
0.0006092447896
0.0006176332858
0.0006259356076
0.0006333865559
0.0006391901568
0.0006425226611
0.0006155767622
0.0006199060571
0.0006259820731
0.0006332667802
0.0006411431073
0.000648933981
0.0006559221999
0.0006613630727
0.0006644865165
0.0006393278651
0.0006433828092
0.0006490719733
0.0006558900882
0.0006632585574
0.0006705437146
0.0006770755741
0.0006821594651
0.0006850774387
0.0006616599786
0.0006654452012
0.0006707546311
0.0006771156472
0.0006839876968
0.0006907796414
0.0006968673484
0.0007016043913
0.0007043229411
0.0006825815427
0.0006861050694
0.0006910465211
0.0006969652943
0.0007033579148
0.0007096743907
0.0007153346396
0.0007197383232
0.0007222653677
0.0007021211151
0.0007053935353
0.00070998225
0.000715477639
0.0007214119339
0.0007272745344
0.000732527288
0.000736613527
0.0007389583325
0.0007203231067
0.0007233568309
0.0007276105097
0.0007327041731
0.0007382040908
0.0007436370384
0.0007485044636
0.0007522907901
0.0007544635147
0.0007372438365
0.0007400524571
0.0007439903796
0.0007487057461
0.0007537969988
0.0007588261092
0.0007633316756
0.0007668365559
0.0007688478646
0.0007529480167
0.0007555457745
0.0007591880665
0.0007635494802
0.00076825865
0.0007729104778
0.0007770782173
0.0007803204919
0.0007821812419
0.0007675057239
0.0007699070769
0.0007732741192
0.0007773061529
0.0007816599747
0.0007859611309
0.0007898150477
0.0007928134862
0.0007945344766
0.0007809898697
0.0007832091562
0.000786321123
0.0007900480429
0.0007940728483
0.0007980494727
0.0008016130883
0.0008043860471
0.0008059778267
0.0007934741527
0.0007955253365
0.0007984018483
0.0008018472123
0.0008055685141
0.0008092458824
0.0008125418987
0.000815107068
0.0008165797936
0.0008050314525
0.0008069279394
0.0008095878125
0.0008127741831
0.0008162163784
0.000819618624
0.0008226686856
0.0008250429126
0.0008264062499
0.0008157326166
0.0008174871287
0.0008199482062
0.0008228969564
0.0008260831293
0.0008292330588
0.0008320575982
0.0008342567714
0.0008355198318
0.0008256455828
0.0008272700815
0.0008295491286
0.0008322803244
0.0008352321277
0.0008381511128
0.0008407692592
0.0008428082452
0.0008439795501
0.0008348347832
0.0008363404286
0.0008384530797
0.000840985421
0.0008437230181
0.0008464309484
0.0008488604936
0.0008507531103
0.0008518405768
0.0008433607737
0.000844757912
0.0008467186561
0.0008490694659
0.0008516115269
0.0008541268069
0.0008563842047
0.0008581432249
0.0008591541693
0.0008512800462
0.0008525782203
0.0008544004184
0.000856585665
0.000858949392
0.0008612889713
0.0008633893679
0.0008650265453
0.0008659676987
0.0008586449816
0.0008598529566
0.0008615488778
0.0008635832203
0.0008657843996
0.0008679638273
0.0008699211126
0.0008714472231
0.0008723247554
0.0008655039054
0.0008666297038
0.0008682105761
0.0008701074266
0.0008721604981
0.0008741939932
0.0008760208659
0.0008774457588
0.000878265309
0.0008719012173
0.0008729521616
0.0008744282317
0.0008761998284
0.0008781179655
0.0008800184975
0.000881726538
0.0008830591942
0.0008838259031
0.0008778775729
0.0008788603313
0.0008802409302
0.000881898416
0.0008836936115
0.0008854729861
0.0008870727343
0.0008883213264
0.0008890398723
0.0008834700981
0.0008843907328
0.0008856843424
0.0008872378459
0.0008889210003
0.0008905899464
0.0008920909803
0.000893262935
0.0008939375686
0.0008887126223
0.0008895766369
0.0008907909576
0.0008922496737
0.0008938306819
0.0008953989388
0.0008968099523
0.0008979120103
0.0008985465899
0.0008936359192
0.0008944483054
0.0008955903212
0.0008969625894
0.0008984504258
0.0008999268265
0.0009012557046
0.0009022939795
0.0009028920044
0.0008982679472
0.0008990332292
0.0009001092705
0.0009014026496
0.0009028054491
0.0009041980004
0.0009054518906
0.0009064319243
0.0009069965667
0.0009026340835
0.0009033563606
0.0009043721628
0.0009055935021
0.0009069186357
0.0009082345931
0.0009094199727
0.0009103467879
0.0009108809229
0.0009067573487
0.0009074403342
0.0009084010933
0.0009095565979
0.0009108107442
0.0009120566821
0.0009131794209
0.0009140575693
0.0009145638024
0.0009106586185
0.0009113056763
0.0009122160999
0.0009133113918
0.0009145006025
0.0009156824787
0.0009167478964
0.0009175815038
0.000918062197
0.0009143568216
0.0009149709999
0.0009158353537
0.0009168755282
0.0009180052883
0.0009191285034
0.000920141423
0.00092093423
0.0009213915252
0.0009178691227
0.0009184531848
0.0009192753359
0.0009202650125
0.0009213402955
0.0009224097474
0.000923374543
0.0009241299429
0.000924565783
0.0009212110915
0.0009217675433
0.0009225509993
0.0009234943685
0.0009245196865
0.0009255398191
0.0009264604606
0.0009271815333
0.0009275976821
0.0009243968566
0.0009249279721
0.0009256759164
0.0009265767816
0.0009275562312
0.0009285310796
0.0009294111719
0.0009301007147
0.0009304987744
0.0009274392453
0.0009279470899
0.0009286624138
0.0009295242302
0.0009304615328
0.0009313947636
0.0009322375831
0.0009328981386
0.0009332795656
0.0009303499124
0.0009308363632
0.0009315216947
0.0009323476033
0.0009332461426
0.00093414109
0.0009349496167
0.0009355834981
0.0009359496176
0.0009331394542
0.0009336062186
0.0009342639486
0.0009350568072
0.0009359196625
0.0009367793617
0.0009375563085
0.0009381656219
0.0009385176407
0.0009358175129
0.0009362661455
0.0009368984511
0.0009376608624
0.0009384908386
0.0009393180544
0.0009400658935
0.0009406525584
0.0009409915765
0.0009383928698
0.0009388247874
0.000939433653
0.0009401679896
0.0009409676442
0.0009417648981
0.0009424858843
0.0009430516521
0.0009433786732
0.0009408735302
0.0009412900254
0.0009418772613
0.0009425856883
0.0009433573553
0.0009441269492
0.0009448231413
0.0009453696111
0.000945685552
0.0009432667985
0.0009436690515
0.0009442363112
0.0009449208064
0.0009456666182
0.0009464106554
0.0009470839352
0.0009476125689
0.0009479182678
0.0009455793465
0.0009459684363
0.0009465172315
0.0009471796031
0.00094790151
0.0009486219145
0.0009492740036
0.0009497861391
0.000950082363
0.0009478172744
0.0009481941883
0.0009487259025
0.0009493678057
0.0009500675931
0.0009507661268
0.0009513986019
0.0009518954647
0.0009521829164
0.0009499861651
0.0009503518076
0.0009508677082
0.0009514906597
0.0009521699639
0.0009528482417
0.0009534625486
0.0009539452624
0.0009542245865
0.0009520911338
0.0009524463343
0.0009529475837
0.0009535529747
0.0009542132968
0.0009548728006
0.000955470266
0.0009559398624
0.0009562116507
0.0009541368719
0.0009544823916
0.0009549700571
0.0009555591649
0.0009562018836
0.0009568439745
0.0009574258174
0.0009578832442
0.0009581480406
0.0009561276864
0.000956464225
0.0009569392871
0.0009575132858
0.0009581396683
0.0009587655979
0.0009593329393
0.0009597790685
0.0009600373733
0.0009580675355
0.0009583957364
0.0009588590973
0.0009594190671
0.0009600302797
0.0009606411999
0.0009611950717
0.0009616307061
0.00096188298
0.0009599600605
0.0009602805162
0.0009607330067
0.0009612799424
0.0009618770593
0.0009624740313
0.0009630153844
0.0009634412639
0.0009636879316
0.0009618086145
0.000962121871
0.0009625642568
0.0009630990755
0.0009636830872
0.0009642670897
0.0009647968013
0.0009652136083
0.0009654550616
0.0009636162882
0.0009639228493
0.0009643558368
0.0009648793847
0.0009654512052
0.0009660231416
0.0009665420214
0.0009669503862
0.000967186987
0.0009653859331
0.0009656862639
0.0009661105056
0.0009666235642
0.000967184038
0.0009677447429
0.000968253539
0.0009686540442
0.0009688861268
0.0009671201826
0.0009674147129
0.0009678308118
0.0009683341037
0.0009688840114
0.0009694342565
0.0009699336611
0.0009703268454
0.0009705547194
0.0009688214706
0.0009691105982
0.0009695191121
0.0009700133058
0.0009705533698
0.0009710938695
0.0009715845232
0.0009719708854
0.0009721948373
0.000970492049
0.000970776142
0.0009711775874
0.000971663302
0.0009721941914
0.0009727256074
0.0009732081037
0.000973588106
0.0009738084013
0.0009721340028
0.0009724134024
0.000972808258
0.0009732860672
0.0009738084022
0.0009743313479
0.0009748062371
0.0009751803081
0.0009753971931
0.0009737492643
0.0009740242867
0.0009744129964
0.0009748834324
0.0009753977883
0.0009759128329
0.0009763806257
0.0009767491633
0.0009769628666
0.0009753396253
0.0009756105642
0.0009759935401
0.0009764570968
0.0009769640079
0.0009774716798
0.0009779328504
0.0009782962241
0.0009785069579
0.0009769067492
0.0009771738773
0.0009775515022
0.0009780086385
0.0009785086009
0.0009790093913
0.0009794643804
0.0009798229337
0.0009800308954
0.0009784521811
0.0009787157519
0.0009790883814
0.0009795395239
0.0009800329992
0.0009805273647
0.0009809765822
0.0009813306345
0.0009815360078
0.000979977357
0.0009802376063
0.0009806055714
0.0009810511171
0.0009815385345
0.0009820268999
0.0009824707274
0.000982820576
0.0009830235317
0.0009814836131
0.0009817407602
0.000982104369
0.0009825446873
0.0009830264465
0.0009835092076
0.0009839480002
0.000984293922
0.0009844946194
0.0009829721927
0.0009832264421
0.0009835859814
0.0009840214165
0.0009844978899
0.0009849754152
0.0009854095041
0.0009857517571
0.0009859503444
0.0009844442542
0.0009846957962
0.0009850515335
0.000985482406
0.0009859539407
0.000986426574
0.0009868562676
0.0009871950925
0.0009873917081
0.0009859008767
0.000986149889
0.0009865020735
0.0009869286827
0.0009873956022
0.0009878636639
0.0009882892501
0.0009886248713
0.0009888196443
0.0009873430666
0.0009875897147
0.0009879385791
0.0009883612039
0.0009888238103
0.0009892875994
0.0009897093469
0.0009900419737
0.0009902350245
0.0009887717623
0.0009890162009
0.0009893619621
0.000989780863
0.000990239438
0.0009906992336
0.0009911173929
0.0009914472209
0.0009916386619
0.0009901878394
0.0009904302126
0.0009907730733
0.0009911884931
0.0009916432998
0.0009920993623
0.0009925141674
0.000992841379
0.000993031315
0.0009915921145
0.000991832557
0.000992172706
0.0009925848717
0.0009930361554
0.0009934887279
0.000993900397
0.0009942251624
0.0009944136914
0.0009929853491
0.0009932239865
0.0009935616003
0.0009939707232
0.0009944187129
0.0009948680221
0.0009952767588
0.0009955992367
0.0009957864497
0.000994368253
0.0009946052023
0.0009949404452
0.0009953467227
0.0009957916316
0.0009962378885
0.0009966438824
0.0009969642205
0.0009971502026
0.0009957414865
0.0009959768567
0.0009963098817
0.0009967134972
0.0009971555239
0.0009975989249
0.0009980023522
0.0009983206877
0.0009985055178
0.0009971056628
0.0009973395552
0.0009976705044
0.0009980716282
0.0009985109567
0.0009989516839
0.0009993527078
0.000999669168
0.0009998529189
0.0009984613492
0.0009986938576
0.0009990228625
0.0009994216521
0.0009998584525
0.001000296674
0.001000695445
0.001001010147
0.001001192886
0.0009998090679
0.001000040279
0.00100036746
0.00100076406
0.001001198489
0.001001634359
0.001002031015
0.001002344066
0.001002525855
0.001001149296
0.001001379288
0.001001704757
0.0010020993
0.001002531499
0.001002965157
0.001003359823
0.00100367132
0.001003852213
0.001002482463
0.001002711308
0.001003035164
0.001003427768
0.001003857865
0.001004289437
0.001004682225
0.001004992253
0.001005172301
0.001003808953
0.001004036713
0.001004359044
0.001004749815
0.001005177922
0.001005607518
0.001005998525
0.001006307159
0.001006486402
0.001005129094
0.001005355825
0.001005676707
0.001006065735
0.001006491948
0.001006919659
0.001007308966
0.001007616268
0.001007794743
0.001006443161
0.001006668908
0.001006988404
0.001007375762
0.001007800158
0.001008226058
0.001008613728
0.001008919746
0.001009097478
0.001007751365
0.001007976163
0.00100829432
0.001008680062
0.001009102697
0.00100952684
0.001009912917
0.001010217682
0.001010394688
0.001009053847
0.001009277718
0.001009594567
0.001009978727
0.001010399634
0.001010822046
0.00101120655
0.001011510076
0.001011686361
0.001010350666
0.001010573621
0.001010889173
0.00101127176
0.001011690943
0.001012111624
0.00101249455
0.001012796827
0.001012972386
0.001011641795
0.001011863826
0.001012178068
0.001012559064
0.001012976497
0.001013395413
0.001013776725
0.00101407772
0.00101425253
0.001012927098
0.001013148181
0.001013461076
0.001013840428
0.001014256048
0.001014673129
0.001015052754
0.001015352405
0.001015526427
0.001014206325
0.001014426414
0.001014737894
0.001015115514
0.001015529215
0.001015944346
0.001016322171
0.001016620382
0.001016793557
0.001015479091
0.001015698117
0.001016008077
0.001016383834
0.001016795463
0.001017208479
0.001017584346
0.001017880983
0.00101805323
0.001016744861
0.001016962726
0.001017271026
0.001017644739
0.001018054087
0.001018464767
0.001018838462
0.001019133349
0.001019304562
0.001018002934
0.00101821951
0.001018525963
0.001018897396
0.001019304193
0.001019712253
0.001020083504
0.001020376417
0.00102054646
0.001019252423
0.001019467549
0.001019771918
0.001020140776
0.001020544684
0.001020949768
0.001021318239
0.0010216089
0.001021777606
0.001020492244
0.00102070572
0.001021007716
0.001021373634
0.00102177424
0.001022175919
0.0010225412
0.001022829276
0.001022996445
0.001021721098
0.001021932683
0.001022231958
0.001022594503
0.001022991314
0.001023389073
0.001023750681
0.001024035776
0.001024201171
0.001022937462
0.001023146871
0.001023443015
0.001023801676
0.001024194115
0.001024587357
0.001024944729
0.001025226383
0.001025389732
0.001024139578
0.001024346485
0.001024639023
0.001024993211
0.001025380616
0.001025768654
0.001026121145
0.001026398837
0.001026559827
0.00102532546
0.001025529488
0.001025817882
0.00102616693
0.00102654855
0.001026930611
0.001027277498
0.001027550642
0.001027708926
0.001026492888
0.001026693619
0.001026977268
0.001027320431
0.001027695432
0.001028070658
0.001028411142
0.001028679092
0.001028834289
0.001027639429
0.001027836402
0.001028114642
0.001028451105
0.001028818576
0.001029186034
0.001029519247
0.001029781305
0.001029933002
0.001028762455
0.001028955169
0.001029227287
0.00102955617
0.001029915131
0.001030273822
0.00103059884
0.001030854265
0.001031002024
0.001029859174
0.001030047098
0.001030312333
0.001030632707
0.001030982127
0.001031331001
0.001031646857
0.001031894876
0.001032038247
0.001030926671
0.00103110925
0.001031366814
0.001031677713
0.001032016526
0.001032354504
0.001032660208
0.001032900035
0.001033038558
0.001031961963
0.001032138629
0.001032387716
0.00103268816
0.001033015289
0.001033341289
0.001033635851
0.001033866706
0.001033999927
0.001032962055
0.001033132242
0.00103337205
0.00103366107
0.001033975453
0.001034288412
0.001034570872
0.001034792
0.001034919484
0.001033924016
0.001034087173
0.001034316926
0.001034593586
0.001034894208
0.001035193119
0.001035462573
0.00103567327
0.001035794615
0.001034845051
0.001035000659
0.00103521963
0.001035483058
0.001035768982
0.001036052924
0.001036308552
0.00103650819
0.00103662304
0.001035722586
0.001035870174
0.001036077705
0.001036327125
0.001036597522
0.001036865692
0.001037106794
0.001037294841
0.001037402901
0.001036554343
0.001036693504
0.001036889035
0.001037123789
0.001037377972
0.001037629717
0.001037855733
0.001038031776
0.001038132821
0.001037338418
0.001037468826
0.001037651913
0.001037871491
0.001038108938
0.001038343778
0.001038554313
0.001038718075
0.001038811962
0.00103807335
0.001038194771
0.001038365102
0.001038569159
0.001038789537
0.001039007184
0.001039202023
0.001039353371
0.001039440042
0.001038758169
0.001038870473
0.001039027883
0.001039216254
0.001039419425
0.001039619794
0.001039798909
0.001039937856
0.001040017338
0.001039392438
0.001039495597
0.001039640072
0.001039812774
0.001039998806
0.001040182015
0.001040345559
0.001040472266
0.001040544671
0.001039976255
0.001040070351
0.001040202027
0.001040359259
0.001040528413
0.001040694773
0.001040843075
0.001040957833
0.001041023348
0.001040510256
0.001040595472
0.001040714625
0.001040856756
0.001041009474
0.00104115947
0.001041293009
0.001041396222
0.001041455097
0.001040995579
0.00104107219
0.001041179227
0.001041306772
0.001041443651
0.001041577914
0.00104169729
0.001041789449
0.001041841975
0.001041433821
0.00104150218
0.001041597614
0.001041711215
0.001041832978
0.001041952253
0.001042058157
0.001042139799
0.001042186287
0.001041826963
0.001041887489
0.00104197192
0.001042072317
0.001042179793
0.001042284919
0.001042378148
0.00104244997
0.001042490851
0.001042177299
0.001042230462
0.001042304563
0.001042392577
0.001042486704
0.001042578699
0.001042660224
0.001042723
0.001042758729
0.001042487358
0.001042533676
0.001042598205
0.001042674813
0.001042756687
0.001042836657
0.001042907491
0.001042962019
0.001042993055
0.001042760002
0.001042800073
0.001042855881
0.001042922107
0.001042992851
0.001043061919
0.001043123076
0.001043170148
0.001043196947
0.001042998349
0.001043032779
0.001043080717
0.001043137585
0.001043198311
0.00104325758
0.00104331005
0.001043350437
0.001043373437
0.001043205545
0.001043234926
0.001043275824
0.00104332433
0.001043376114
0.001043426645
0.001043471378
0.001043505816
0.001043525438
0.001043384678
0.001043409575
0.001043444229
0.001043485322
0.001043529186
0.001043571989
0.001043609885
0.001043639071
0.001043655712
0.001043538717
0.001043559666
0.001043588823
0.001043623398
0.001043660308
0.001043696331
0.001043728236
0.001043752823
0.001043766855
0.00104367048
0.00104368798
0.001043712341
0.001043741234
0.001043772087
0.001043802215
0.001043828918
0.001043849517
0.001043861287
0.001043782607
0.001043797124
0.001043817336
0.001043841321
0.001043866951
0.001043892004
0.00104391424
0.001043931422
0.00104394126
0.001043877554
0.001043889512
0.001043906172
0.001043925959
0.001043947133
0.001043967867
0.001043986317
0.001044000626
0.001044008863
0.001043957579
0.001043967365
0.001043981014
0.00104399725
0.001044014662
0.001044031763
0.001044047045
0.001044058924
0.001044065755
0.001044024743
0.001044032706
0.00104404383
0.001044057095
0.001044071364
0.001044085427
0.001044097991
0.00104410775
0.001044113368
0.001044080915
0.001044087364
0.001044096393
0.001044107196
0.00104411882
0.001044130257
0.00104414048
0.001044148426
0.001044153001
0.001044127782
0.001044132983
0.001044140259
0.001044148951
0.001044158297
0.001044167502
0.00104417573
0.001044182132
0.001044185822
0.001044166726
0.001044170853
0.001044176624
0.001044183523
0.00104419095
0.001044198269
0.001044204819
0.001044209923
0.001044212872
0.001044198847
0.001044202071
0.001044206586
0.001044211984
0.001044217805
0.001044223551
0.001044228704
0.001044232732
0.001044235065
0.001044225172
0.001044227647
0.001044231118
0.001044235276
0.001044239771
0.001044244222
0.001044248228
0.001044251371
0.001044253201
0.001044246603
0.001044248466
0.001044251085
0.001044254233
0.001044257649
0.001044261047
0.001044264122
0.001044266548
0.001044267969
0.001044263943
0.001044265313
0.001044267247
0.001044269583
0.001044272133
0.001044274687
0.001044277016
0.001044278868
0.001044279962
0.001044277889
0.00104427887
0.001044280262
0.001044281956
0.001044283822
0.00104428571
0.00104428745
0.00104428885
0.001044289688
0.001044289049
0.001044289727
0.001044290698
0.001044291893
0.001044293228
0.0010442946
0.001044295885
0.001044296938
0.001044297578
0.001044297938
0.001044298386
0.001044299038
0.001044299855
0.001044300788
0.001044301771
0.001044302714
0.001044303507
0.001044304001
0.001044304997
0.001044305276
0.001044305692
0.001044306232
0.001044306872
0.001044307572
0.00104430827
0.001044308878
0.001044309268
0.001044310596
0.001044310755
0.001044311007
0.001044311354
0.001044311792
0.001044312301
0.001044312835
0.001044313319
0.001044313642
0.001044315047
0.001044315129
0.001044315276
0.001044315502
0.001044315815
0.001044316207
0.001044316644
0.00104431706
0.001044317347
0.001044318613
0.001044318654
0.001044318745
0.001044318909
0.001044319161
0.001044319501
0.001044319899
0.001044320291
0.001044320566
0.001044321516
0.001044321545
0.001044321622
0.001044321773
0.001044322018
0.001044322358
0.001044322766
0.001044323169
0.001044323453
0.00104432394
0.001044323982
0.001044324078
0.001044324258
0.001044324542
0.001044324928
0.001044325383
0.001044325829
0.001044326139
0.001044326039
0.001044326114
0.001044326259
0.001044326504
0.001044326864
0.001044327332
0.001044327868
0.001044328382
0.001044328735
0.001044327943
0.001044328068
0.001044328288
0.001044328625
0.001044329092
0.001044329674
0.00104433032
0.001044330928
0.001044331339
0.00104432976
0.001044329949
0.001044330262
0.001044330717
0.001044331318
0.001044332043
0.001044332826
0.001044333551
0.001044334034
0.001044331576
0.001044331842
0.001044332266
0.00104433286
0.00104433362
0.001044334513
0.001044335461
0.001044336323
0.001044336892
0.001044333466
0.001044333819
0.00104433437
0.001044335123
0.001044336065
0.001044337152
0.001044338287
0.001044339307
0.001044339973
0.00104433549
0.001044335941
0.001044336634
0.001044337565
0.001044338712
0.001044340015
0.001044341359
0.001044342555
0.00104434333
0.001044337704
0.001044338262
0.00104433911
0.001044340237
0.001044341608
0.001044343149
0.001044344722
0.001044346111
0.001044347006
0.001044340152
0.001044340827
0.001044341844
0.001044343183
0.001044344797
0.001044346594
0.001044348415
0.001044350013
0.001044351036
0.001044342875
0.001044343675
0.001044344872
0.001044346437
0.001044348311
0.001044350383
0.001044352469
0.00104435429
0.00104435545
0.001044345906
0.001044346837
0.001044348226
0.001044350031
0.00104435218
0.001044354542
0.001044356909
0.001044358965
0.001044360269
0.001044349271
0.001044350341
0.00104435193
0.001044353988
0.001044356426
0.001044359093
0.001044361753
0.001044364053
0.001044365508
0.001044352992
0.001044354207
0.001044356006
0.001044358327
0.001044361065
0.001044364049
0.001044367013
0.001044369566
0.001044371175
0.001044357088
0.001044358452
0.001044360469
0.001044363061
0.001044366109
0.001044369419
0.001044372694
0.001044375506
0.001044377272
0.001044361569
0.001044363088
0.001044365328
0.001044368199
0.001044371564
0.001044375206
0.001044378797
0.00104438187
0.001044383794
0.001044366446
0.001044368122
0.00104437059
0.001044373745
0.001044377431
0.001044381407
0.001044385316
0.00104438865
0.001044390732
0.001044371723
0.001044373558
0.001044376255
0.001044379696
0.001044383705
0.001044388016
0.001044392241
0.001044395833
0.00104439807
0.001044377399
0.001044379394
0.001044382322
0.001044386048
0.001044390377
0.00104439502
0.001044399555
0.001044403401
0.001044405789
0.00104438347
0.001044385625
0.001044388781
0.001044392789
0.001044397434
0.001044402401
0.001044407239
0.00104441133
0.001044413863
0.001044389929
0.00104439224
0.00104439562
0.001044399905
0.001044404857
0.001044410139
0.001044415269
0.001044419594
0.001044422266
0.001044396761
0.001044399226
0.001044402825
0.001044407377
0.001044412626
0.001044418209
0.001044423617
0.001044428163
0.001044430965
0.001044403952
0.001044406565
0.001044410374
0.001044415183
0.001044420716
0.001044426584
0.001044432253
0.001044437006
0.001044439928
0.001044411481
0.001044414236
0.001044418246
0.001044423298
0.001044429098
0.001044435233
0.001044441144
0.001044446087
0.001044449119
0.001044419327
0.001044422215
0.001044426414
0.001044431695
0.001044437742
0.001044444124
0.001044450256
0.00104445537
0.001044458499
0.001044427463
0.001044430476
0.001044434851
0.001044440343
0.001044446618
0.001044453223
0.001044459552
0.001044464818
0.001044468032
0.001044435863
0.001044438991
0.001044443527
0.00104444921
0.00104445569
0.001044462494
0.001044468997
0.001044474393
0.001044477679
0.001044444496
0.001044447728
0.00104445241
0.001044458264
0.001044464925
0.001044471901
0.001044478552
0.001044484056
0.001044487401
0.001044453332
0.001044456657
0.001044461467
0.001044467471
0.001044474287
0.001044481409
0.00104448818
0.001044493771
0.00104449716
0.001044462339
0.001044465745
0.001044470665
0.001044476796
0.001044483741
0.001044490981
0.001044497846
0.0010445035
0.00104450692
0.001044471484
0.001044474958
0.00104447997
0.001044486205
0.001044493253
0.001044500581
0.001044507514
0.001044513209
0.001044516647
0.001044480734
0.001044484264
0.001044489349
0.001044495664
0.001044502788
0.001044510178
0.001044517151
0.001044522865
0.001044526307
0.001044490057
0.001044493629
0.001044498769
0.001044505141
0.001044512313
0.001044519736
0.001044526724
0.001044532436
0.00104453587
0.00104449942
0.001044503022
0.001044508198
0.001044514603
0.001044521798
0.001044529227
0.001044536205
0.001044541895
0.001044545308
0.001044508792
0.001044512411
0.001044517604
0.001044524019
0.001044531212
0.001044538622
0.001044545565
0.001044551215
0.001044554598
0.001044518143
0.001044521765
0.001044526958
0.001044533362
0.001044540528
0.001044547896
0.001044554782
0.001044560374
0.001044563716
0.001044527443
0.001044531057
0.001044536232
0.001044542605
0.001044549722
0.001044557024
0.001044563834
0.001044569352
0.001044572644
0.001044536665
0.00104454026
0.001044545402
0.001044551723
0.00104455877
0.001044565986
0.001044572701
0.001044578132
0.001044581366
0.001044545785
0.00104454935
0.001044554443
0.001044560695
0.001044567653
0.001044574764
0.001044581368
0.001044586698
0.001044589867
0.001044554778
0.001044558304
0.001044563334
0.001044569502
0.001044576353
0.001044583342
0.00104458982
0.00104459504
0.001044598138
0.001044563625
0.001044567101
0.001044572057
0.001044578125
0.001044584855
0.001044591707
0.001044598048
0.001044603147
0.001044606169
0.001044572305
0.001044575725
0.001044580595
0.001044586551
0.001044593146
0.001044599849
0.001044606041
0.001044611012
0.001044613954
0.001044580804
0.00104458416
0.001044588935
0.001044594767
0.001044601216
0.001044607759
0.001044613794
0.001044618631
0.00104462149
0.001044589106
0.001044592392
0.001044597064
0.001044602763
0.001044609056
0.001044615431
0.001044621302
0.001044626
0.001044628774
0.001044597201
0.001044600412
0.001044604973
0.001044610531
0.00104461666
0.00104462286
0.001044628561
0.001044633117
0.001044635804
0.001044605078
0.00104460821
0.001044612655
0.001044618065
0.001044624023
0.001044630043
0.00104463557
0.001044639981
0.00104464258
0.00104461273
0.001044615778
0.001044620102
0.001044625359
0.001044631142
0.001044636977
0.001044642327
0.001044646592
0.001044649101
0.001044620149
0.001044623111
0.001044627309
0.001044632409
0.001044638013
0.00104464366
0.00104464883
0.001044652946
0.001044655365
0.00104462733
0.001044630203
0.001044634272
0.001044639211
0.001044644631
0.001044650086
0.001044655074
0.001044659039
0.001044661367
0.001044634266
0.001044637048
0.001044640984
0.001044645757
0.001044650989
0.001044656248
0.001044661048
0.001044664859
0.001044667093
0.001044640947
0.001044643634
0.001044647434
0.001044652036
0.001044657073
0.001044662127
0.001044666733
0.001044670382
0.001044672517
0.001044647353
0.001044649941
0.001044653598
0.00104465802
0.001044662853
0.001044667691
0.001044672088
0.001044675562
0.001044677588
0.001044653439
0.001044655923
0.001044659427
0.001044663657
0.001044668268
0.00104467287
0.001044677036
0.001044680313
0.001044682215
0.001044659095
0.001044661466
0.001044664805
0.001044668826
0.001044673192
0.001044677529
0.001044681433
0.00104468448
0.001044686235
0.001044664036
0.001044666288
0.001044669452
0.001044673248
0.00104467735
0.001044681398
0.001044685008
0.001044687796
0.001044689379
0.001044667516
0.001044669662
0.00104467267
0.001044676266
0.001044680132
0.001044683919
0.001044687263
0.001044689809
0.001044691226
5.896991344e-22
2.208395928e-21
4.926295216e-21
9.334070561e-21
1.647404604e-20
2.814719892e-20
4.748269335e-20
7.988886498e-20
1.347293305e-19
2.282161402e-19
3.8844611e-19
6.641500584e-19
1.139901505e-18
1.9625205e-18
3.386817271e-18
5.854746088e-18
1.013252067e-17
1.754888768e-17
3.040909949e-17
5.271380812e-17
9.14073103e-17
1.585452058e-16
2.750592846e-16
4.772970992e-16
8.283813665e-16
1.437937843e-15
2.496352739e-15
4.334240347e-15
7.525580022e-15
1.30663989e-14
2.268384601e-14
3.936967223e-14
6.829855473e-14
1.184035864e-13
2.050683447e-13
3.547052426e-13
6.124998456e-13
1.05543071e-12
1.814009857e-12
3.108311984e-12
5.307188292e-12
9.024694732e-12
1.527554263e-11
2.572292747e-11
4.306886114e-11
7.166093409e-11
1.184224764e-10
1.942580977e-10
3.161470755e-10
5.102178486e-10
8.162048419e-10
1.29383394e-09
2.031878216e-09
3.160881696e-09
4.870710459e-09
7.434853914e-09
1.124398011e-08
1.685178048e-08
2.50372751e-08
3.688868755e-08
5.391478167e-08
7.819045399e-08
1.125466528e-07
1.608220743e-07
2.281972782e-07
3.216262935e-07
4.503818819e-07
6.267356405e-07
8.667967185e-07
1.191527228e-06
1.627947478e-06
2.210534761e-06
2.982805364e-06
3.999048955e-06
5.326155581e-06
7.045436389e-06
9.25429066e-06
1.206752118e-05
1.561786573e-05
2.005542003e-05
2.554599204e-05
3.22676872e-05
4.040557766e-05
5.014436996e-05
6.165920046e-05
7.510493403e-05
9.060456865e-05
0.0001082375186
0.0001280286878
0.0001499394882
0.0001738628536
0.0001996400401
0.0002270869488
0.0002559776834
0.0002860496529
0.0003170125713
0.0003485595751
0.0003803791106
0.0004121665054
0.0004436343603
0.0004745211348
0.0005045975425
0.0005336706261
0.0005615855992
0.0005882256819
0.00061351029
0.0006373919862
0.000659852607
0.0006808989457
0.0007005583138
0.0007188742337
0.0007359024443
0.0007517073355
0.0007663588703
0.0007799300098
0.0007924946256
0.0008041258598
0.000814894883
0.0008248699945
0.0008341160076
0.0008426938658
0.0008506604444
0.0008580684958
0.0008649667002
0.0008713997916
0.0008774087383
0.0008830309558
0.0008883005407
0.0008932485114
0.0008979030498
0.0009022897365
0.0009064317765
0.0009103502127
0.0009140641247
0.0009175908138
0.0009209459725
0.0009241438403
0.0009271973447
0.0009301182301
0.0009329171741
0.000935603892
0.0009381872311
0.000940675256
0.0009430753249
0.0009453941579
0.000947637899
0.0009498121709
0.0009519221247
0.0009539724842
0.0009559675859
0.0009579114148
0.0009598076368
0.0009616596269
0.0009634704962
0.0009652431146
0.0009669801323
0.0009686839987
0.0009703569798
0.0009720011734
0.0009736185236
0.0009752108332
0.0009767797756
0.0009783269049
0.0009798536658
0.0009813614021
0.0009828513644
0.0009843247176
0.0009857825472
0.0009872258651
0.0009886556151
0.0009900726777
0.0009914778739
0.0009928719699
0.0009942556791
0.000995629666
0.0009969945474
0.000998350894
0.0009996992318
0.001001040041
0.001002373756
0.001003700762
0.001005021394
0.00100633593
0.001007644586
0.001008947508
0.001010244763
0.00101153633
0.001012822083
0.00101410178
0.001015375049
0.001016641367
0.001017900046
0.001019150219
0.001020390817
0.001021620561
0.001022837947
0.001024041241
0.001025228475
0.001026397454
0.001027545764
0.001028670795
0.001029769769
0.001030839785
0.001031877863
0.001032881012
0.001033846291
0.001034770894
0.001035652221
0.001036487966
0.001037276188
0.00103801538
0.001038704528
0.00103934314
0.001039931267
0.001040469495
0.001040958919
0.001041401094
0.001041797973
0.001042151825
0.001042465157
0.00104274079
0.001042981839
0.001043191456
0.001043372738
0.00104352867
0.001043662086
0.001043775647
0.001043871823
0.001043952891
0.001044020931
0.001044077831
0.001044125295
0.001044164752
0.001044197305
0.001044223989
0.001044245715
0.00104426329
0.001044277424
0.001044288729
0.001044297728
0.001044304868
0.001044310524
0.001044315013
0.0010443186
0.001044321509
0.001044323928
0.001044326012
0.001044327892
0.001044329678
0.001044331459
0.001044333307
0.001044335286
0.00104433745
0.001044339844
0.001044342508
0.001044345477
0.001044348777
0.001044352431
0.001044356456
0.001044360865
0.001044365668
0.00104437087
0.001044376471
0.001044382467
0.001044388852
0.001044395612
0.001044402732
0.001044410195
0.001044417977
0.001044426053
0.001044434398
0.001044442981
0.001044451772
0.00104446074
0.001044469851
0.001044479074
0.001044488376
0.001044497724
0.001044507088
0.001044516435
0.001044525738
0.001044534968
0.001044544101
0.001044553112
0.00104456198
0.001044570687
0.001044579214
0.001044587549
0.001044595679
0.001044603593
0.001044611283
0.001044618743
0.001044625966
0.001044632945
0.00104463967
0.001044646123
0.001044652258
0.001044657966
0.001044662963
0.001044666492
)
;

boundaryField
{
    outlet
    {
        type            inletOutlet;
        inletValue      uniform 0;
        value           nonuniform List<scalar> 10(0.001044667516 0.001044669662 0.00104467267 0.001044676266 0.001044680132 0.001044683919 0.001044687263 0.001044689809 0.001044691226 0.001044666492);
    }
    inlet
    {
        type            fixedValue;
        value           uniform 0;
    }
    front
    {
        type            wedge;
    }
    wall
    {
        type            zeroGradient;
    }
    back
    {
        type            wedge;
    }
}


// ************************************************************************* //
