/*--------------------------------*- C++ -*----------------------------------*\
| =========                 |                                                 |
| \\      /  F ield         | OpenFOAM: The Open Source CFD Toolbox           |
|  \\    /   O peration     | Version:  2212                                  |
|   \\  /    A nd           | Website:  www.openfoam.com                      |
|    \\/     M anipulation  |                                                 |
\*---------------------------------------------------------------------------*/
FoamFile
{
    version     2.0;
    format      ascii;
    arch        "LSB;label=32;scalar=64";
    class       volScalarField;
    location    "20.00000000";
    object      CH3COCH3;
}
// * * * * * * * * * * * * * * * * * * * * * * * * * * * * * * * * * * * * * //

dimensions      [0 0 0 0 0 0 0];

internalField   nonuniform List<scalar> 
3000
(
0.01368422948
0.01368422948
0.01368422948
0.01368422948
0.01368422948
0.01368422948
0.01368422948
0.01368422948
0.01368422948
0.01368422948
0.01368422948
0.01368422948
0.01368422948
0.01368422948
0.01368422948
0.01368422948
0.01368422948
0.01368422948
0.01368422948
0.01368422948
0.01368422948
0.01368422948
0.01368422948
0.01368422948
0.01368422948
0.01368422948
0.01368422948
0.01368422948
0.01368422948
0.01368422948
0.01368422948
0.01368422948
0.01368422948
0.01368422948
0.01368422948
0.01368422948
0.01368422948
0.01368422948
0.01368422948
0.01368422948
0.01368422948
0.01368422948
0.01368422948
0.01368422948
0.01368422948
0.01368422948
0.01368422948
0.01368422948
0.01368422948
0.01368422948
0.01368422948
0.01368422948
0.01368422948
0.01368422948
0.01368422948
0.01368422948
0.01368422948
0.01368422948
0.01368422948
0.01368422948
0.01368422948
0.01368422948
0.01368422948
0.01368422948
0.01368422948
0.01368422948
0.01368422948
0.01368422948
0.01368422948
0.01368422948
0.01368422948
0.01368422948
0.01368422948
0.01368422948
0.01368422948
0.01368422948
0.01368422948
0.01368422948
0.01368422948
0.01368422948
0.01368422948
0.01368422948
0.01368422948
0.01368422948
0.01368422948
0.01368422948
0.01368422948
0.01368422948
0.01368422948
0.01368422948
0.01368422948
0.01368422948
0.01368422948
0.01368422948
0.01368422948
0.01368422948
0.01368422948
0.01368422948
0.01368422948
0.01368422948
0.01368422948
0.01368422948
0.01368422948
0.01368422948
0.01368422948
0.01368422948
0.01368422948
0.01368422948
0.01368422948
0.01368422948
0.01368422948
0.01368422948
0.01368422948
0.01368422948
0.01368422948
0.01368422948
0.01368422948
0.01368422948
0.01368422948
0.01368422948
0.01368422948
0.01368422948
0.01368422948
0.01368422948
0.01368422948
0.01368422948
0.01368422948
0.01368422948
0.01368422948
0.01368422948
0.01368422948
0.01368422948
0.01368422948
0.01368422948
0.01368422948
0.01368422948
0.01368422948
0.01368422948
0.01368422948
0.01368422948
0.01368422948
0.01368422948
0.01368422948
0.01368422948
0.01368422948
0.01368422948
0.01368422948
0.01368422948
0.01368422948
0.01368422948
0.01368422948
0.01368422948
0.01368422948
0.01368422948
0.01368422948
0.01368422948
0.01368422948
0.01368422948
0.01368422948
0.01368422948
0.01368422948
0.01368422948
0.01368422948
0.01368422948
0.01368422948
0.01368422948
0.01368422948
0.01368422948
0.01368422948
0.01368422948
0.01368422948
0.01368422948
0.01368422948
0.01368422948
0.01368422948
0.01368422948
0.01368422948
0.01368422948
0.01368422948
0.01368422948
0.01368422948
0.01368422948
0.01368422948
0.01368422948
0.01368422948
0.01368422948
0.01368422948
0.01368422948
0.01368422948
0.01368422948
0.01368422948
0.01368422948
0.01368422948
0.01368422948
0.01368422948
0.01368422948
0.01368422948
0.01368422948
0.01368422948
0.01368422948
0.01368422948
0.01368422948
0.01368422948
0.01368422948
0.01368422948
0.01368422948
0.01368422948
0.01368422948
0.01368422948
0.01368422948
0.01368422948
0.01368422948
0.01368422948
0.01368422948
0.01368422948
0.01368422948
0.01368422948
0.01368422948
0.01368422948
0.01368422948
0.01368422948
0.01368422948
0.01368422948
0.01368422948
0.01368422948
0.01368422948
0.01368422948
0.01368422948
0.01368422948
0.01368422948
0.01368422948
0.01368422948
0.01368422948
0.01368422948
0.01368422948
0.01368422948
0.01368422948
0.01368422948
0.01368422948
0.01368422948
0.01368422947
0.01368422947
0.01368422947
0.01368422948
0.01368422948
0.01368422948
0.01368422948
0.01368422947
0.01368422947
0.01368422947
0.01368422947
0.01368422947
0.01368422948
0.01368422948
0.01368422947
0.01368422947
0.01368422947
0.01368422947
0.01368422947
0.01368422947
0.01368422947
0.01368422947
0.01368422947
0.01368422947
0.01368422947
0.01368422947
0.01368422947
0.01368422947
0.01368422947
0.01368422947
0.01368422947
0.01368422947
0.01368422947
0.01368422947
0.01368422947
0.01368422947
0.01368422946
0.01368422946
0.01368422946
0.01368422947
0.01368422947
0.01368422947
0.01368422947
0.01368422946
0.01368422946
0.01368422945
0.01368422945
0.01368422945
0.01368422947
0.01368422947
0.01368422946
0.01368422946
0.01368422945
0.01368422945
0.01368422944
0.01368422943
0.01368422943
0.01368422946
0.01368422946
0.01368422946
0.01368422945
0.01368422944
0.01368422943
0.01368422941
0.0136842294
0.01368422939
0.01368422946
0.01368422945
0.01368422944
0.01368422943
0.01368422941
0.01368422939
0.01368422937
0.01368422934
0.01368422933
0.01368422944
0.01368422943
0.01368422942
0.0136842294
0.01368422937
0.01368422933
0.01368422929
0.01368422925
0.01368422922
0.01368422942
0.0136842294
0.01368422938
0.01368422934
0.01368422929
0.01368422923
0.01368422916
0.01368422909
0.01368422905
0.01368422937
0.01368422935
0.0136842293
0.01368422924
0.01368422916
0.01368422905
0.01368422893
0.01368422882
0.01368422875
0.0136842293
0.01368422926
0.01368422918
0.01368422907
0.01368422893
0.01368422875
0.01368422856
0.01368422838
0.01368422826
0.01368422917
0.0136842291
0.01368422897
0.01368422879
0.01368422855
0.01368422826
0.01368422794
0.01368422764
0.01368422744
0.01368422896
0.01368422883
0.01368422862
0.01368422832
0.01368422792
0.01368422744
0.01368422691
0.01368422643
0.01368422611
0.0136842286
0.01368422839
0.01368422804
0.01368422754
0.01368422688
0.01368422609
0.01368422524
0.01368422447
0.01368422397
0.013684228
0.01368422764
0.01368422707
0.01368422625
0.01368422518
0.0136842239
0.01368422254
0.01368422132
0.01368422053
0.01368422699
0.01368422641
0.01368422546
0.01368422413
0.01368422241
0.01368422038
0.01368421823
0.01368421632
0.01368421509
0.01368422533
0.01368422437
0.01368422285
0.01368422071
0.01368421797
0.01368421477
0.01368421142
0.01368420846
0.01368420659
0.0136842226
0.01368422106
0.01368421861
0.01368421522
0.01368421091
0.01368420593
0.01368420078
0.01368419625
0.01368419342
0.01368421815
0.01368421569
0.01368421183
0.01368420651
0.01368419982
0.01368419216
0.01368418432
0.01368417749
0.01368417323
0.01368421097
0.0136842071
0.01368420107
0.01368419282
0.01368418257
0.01368417094
0.01368415913
0.01368414893
0.01368414262
0.01368419948
0.01368419347
0.01368418416
0.01368417155
0.01368415601
0.01368413854
0.01368412096
0.01368410589
0.01368409662
0.01368418127
0.01368417206
0.01368415788
0.01368413882
0.01368411554
0.01368408959
0.01368406367
0.01368404161
0.01368402812
0.0136841527
0.01368413876
0.01368411741
0.01368408895
0.01368405445
0.0136840163
0.01368397846
0.01368394646
0.01368392697
0.01368410834
0.01368408748
0.01368405572
0.01368401368
0.0136839631
0.01368390755
0.0136838528
0.01368380674
0.0136837788
0.01368404016
0.0136840093
0.01368396259
0.01368390113
0.01368382769
0.01368374754
0.01368366897
0.01368360316
0.01368356338
0.01368393642
0.01368389128
0.0136838233
0.01368373436
0.0136836287
0.013683514
0.01368340208
0.01368330868
0.01368325239
0.01368378017
0.01368371485
0.01368361689
0.01368348938
0.01368333864
0.01368317577
0.01368301744
0.01368288572
0.01368280649
0.01368354722
0.01368345362
0.01368331377
0.01368313253
0.01368291919
0.01368268958
0.01368246709
0.01368228242
0.01368217154
0.01368320331
0.01368307041
0.0136828725
0.01368261697
0.01368231731
0.01368199586
0.01368168525
0.013681428
0.01368127376
0.01368270039
0.01368251332
0.01368223554
0.01368187805
0.01368146018
0.01368101326
0.01368058254
0.01368022658
0.01368001353
0.0136819717
0.01368171051
0.01368132364
0.01368082719
0.01368024861
0.01367963157
0.01367903841
0.0136785493
0.01367825702
0.01368092523
0.01368056337
0.01368002859
0.01367934416
0.01367854874
0.01367770276
0.01367689151
0.01367622389
0.01367582546
0.01367943551
0.01367893793
0.01367820412
0.01367726729
0.01367618143
0.01367502945
0.01367392714
0.01367302145
0.01367248151
0.01367733324
0.01367665413
0.01367565451
0.01367438127
0.01367290898
0.01367135039
0.01366986161
0.01366863996
0.01366791222
0.01367439286
0.01367347272
0.01367212061
0.01367040185
0.01366841832
0.01366632221
0.01366432282
0.01366268382
0.01366170806
0.01367031707
0.01366907902
0.01366726235
0.01366495686
0.01366230056
0.01365949751
0.0136568268
0.01365463919
0.01365333733
0.01366471794
0.01366306309
0.01366063766
0.01365756381
0.01365402693
0.01365029894
0.01364675006
0.0136438447
0.01364211607
0.01365709475
0.01365489675
0.0136516784
0.01364760419
0.01364292131
0.01363798978
0.01363329807
0.01362945827
0.01362717367
0.01364680936
0.01364390825
0.01363966379
0.01363429547
0.01362813029
0.01362164191
0.01361547129
0.0136104214
0.01360741612
0.01363306021
0.01362925549
0.01362369265
0.01361666191
0.01360859257
0.01360010362
0.01359203134
0.01358542388
0.01358148984
0.0136148561
0.01360989945
0.01360265626
0.01359350687
0.01358301048
0.01357197048
0.01356147127
0.01355287367
0.01354775125
0.01359099174
0.01358457993
0.01357521442
0.0135633894
0.01354982754
0.01353556399
0.01352199549
0.01351087803
0.01350424876
0.01356002758
0.01355179635
0.01353977797
0.01352460915
0.01350721634
0.01348892316
0.01347151542
0.01345724276
0.01344872431
0.01352027636
0.01350979651
0.01349450088
0.01347520309
0.01345308133
0.01342981431
0.01340766646
0.01338949559
0.01337864042
0.01346979915
0.0134565761
0.01343728515
0.01341295783
0.01338508016
0.01335576285
0.01332785055
0.0133049377
0.01329123737
0.01340641359
0.01338989173
0.01336580123
0.01333543974
0.013300666
0.01326410922
0.01322930591
0.01320072847
0.01318363333
0.0133277167
0.01330728973
0.01327752572
0.01324004442
0.01319715064
0.0131520866
0.01310920362
0.01307400061
0.01305293961
0.01323112517
0.01320615306
0.01316979792
0.01312406548
0.01307178679
0.01301692468
0.01296476957
0.01292198427
0.01289639368
0.01311393533
0.01308376784
0.01303989521
0.01298478149
0.01292187873
0.01285597247
0.01279340843
0.01274214217
0.01271149887
0.01297340292
0.01293740994
0.0128851353
0.01281957979
0.01274490496
0.01266682093
0.01259283582
0.01253230544
0.01249616179
0.0128068612
0.01276447388
0.01270300636
0.01262607536
0.01253864149
0.0124474328
0.01236120862
0.01229080273
0.01224882001
0.01261185461
0.01256259785
0.01249128978
0.01240224036
0.01230129217
0.01219626976
0.01209724707
0.0120165764
0.01196855394
0.01238627008
0.01232979855
0.01224819597
0.01214653631
0.01203161474
0.01191240983
0.01180034198
0.0117092801
0.01165517783
0.01212847899
0.01206460958
0.01197249688
0.01185803807
0.01172903356
0.01159564693
0.0114706406
0.01136935234
0.01130930557
0.01183747114
0.01176620918
0.01166364419
0.0115365394
0.01139373019
0.01124656518
0.01110910521
0.01099806225
0.01093238874
0.01151296881
0.01143452571
0.01132186228
0.01118263008
0.01102670256
0.01086658012
0.01071753853
0.01059752391
0.01052672594
0.01115551023
0.01107031074
0.0109482062
0.01079773531
0.01062978399
0.01045793767
0.01029856678
0.01017067188
0.01009544604
0.0107664946
0.01067517216
0.01054457762
0.01038411008
0.01020561279
0.01002365783
0.009855558508
0.009721158978
0.009642383178
0.01034818466
0.01025156414
0.01011369629
0.009944786675
0.009757550154
0.009567416132
0.009392462711
0.009253148921
0.009171720607
0.009903667037
0.009802735279
0.009659030506
0.009483482545
0.009289559963
0.00909338492
0.008913597206
0.008770854028
0.008687604115
0.00943677321
0.009332638349
0.009184691403
0.009004477045
0.008806071651
0.008606064225
0.008423283345
0.008278543692
0.008194309257
0.008951962821
0.008845801752
0.008695286794
0.008512439343
0.008311679209
0.008109840248
0.007925881371
0.007780574395
0.007696186498
0.008454165883
0.008347158678
0.008195683658
0.008012030593
0.007810874118
0.007609161312
0.007425798303
0.007281316066
0.00719757897
0.007948308867
0.007841490247
0.007690506176
0.007507804488
0.00730815476
0.007108457157
0.006927387467
0.00678505069
0.006702720999
0.007439089492
0.007333454518
0.007184357759
0.007004283028
0.006807945871
0.006612039373
0.006434842078
0.00629586661
0.00621563424
0.006931160568
0.006827646893
0.006681746621
0.006505855879
0.006314493862
0.006123995704
0.005952092089
0.005817559768
0.00574003227
0.006429031827
0.00632849518
0.006186978366
0.006016670282
0.005831760826
0.005648090757
0.00548271256
0.005353549068
0.005279240337
0.005936951885
0.005840143788
0.005704045238
0.005540526983
0.005363329818
0.005187681754
0.005029849515
0.004906810454
0.004836134274
0.005458795975
0.005366347101
0.005236527936
0.005080792434
0.004912328823
0.004745654489
0.004596166756
0.004479832141
0.004413100492
0.00499797246
0.004910382811
0.004787518557
0.00464033319
0.004481377469
0.004324382007
0.004183814974
0.00407459155
0.004012017211
0.004557354722
0.004474990682
0.004359568845
0.004221475223
0.00407255787
0.003925706332
0.003794422686
0.003692552958
0.003634255714
0.004139241052
0.0040623387
0.003954664858
0.003825988333
0.00368740895
0.003550941878
0.003429107103
0.003334683594
0.003280699132
0.003745342296
0.003674015956
0.003574226851
0.00345509389
0.003326941959
0.00320089784
0.00308850193
0.003001485109
0.002951775754
0.003376794893
0.003311049645
0.003219131487
0.003109492689
0.002991673705
0.002875915993
0.002772798576
0.002693036934
0.002647503349
0.003034195299
0.002973942088
0.002889752167
0.002789408751
0.002681673458
0.002575919969
0.002481796938
0.002409047797
0.002367540906
0.002717650921
0.002662722997
0.002586012872
0.002494644598
0.002396619212
0.002300471928
0.002214961971
0.002148911881
0.002111244395
0.002426842385
0.002377011933
0.002307450657
0.002224643435
0.002135859129
0.002048832856
0.001971482603
0.001911766437
0.001877723537
0.00216109204
0.002116086089
0.002053282263
0.001978554128
0.00189847444
0.001820023151
0.001750330033
0.001696548173
0.001665897045
0.001919434181
0.001878949139
0.001822470933
0.001755295416
0.001683340718
0.001612880833
0.001550313097
0.001502046351
0.001474544403
0.001700683274
0.001664397656
0.001613790248
0.001553616623
0.001489185126
0.001426115335
0.001370128952
0.001326951066
0.001302352781
0.001503497355
0.001471082505
0.001425882716
0.001372152861
0.001314637996
0.00125835555
0.001208407991
0.001169895775
0.001147958231
0.001326434703
0.001297563486
0.001257311574
0.001209473501
0.001158277764
0.001108191335
0.001063752391
0.001029493615
0.001009980762
0.001168002729
0.001142356278
0.001106605069
0.001064123313
0.001018668828
0.0009742082571
0.0009347681533
0.0009043674348
0.0008870532739
0.001026698683
0.001003971397
0.0009722929971
0.000934656221
0.0008943923921
0.0008550156821
0.0008200908507
0.0007931737981
0.0007778445973
0.0009010423509
0.000880945372
0.0008529358084
0.0008196619938
0.0007840706759
0.0007492686436
0.0007184055085
0.0006946214034
0.0006810771193
0.0007896012912
0.0007718646982
0.0007471468228
0.0007177864695
0.0006863850828
0.000655684096
0.0006284612343
0.0006074845192
0.0005955395663
0.0006910093752
0.0006753833572
0.000653608351
0.0006277460729
0.000600089077
0.0005730522606
0.0005490812758
0.0005306120972
0.0005200956037
0.0006039795572
0.0005902347794
0.0005710825698
0.0005483374469
0.0005240165452
0.0005002438094
0.0004791692146
0.0004629332427
0.0004536889121
0.0005273118042
0.0005152391693
0.0004984180298
0.0004784430293
0.0004570864265
0.0004362136187
0.0004177119864
0.0004034596991
0.0003953453808
0.0004598970944
0.0004493070679
0.0004345526296
0.0004170333597
0.0003983043428
0.0003800017778
0.0003637803691
0.0003512859588
0.0003441730106
0.000400718321
0.0003914399571
0.0003785138197
0.0003631668298
0.0003467618929
0.0003307324672
0.0003165275215
0.0003055875397
0.0002993600536
0.0003488488351
0.0003407286144
0.000329416706
0.0003159875127
0.0003016342115
0.0002876112524
0.0002751860401
0.0002656179041
0.0002601718543
0.0003034492737
0.0002963498427
0.0002864606461
0.0002747215924
0.0002621762185
0.0002499212094
0.0002390640151
0.0002307044364
0.000225946783
0.0002637631703
0.0002575620304
0.0002489247475
0.0002386728179
0.0002277180599
0.0002170183337
0.0002075403962
0.0002002437907
0.000196091576
0.0002291117801
0.0002236999888
0.0002161627272
0.0002072173874
0.0001976600094
0.0001883264704
0.0001800599573
0.0001736968837
0.0001700763441
0.0001988884771
0.0001941693882
0.0001875974037
0.0001797985081
0.000171467106
0.0001633320317
0.0001561280872
0.0001505837416
0.000147429453
0.0001725529683
0.0001684410327
0.0001627150565
0.0001559208583
0.0001486637287
0.0001415786829
0.0001353055751
0.000130478364
0.0001277324298
0.0001496255194
0.0001460451597
0.0001410598288
0.0001351451138
0.0001288282557
0.0001226621327
0.0001172035185
0.0001130037213
0.0001106150118
0.0001296813328
0.0001265658992
0.0001222283
0.0001170826556
0.0001115879172
0.0001062251281
0.0001014784428
9.782697054e-05
9.575041689e-05
0.0001123451766
0.0001096359859
0.000105864315
0.0001013905382
9.66139122e-05
9.19527163e-05
8.7827693e-05
8.465494652e-05
8.285088994e-05
9.728632668e-05
9.493178545e-05
9.165412692e-05
8.776677009e-05
8.361683712e-05
7.956781817e-05
7.598513462e-05
7.322996061e-05
7.166355804e-05
8.42138608e-05
8.216866964e-05
7.932188458e-05
7.594593603e-05
7.234245144e-05
6.88271337e-05
6.571718313e-05
6.332592585e-05
6.196660934e-05
7.28723218e-05
7.109675631e-05
6.86254807e-05
6.569517246e-05
6.256778941e-05
5.95173872e-05
5.681916758e-05
5.474481133e-05
5.356579917e-05
6.303775272e-05
6.149701722e-05
5.935276025e-05
5.681049581e-05
5.409761669e-05
5.145190927e-05
4.911202358e-05
4.731342093e-05
4.629127746e-05
5.45140966e-05
5.317774495e-05
5.131808109e-05
4.911347447e-05
4.676122137e-05
4.446754435e-05
4.243930434e-05
4.088048406e-05
3.999472484e-05
4.712994586e-05
4.597136414e-05
4.435921149e-05
4.244822878e-05
4.040952369e-05
3.842186788e-05
3.66644932e-05
3.531404172e-05
3.454678066e-05
4.073562188e-05
3.97315676e-05
3.8334545e-05
3.667873957e-05
3.491248496e-05
3.319069354e-05
3.166859822e-05
3.049910859e-05
2.98347435e-05
3.520056231e-05
3.433075491e-05
3.312061067e-05
3.16864437e-05
3.015679445e-05
2.866584953e-05
2.734800791e-05
2.633559009e-05
2.576052328e-05
3.04109924e-05
2.96577503e-05
2.860985583e-05
2.736809376e-05
2.604381145e-05
2.475320156e-05
2.361258625e-05
2.273643317e-05
2.223882378e-05
2.626785631e-05
2.561577553e-05
2.470867699e-05
2.363385833e-05
2.248774015e-05
2.137090085e-05
2.038398573e-05
1.962598934e-05
1.919553433e-05
2.268498362e-05
2.212065407e-05
2.133567663e-05
2.040564135e-05
1.941401596e-05
1.844783592e-05
1.759415715e-05
1.693856964e-05
1.656631044e-05
1.958747012e-05
1.909922553e-05
1.842012451e-05
1.761559899e-05
1.675788183e-05
1.592226737e-05
1.518403675e-05
1.461717199e-05
1.429532427e-05
1.691025049e-05
1.648794799e-05
1.590060149e-05
1.520483307e-05
1.446313514e-05
1.374062718e-05
1.310239186e-05
1.261236287e-05
1.233416677e-05
1.459684167e-05
1.423166817e-05
1.372380699e-05
1.312224288e-05
1.248102684e-05
1.185646432e-05
1.130480803e-05
1.088129639e-05
1.064088505e-05
1.259823964e-05
1.228254175e-05
1.184351225e-05
1.132351768e-05
1.076929616e-05
1.022952072e-05
9.752801631e-06
9.386855292e-06
9.179139563e-06
1.087195194e-05
1.059908688e-05
1.021964312e-05
9.770254198e-06
9.29132535e-06
8.824922613e-06
8.413043713e-06
8.096899888e-06
7.917467429e-06
9.381150718e-06
9.145355695e-06
8.817477337e-06
8.429184735e-06
8.015400728e-06
7.612473827e-06
7.256682023e-06
6.983612317e-06
6.828639306e-06
8.093932093e-06
7.890210053e-06
7.606943103e-06
7.27150282e-06
6.914067401e-06
6.566039025e-06
6.258749564e-06
6.022924624e-06
5.889098665e-06
6.982669452e-06
6.806689196e-06
6.562006812e-06
6.272274832e-06
5.963566496e-06
5.663006007e-06
5.397649178e-06
5.19402057e-06
5.078473409e-06
6.023449239e-06
5.871458219e-06
5.660139188e-06
5.409927161e-06
5.143344837e-06
4.883817433e-06
4.654704862e-06
4.478902062e-06
4.379150931e-06
5.195579296e-06
5.064327535e-06
4.881850272e-06
4.66579965e-06
4.435628145e-06
4.211563382e-06
4.013771514e-06
3.862012166e-06
3.775908695e-06
4.481160783e-06
4.367834557e-06
4.210284726e-06
4.023757087e-06
3.825049869e-06
3.631627149e-06
3.46089579e-06
3.329907587e-06
3.255593338e-06
3.864715779e-06
3.766879861e-06
3.630869919e-06
3.469851475e-06
3.298328637e-06
3.131377547e-06
2.984021594e-06
2.870974328e-06
2.806842127e-06
3.332863571e-06
3.248410961e-06
3.13101015e-06
2.992028665e-06
2.843988163e-06
2.699901811e-06
2.572734502e-06
2.475180995e-06
2.419841331e-06
2.874039458e-06
2.801147664e-06
2.699821132e-06
2.579873682e-06
2.452114182e-06
2.327773873e-06
2.218040107e-06
2.133864904e-06
2.086116742e-06
2.478250653e-06
2.415343689e-06
2.327899582e-06
2.224389793e-06
2.114143643e-06
2.00685346e-06
1.912171891e-06
1.839546718e-06
1.798352168e-06
2.1368645e-06
2.082579885e-06
2.007123393e-06
1.917806934e-06
1.822681969e-06
1.730111991e-06
1.648424781e-06
1.585769895e-06
1.550232241e-06
1.842424847e-06
1.795584947e-06
1.730478419e-06
1.653415695e-06
1.571344746e-06
1.491481782e-06
1.421011012e-06
1.366961689e-06
1.336306331e-06
1.588492893e-06
1.548080059e-06
1.4919084e-06
1.425423522e-06
1.354620613e-06
1.285725484e-06
1.224935366e-06
1.178312851e-06
1.151870797e-06
1.369509323e-06
1.334644331e-06
1.286184991e-06
1.228830196e-06
1.167752582e-06
1.108323095e-06
1.055887232e-06
1.015673565e-06
9.928671263e-07
1.180674931e-06
1.15059829e-06
1.108795257e-06
1.059320074e-06
1.006635345e-06
9.553742151e-07
9.101472329e-07
8.754634538e-07
8.557938595e-07
1.017847288e-06
9.919030472e-07
9.558443107e-07
9.131688499e-07
8.677264349e-07
8.23513507e-07
7.845064965e-07
7.545937741e-07
7.376304498e-07
8.774513323e-07
8.55073054e-07
8.23971091e-07
7.871629167e-07
7.479694114e-07
7.098376125e-07
6.761968724e-07
6.504001723e-07
6.357714635e-07
7.564020421e-07
7.371006552e-07
7.10275534e-07
6.785296402e-07
6.447274552e-07
6.118419824e-07
5.82830626e-07
5.605845815e-07
5.479697289e-07
6.520375572e-07
6.353908483e-07
6.122556061e-07
5.848770914e-07
5.557259758e-07
5.27366292e-07
5.02348337e-07
4.831650296e-07
4.722872291e-07
5.620613739e-07
5.477048919e-07
5.277528848e-07
5.041419632e-07
4.790030235e-07
4.545472861e-07
4.329738961e-07
4.164322894e-07
4.07052693e-07
4.844923839e-07
4.721115736e-07
4.549055344e-07
4.345445734e-07
4.128664532e-07
3.917780506e-07
3.731756407e-07
3.58912447e-07
3.508249767e-07
4.176217069e-07
4.069451063e-07
3.921076838e-07
3.745499959e-07
3.558569291e-07
3.376728421e-07
3.216327982e-07
3.093345851e-07
3.023614524e-07
3.599754003e-07
3.507687597e-07
3.379743394e-07
3.22834495e-07
3.067159789e-07
2.910367229e-07
2.772065178e-07
2.666028883e-07
2.605907221e-07
3.102822525e-07
3.023434515e-07
2.913110869e-07
2.782565416e-07
2.64358414e-07
2.508393483e-07
2.389148665e-07
2.297725673e-07
2.245890702e-07
2.674459722e-07
2.606006272e-07
2.510879318e-07
2.398317925e-07
2.278485221e-07
2.161923427e-07
2.059112507e-07
1.980290834e-07
1.935601435e-07
2.30521177e-07
2.246188462e-07
2.164167169e-07
2.067114928e-07
1.963795204e-07
1.863297751e-07
1.774657959e-07
1.70670223e-07
1.6681742e-07
1.986926667e-07
1.936035723e-07
1.865316311e-07
1.781638366e-07
1.692558235e-07
1.60591313e-07
1.529492818e-07
1.470906321e-07
1.437690845e-07
1.712575333e-07
1.668697304e-07
1.607723885e-07
1.535578819e-07
1.458777444e-07
1.384076866e-07
1.318192825e-07
1.267684762e-07
1.239049824e-07
1.47609723e-07
1.438266547e-07
1.385697134e-07
1.32349673e-07
1.257282943e-07
1.192881511e-07
1.136082121e-07
1.092539329e-07
1.067853672e-07
1.272267137e-07
1.239651008e-07
1.194328174e-07
1.140702669e-07
1.083617962e-07
1.0280967e-07
9.791301293e-08
9.415926819e-08
9.203119605e-08
1.096580221e-07
1.068460409e-07
1.029385953e-07
9.831540516e-08
9.339406292e-08
8.8607587e-08
8.438626247e-08
8.115027737e-08
7.931576113e-08
9.45152877e-08
9.20909971e-08
8.872230577e-08
8.473660473e-08
8.049392555e-08
7.63675808e-08
7.272850474e-08
6.993890517e-08
6.835747303e-08
8.146371933e-08
7.937370386e-08
7.646953281e-08
7.303347439e-08
6.937592781e-08
6.581872694e-08
6.2681637e-08
6.027688192e-08
5.891363868e-08
7.021471787e-08
6.841291617e-08
6.590925284e-08
6.294708786e-08
5.979402553e-08
5.672751524e-08
5.402320763e-08
5.195023659e-08
5.077509651e-08
6.051951286e-08
5.896620708e-08
5.680785548e-08
5.425426916e-08
5.153615366e-08
4.889269105e-08
4.656149951e-08
4.477456605e-08
4.376159113e-08
5.216367478e-08
5.082461856e-08
4.896398716e-08
4.676266445e-08
4.44195414e-08
4.214080705e-08
4.013129085e-08
3.859095616e-08
3.771778535e-08
4.496238218e-08
4.38080484e-08
4.220410452e-08
4.03064924e-08
3.828667234e-08
3.632238781e-08
3.459020002e-08
3.326246499e-08
3.250982198e-08
3.875634018e-08
3.776127194e-08
3.637863969e-08
3.474287957e-08
3.300180103e-08
3.130862247e-08
2.981553386e-08
2.867109044e-08
2.802235906e-08
3.340826044e-08
3.255051124e-08
3.135869336e-08
2.994870007e-08
2.844794881e-08
2.698851275e-08
2.57015698e-08
2.471515535e-08
2.41560134e-08
2.879982544e-08
2.80604762e-08
2.703318282e-08
2.581785018e-08
2.452431317e-08
2.326641336e-08
2.215721203e-08
2.130705235e-08
2.082515575e-08
2.482907022e-08
2.419181265e-08
2.330638221e-08
2.225889763e-08
2.114403327e-08
2.005991057e-08
1.910396979e-08
1.837129869e-08
1.795600906e-08
2.140812412e-08
2.085890125e-08
2.009580088e-08
1.919305411e-08
1.823226257e-08
1.729799236e-08
1.647421354e-08
1.584285834e-08
1.548500787e-08
1.846126284e-08
1.798795887e-08
1.733035336e-08
1.655242631e-08
1.572450627e-08
1.491946984e-08
1.420967046e-08
1.366569432e-08
1.335738299e-08
1.592322824e-08
1.551540095e-08
1.494878075e-08
1.427850724e-08
1.356518709e-08
1.287161548e-08
1.226012667e-08
1.179151989e-08
1.152594039e-08
1.373777899e-08
1.338642875e-08
1.2898289e-08
1.232087486e-08
1.17064081e-08
1.110898845e-08
1.058230757e-08
1.017872121e-08
9.950007776e-09
1.185644053e-08
1.1553811e-08
1.113337448e-08
1.063606967e-08
1.010688576e-08
9.592421528e-09
9.138912352e-09
8.791428239e-09
8.594526261e-09
1.023742706e-08
9.976833202e-09
9.614811285e-09
9.186626932e-09
8.731029937e-09
8.28814766e-09
7.89778165e-09
7.598713885e-09
7.429267291e-09
8.844712198e-09
8.62039184e-09
8.308778248e-09
7.940242522e-09
7.548151133e-09
7.16704743e-09
6.831180446e-09
6.573904153e-09
6.42815824e-09
7.647228343e-09
7.454214082e-09
7.186106798e-09
6.869054325e-09
6.531777733e-09
6.204001128e-09
5.915180837e-09
5.693984442e-09
5.56870208e-09
6.618177191e-09
6.452186049e-09
6.221633936e-09
5.949024044e-09
5.659068278e-09
5.377331103e-09
5.129131244e-09
4.939089182e-09
4.831478588e-09
5.734436137e-09
5.591774421e-09
5.393645019e-09
5.159405402e-09
4.910306918e-09
4.668323172e-09
4.455200349e-09
4.292063588e-09
4.199716191e-09
4.976048043e-09
4.853529421e-09
4.683395125e-09
4.482287177e-09
4.268469519e-09
4.060815509e-09
3.87798633e-09
3.738087955e-09
3.658924956e-09
4.325782913e-09
4.220657945e-09
4.074698103e-09
3.902201107e-09
3.718851667e-09
3.540846189e-09
3.384181618e-09
3.264355889e-09
3.196582306e-09
3.768761648e-09
3.678657216e-09
3.553573993e-09
3.405785624e-09
3.248749777e-09
3.096351214e-09
2.962285869e-09
2.859798724e-09
2.801864007e-09
3.292133262e-09
3.215000559e-09
3.107946687e-09
2.98149757e-09
2.847187796e-09
2.716905805e-09
2.602360132e-09
2.514849579e-09
2.465413846e-09
2.884798018e-09
2.818867884e-09
2.727384636e-09
2.619365014e-09
2.504682893e-09
2.393502602e-09
2.295816103e-09
2.221241084e-09
2.179146158e-09
2.537169811e-09
2.480914386e-09
2.402878309e-09
2.310775053e-09
2.21304427e-09
2.118361181e-09
2.035235053e-09
1.971831526e-09
1.93607607e-09
2.24097198e-09
2.193071728e-09
2.126648838e-09
2.048291276e-09
1.965199981e-09
1.884763942e-09
1.814211702e-09
1.760454831e-09
1.730172941e-09
1.989061408e-09
1.948376707e-09
1.891983009e-09
1.825496208e-09
1.755047277e-09
1.686914107e-09
1.627218938e-09
1.581790412e-09
1.556233116e-09
1.775276486e-09
1.740823063e-09
1.693090391e-09
1.636854705e-09
1.577322647e-09
1.51981218e-09
1.469489907e-09
1.431249554e-09
1.409768735e-09
1.594305097e-09
1.565232685e-09
1.524979013e-09
1.477594902e-09
1.427488327e-09
1.379147839e-09
1.336914612e-09
1.304875612e-09
1.286909965e-09
1.441569411e-09
1.41714312e-09
1.383346623e-09
1.34360388e-09
1.301632653e-09
1.261204817e-09
1.225948785e-09
1.199255915e-09
1.184318622e-09
1.313124831e-09
1.29270881e-09
1.264485103e-09
1.231335844e-09
1.19638222e-09
1.162776938e-09
1.133533333e-09
1.111443849e-09
1.099111749e-09
1.205571019e-09
1.18861408e-09
1.165196201e-09
1.137731096e-09
1.108824346e-09
1.081093995e-09
1.057023261e-09
1.038890127e-09
1.028794228e-09
1.115973404e-09
1.101996397e-09
1.082717222e-09
1.060144658e-09
1.036438841e-09
1.013756639e-09
9.941253711e-10
9.793826927e-10
9.711999618e-10
1.041794111e-09
1.030378895e-09
1.014655812e-09
9.962837671e-10
9.770384761e-10
9.586798304e-10
9.428444248e-10
9.309950194e-10
9.244414097e-10
9.808315936e-10
9.716115338e-10
9.589332861e-10
9.441538389e-10
9.287178445e-10
9.140446144e-10
9.014375883e-10
8.920426818e-10
8.868673977e-10
9.31168589e-10
9.238205535e-10
9.137362026e-10
9.020126407e-10
8.898103927e-10
8.782580471e-10
8.683770036e-10
8.610480083e-10
8.570289773e-10
8.911281436e-10
8.853659795e-10
8.774759753e-10
8.683324502e-10
8.588533802e-10
8.49920954e-10
8.42320083e-10
8.367123645e-10
8.336528487e-10
8.592374855e-10
8.548069269e-10
8.487561929e-10
8.417698114e-10
8.345602732e-10
8.278029343e-10
8.220868337e-10
8.178952537e-10
8.156214567e-10
8.341993291e-10
8.308742358e-10
8.263471166e-10
8.21142239e-10
8.157997946e-10
8.10823663e-10
8.066431035e-10
8.035990012e-10
8.019584546e-10
8.148699618e-10
8.124497148e-10
8.091665095e-10
8.054108859e-10
8.015804804e-10
7.980391952e-10
7.950883197e-10
7.929574976e-10
7.918179583e-10
8.002431184e-10
7.98550918e-10
7.962656241e-10
7.936678806e-10
7.910393363e-10
7.886317586e-10
7.866461335e-10
7.852273818e-10
7.844759671e-10
7.894383566e-10
7.883201195e-10
7.868189418e-10
7.851268629e-10
7.83433071e-10
7.819014995e-10
7.806564317e-10
7.79780033e-10
7.793222486e-10
7.816924774e-10
7.810160105e-10
7.801161846e-10
7.79115255e-10
7.781304715e-10
7.772587146e-10
7.765673133e-10
7.760934428e-10
7.758521618e-10
7.763525515e-10
7.760067148e-10
7.755552295e-10
7.750668886e-10
7.746046299e-10
7.742157336e-10
7.739265581e-10
7.737430864e-10
7.736570902e-10
7.728691814e-10
7.727627808e-10
7.726347175e-10
7.7251423e-10
7.724246398e-10
7.723778185e-10
7.723717084e-10
7.723914215e-10
7.724136299e-10
7.707892911e-10
7.708496785e-10
7.70946071e-10
7.710796356e-10
7.712460007e-10
7.714328128e-10
7.716190992e-10
7.717764783e-10
7.718719584e-10
7.697478227e-10
7.699190486e-10
7.701641401e-10
7.704653738e-10
7.708000275e-10
7.711400149e-10
7.714523349e-10
7.717001011e-10
7.7184399e-10
7.694581066e-10
7.696987664e-10
7.700368745e-10
7.704428827e-10
7.7088275e-10
7.713188283e-10
7.717108271e-10
7.720164945e-10
7.721919789e-10
7.697013823e-10
7.699822979e-10
7.703744929e-10
7.708417917e-10
7.713438795e-10
7.718377958e-10
7.722790079e-10
7.726216677e-10
7.728181483e-10
7.703160057e-10
7.706178986e-10
7.710387204e-10
7.71539284e-10
7.720764092e-10
7.726045493e-10
7.730767e-10
7.734442157e-10
7.736557495e-10
7.711869271e-10
7.714982331e-10
7.719326466e-10
7.724503087e-10
7.730072942e-10
7.735570433e-10
7.740509314e-10
7.74437653e-10
7.746617343e-10
7.722359729e-10
7.725509071e-10
7.729916427e-10
7.735190035e-10
7.740894741e-10
7.746562206e-10
7.75169221e-10
7.755742263e-10
7.758109341e-10
7.734133184e-10
7.737302585e-10
7.741756114e-10
7.747115145e-10
7.752953149e-10
7.758800477e-10
7.764140684e-10
7.768394579e-10
7.770902209e-10
7.746903746e-10
7.750105801e-10
7.754626829e-10
7.760102512e-10
7.766114439e-10
7.772188424e-10
7.777784046e-10
7.782279879e-10
7.78494922e-10
7.760541367e-10
7.763807791e-10
7.768442937e-10
7.774094444e-10
7.780346628e-10
7.786714896e-10
7.792628202e-10
7.797414831e-10
7.800277171e-10
7.77502845e-10
7.778402881e-10
7.783213459e-10
7.789113846e-10
7.795687532e-10
7.802430817e-10
7.808739086e-10
7.813881403e-10
7.816976235e-10
7.790421657e-10
7.793953056e-10
7.799009374e-10
7.805243559e-10
7.812231524e-10
7.819448286e-10
7.826245199e-10
7.831821284e-10
7.835196515e-10
7.80682868e-10
7.810571416e-10
7.815949865e-10
7.82261474e-10
7.830127898e-10
7.837934216e-10
7.845331107e-10
7.851434423e-10
7.855147963e-10
7.824397286e-10
7.828413211e-10
7.834203789e-10
7.841411477e-10
7.849578233e-10
7.858110127e-10
7.866239057e-10
7.872981622e-10
7.877103532e-10
7.843322616e-10
7.847682167e-10
7.8539875e-10
7.861867405e-10
7.870837285e-10
7.880254917e-10
7.889273047e-10
7.896789439e-10
7.901404588e-10
7.863843766e-10
7.868627654e-10
7.875565933e-10
7.884268407e-10
7.89421667e-10
7.90470947e-10
7.914804287e-10
7.923256315e-10
7.928467448e-10
7.886246477e-10
7.891547939e-10
7.899256353e-10
7.908957026e-10
7.920089785e-10
7.931882054e-10
7.943277004e-10
7.952858686e-10
7.958789708e-10
7.91086784e-10
7.916795109e-10
7.925433442e-10
7.936337715e-10
7.948897076e-10
7.96225341e-10
7.975213185e-10
7.98615532e-10
7.992954281e-10
7.938102343e-10
7.944781122e-10
7.954535252e-10
7.966882489e-10
7.981151021e-10
7.996380595e-10
8.011214747e-10
8.023787546e-10
8.031628167e-10
7.968409163e-10
7.97598502e-10
7.987070157e-10
8.001137243e-10
8.017441147e-10
8.034899634e-10
8.051962494e-10
8.066473445e-10
8.075552503e-10
8.002321129e-10
8.010961953e-10
8.023625831e-10
8.039730375e-10
8.058441578e-10
8.078530542e-10
8.09821608e-10
8.1149994e-10
8.12552438e-10
8.040456064e-10
8.050355107e-10
8.064882151e-10
8.083387117e-10
8.104927293e-10
8.128095806e-10
8.150833831e-10
8.170236632e-10
8.182397181e-10
8.083531007e-10
8.09491142e-10
8.111629652e-10
8.132952858e-10
8.157806241e-10
8.184568932e-10
8.210853075e-10
8.233284405e-10
8.247378535e-10
8.132379012e-10
8.145500677e-10
8.164792826e-10
8.1894237e-10
8.218162424e-10
8.24913904e-10
8.279590173e-10
8.305660189e-10
8.322096765e-10
8.187967617e-10
8.20313701e-10
8.225456975e-10
8.253982169e-10
8.287306086e-10
8.32328555e-10
8.358785423e-10
8.389294018e-10
8.408593543e-10
8.251419351e-10
8.269004151e-10
8.294902268e-10
8.328046059e-10
8.36685736e-10
8.40892325e-10
8.450594207e-10
8.486538464e-10
8.509344938e-10
8.324040423e-10
8.344493585e-10
8.374660982e-10
8.413377315e-10
8.45887648e-10
8.508379147e-10
8.557597406e-10
8.600189292e-10
8.62728284e-10
8.407383465e-10
8.43130313e-10
8.466665462e-10
8.512176915e-10
8.565833891e-10
8.624403977e-10
8.682816262e-10
8.733498348e-10
8.765803056e-10
8.503469997e-10
8.531609283e-10
8.573290677e-10
8.627062367e-10
8.690623189e-10
8.760183225e-10
8.829719961e-10
8.890175123e-10
8.928757432e-10
8.614753065e-10
8.648002002e-10
8.697325268e-10
8.761070515e-10
8.836565876e-10
8.919341377e-10
9.002228915e-10
9.074388038e-10
9.120453472e-10
8.744089725e-10
8.783477323e-10
8.841967662e-10
8.9176543e-10
9.007408384e-10
9.10594e-10
9.2047146e-10
9.290765203e-10
9.345641799e-10
8.894730633e-10
8.941426883e-10
9.010814808e-10
9.100670415e-10
9.207309949e-10
9.324468346e-10
9.441992961e-10
9.544369524e-10
9.609469204e-10
9.070300823e-10
9.125616475e-10
9.207838517e-10
9.314353876e-10
9.440819167e-10
9.579821193e-10
9.71927969e-10
9.840610221e-10
9.917356655e-10
9.2747641e-10
9.340147577e-10
9.437344516e-10
9.563279276e-10
9.712833049e-10
9.877230686e-10
1.004206277e-09
1.01850359e-09
1.027475047e-09
9.512365837e-10
9.589402196e-10
9.703921428e-10
9.852303338e-10
1.002850829e-09
1.022210884e-09
1.04158336e-09
1.058295329e-09
1.068669991e-09
9.787579879e-10
9.8779886e-10
1.00123736e-09
1.018646311e-09
1.039308641e-09
1.061974594e-09
1.084562156e-09
1.103884267e-09
1.115724489e-09
1.010505334e-09
1.021067024e-09
1.036761381e-09
1.057079528e-09
1.081158375e-09
1.107481404e-09
1.133531486e-09
1.15556035e-09
1.168866119e-09
1.046953242e-09
1.05922554e-09
1.077448169e-09
1.101003025e-09
1.128829814e-09
1.159066042e-09
1.188683014e-09
1.213374679e-09
1.228069076e-09
1.08857353e-09
1.1027406e-09
1.123743804e-09
1.150810993e-09
1.182610969e-09
1.216845293e-09
1.249928488e-09
1.277070762e-09
1.292992957e-09
1.13581173e-09
1.152030628e-09
1.176007568e-09
1.206749443e-09
1.242561976e-09
1.280633067e-09
1.316836144e-09
1.346042536e-09
1.362949946e-09
1.189045649e-09
1.207412263e-09
1.234440253e-09
1.268828469e-09
1.308426629e-09
1.349875115e-09
1.388598392e-09
1.419322876e-09
1.436900606e-09
1.2485187e-09
1.269021093e-09
1.298992359e-09
1.336729925e-09
1.379562558e-09
1.423617835e-09
1.464031274e-09
1.495594664e-09
1.513467302e-09
1.314246258e-09
1.336712677e-09
1.369269129e-09
1.409736764e-09
1.454913572e-09
1.500520812e-09
1.541604144e-09
1.57321839e-09
1.59095696e-09
1.385908265e-09
1.409967055e-09
1.444465256e-09
1.48671813e-09
1.533049853e-09
1.57893329e-09
1.619524668e-09
1.650305694e-09
1.667414637e-09
1.462761489e-09
1.487834851e-09
1.523366301e-09
1.566198617e-09
1.612300146e-09
1.657075746e-09
1.69596412e-09
1.724985404e-09
1.740895149e-09
1.543613155e-09
1.568957943e-09
1.604431769e-09
1.646504508e-09
1.690953214e-09
1.733301516e-09
1.769419456e-09
1.79595412e-09
1.810398889e-09
1.626881068e-09
1.651669676e-09
1.685936846e-09
1.725931575e-09
1.767428072e-09
1.806245669e-09
1.838807643e-09
1.862450444e-09
1.875380202e-09
1.7107322e-09
1.734150822e-09
1.766135659e-09
1.802894535e-09
1.840385718e-09
1.874874737e-09
1.903428791e-09
1.924193488e-09
1.935653017e-09
1.793261372e-09
1.814600672e-09
1.843412208e-09
1.876047414e-09
1.908821267e-09
1.938571287e-09
1.963143931e-09
1.981176339e-09
1.991254415e-09
1.872657416e-09
1.891376024e-09
1.916379127e-09
1.944334055e-09
1.972061048e-09
1.997111666e-09
2.017981656e-09
2.033512538e-09
2.04232578e-09
1.947322001e-09
1.963078739e-09
1.983925709e-09
2.006997786e-09
2.0297699e-09
2.050526353e-09
2.06808299e-09
2.081382403e-09
2.089060341e-09
2.015934749e-09
2.028599762e-09
2.045251128e-09
2.063644303e-09
2.081985753e-09
2.098984886e-09
2.113657617e-09
2.125005196e-09
2.131679488e-09
2.07751518e-09
2.087207841e-09
2.100022393e-09
2.114361275e-09
2.128928988e-09
2.142741706e-09
2.154957231e-09
2.164623728e-09
2.17042125e-09
2.131618572e-09
2.138818567e-09
2.148460551e-09
2.159465423e-09
2.170928365e-09
2.182102403e-09
2.192259189e-09
2.200495417e-09
2.205534067e-09
2.178685163e-09
2.183913951e-09
2.191047397e-09
2.199401817e-09
2.208373199e-09
2.217401279e-09
2.225855484e-09
2.232886208e-09
2.237272573e-09
2.219444688e-09
2.22316856e-09
2.228374665e-09
2.2346705e-09
2.241678191e-09
2.2489843e-09
2.256043925e-09
2.262065375e-09
2.265893739e-09
2.254697379e-09
2.257299303e-09
2.261054345e-09
2.265777938e-09
2.271258201e-09
2.27719579e-09
2.283120564e-09
2.28830057e-09
2.291652909e-09
2.285210364e-09
2.286990693e-09
2.289670062e-09
2.293207995e-09
2.297511507e-09
2.302368524e-09
2.307373336e-09
2.311853178e-09
2.314799844e-09
2.311673925e-09
2.31286165e-09
2.314753842e-09
2.317406608e-09
2.32080981e-09
2.324816953e-09
2.329077096e-09
2.332974326e-09
2.335575116e-09
2.334688398e-09
2.335454862e-09
2.336777811e-09
2.338775376e-09
2.341493186e-09
2.34483307e-09
2.348490104e-09
2.351901734e-09
2.354207147e-09
2.354766063e-09
2.355237811e-09
2.356154155e-09
2.357670557e-09
2.359868417e-09
2.362684379e-09
2.365851843e-09
2.368857524e-09
2.370910047e-09
2.372339631e-09
2.372609222e-09
2.373239242e-09
2.374405122e-09
2.376209487e-09
2.378613396e-09
2.38138198e-09
2.384046941e-09
2.385882259e-09
2.387772898e-09
2.387907504e-09
2.388339516e-09
2.389252328e-09
2.390759366e-09
2.392838219e-09
2.395280221e-09
2.397657844e-09
2.399305929e-09
2.401371367e-09
2.401419382e-09
2.401717816e-09
2.402449871e-09
2.403732445e-09
2.405553768e-09
2.407726814e-09
2.409860827e-09
2.411346883e-09
2.413391862e-09
2.413387875e-09
2.413599417e-09
2.414204103e-09
2.415317259e-09
2.416933422e-09
2.41888349e-09
2.420809788e-09
2.42215505e-09
2.424050798e-09
2.424019283e-09
2.42417749e-09
2.424694005e-09
2.425679213e-09
2.427130832e-09
2.428894673e-09
2.430642794e-09
2.431865194e-09
2.433531107e-09
2.433489143e-09
2.433617874e-09
2.434074792e-09
2.434963189e-09
2.436281758e-09
2.437888802e-09
2.439483116e-09
2.44059782e-09
2.441987951e-09
2.441947207e-09
2.442063155e-09
2.442481089e-09
2.443295933e-09
2.444505842e-09
2.445979678e-09
2.447440309e-09
2.448460146e-09
2.449553385e-09
2.449521569e-09
2.449636114e-09
2.450029684e-09
2.450788182e-09
2.451908228e-09
2.453267711e-09
2.454611234e-09
2.455547017e-09
2.456340158e-09
2.45632205e-09
2.456442602e-09
2.456821856e-09
2.457536486e-09
2.458580961e-09
2.459840998e-09
2.461080917e-09
2.461941655e-09
2.462444779e-09
2.462442964e-09
2.462573892e-09
2.462945291e-09
2.463624692e-09
2.464604088e-09
2.465776105e-09
2.466923099e-09
2.467716075e-09
2.467949955e-09
2.467965289e-09
2.468108516e-09
2.46847553e-09
2.469124996e-09
2.470046318e-09
2.471138378e-09
2.472200263e-09
2.472930946e-09
2.47292636e-09
2.472958222e-09
2.473113495e-09
2.473476816e-09
2.474098363e-09
2.474965e-09
2.475981487e-09
2.476962792e-09
2.477634501e-09
2.47743347e-09
2.477479768e-09
2.477644608e-09
2.478001938e-09
2.478593878e-09
2.479404926e-09
2.480345651e-09
2.48124668e-09
2.481859888e-09
2.481518488e-09
2.481575415e-09
2.481744671e-09
2.48209004e-09
2.482645983e-09
2.483394921e-09
2.484253546e-09
2.485068768e-09
2.485619934e-09
2.485210405e-09
2.485271921e-09
2.485436967e-09
2.485759612e-09
2.486267022e-09
2.48693993e-09
2.48770191e-09
2.488417868e-09
2.488897862e-09
2.488500885e-09
2.4885581e-09
2.488706011e-09
2.488989438e-09
2.489428678e-09
2.490003326e-09
2.490644996e-09
2.49123923e-09
2.491632219e-09
2.491287906e-09
2.491329433e-09
2.491443967e-09
2.491668042e-09
2.492015968e-09
2.492467014e-09
2.492961839e-09
2.493408716e-09
2.493695396e-09
2.49321488e-09
2.49323271e-09
2.493304443e-09
2.493460871e-09
2.4937125e-09
2.494039351e-09
2.49439025e-09
2.494692849e-09
2.494872257e-09
0.01368422948
0.01368422948
0.01368422948
0.01368422948
0.01368422948
0.01368422948
0.01368422948
0.01368422948
0.01368422948
0.01368422948
0.01368422948
0.01368422948
0.01368422948
0.01368422948
0.01368422948
0.01368422948
0.01368422948
0.01368422948
0.01368422948
0.01368422948
0.01368422948
0.01368422948
0.01368422948
0.01368422948
0.01368422948
0.01368422948
0.01368422948
0.01368422948
0.01368422948
0.01368422948
0.01368422947
0.01368422947
0.01368422947
0.01368422947
0.01368422946
0.01368422945
0.01368422942
0.01368422938
0.01368422932
0.01368422921
0.01368422902
0.0136842287
0.01368422816
0.01368422725
0.01368422576
0.01368422329
0.01368421925
0.0136842127
0.01368420218
0.01368418542
0.01368415902
0.01368411783
0.01368405424
0.01368395707
0.01368381014
0.01368359027
0.01368326456
0.01368278676
0.01368209247
0.01368109278
0.01367966618
0.01367764844
0.01367482037
0.01367089279
0.01366548805
0.01365811824
0.01364816091
0.01363483345
0.01361716697
0.01359398187
0.01356386715
0.01352516602
0.01347597043
0.013414127
0.01333725721
0.01324279457
0.01312804125
0.01299024563
0.01282671368
0.01263494714
0.01241277325
0.01215848802
0.01187099307
0.01154991364
0.011195687
0.01080961293
0.01039386225
0.009951442913
0.009486126269
0.009002335329
0.008504988793
0.007999086321
0.007489346048
0.006980447363
0.00647693779
0.00598311452
0.005502909637
0.005039793406
0.004596702859
0.004175998641
0.003779450099
0.003408246348
0.003063029398
0.00274394439
0.002450701727
0.002182645888
0.001938826293
0.001718066372
0.001519027921
0.001340268758
0.001180292537
0.00103759031
0.0009106739603
0.0007981020542
0.0006984988864
0.0006105676397
0.0005330986101
0.000464973419
0.0004051660624
0.0003527415484
0.0003068527713
0.0002667361471
0.0002317064364
0.0002011511221
0.0001745245945
0.0001513423419
0.0001311752896
0.0001136443888
9.84155188e-05
8.519474202e-05
7.372393031e-05
6.377676538e-05
5.515510637e-05
4.768570958e-05
4.121728102e-05
3.561783909e-05
3.077236363e-05
2.658070733e-05
2.295574422e-05
1.982173432e-05
1.711288211e-05
1.477206712e-05
1.27497294e-05
1.100289201e-05
9.49430515e-06
8.191697816e-06
7.067124104e-06
6.096392972e-06
5.258571244e-06
4.535550852e-06
3.911672338e-06
3.373397553e-06
2.909025324e-06
2.508444611e-06
2.162920336e-06
1.864907664e-06
1.607891038e-06
1.38624473e-06
1.195112081e-06
1.030300983e-06
8.88193423e-07
7.656672517e-07
6.600285264e-07
5.689530237e-07
4.904356904e-07
4.227469649e-07
3.643950455e-07
3.140933008e-07
2.70732127e-07
2.333546509e-07
2.011357542e-07
1.733639697e-07
1.494258575e-07
1.287925225e-07
1.110079828e-07
9.567913409e-08
8.246709303e-08
7.107973035e-08
6.126523061e-08
5.280653783e-08
4.551656522e-08
3.923406406e-08
3.38200609e-08
2.915478495e-08
2.513501797e-08
2.167180853e-08
1.86885005e-08
1.611903232e-08
1.390647012e-08
1.200174247e-08
1.036254927e-08
8.952421083e-09
7.739908748e-09
6.697885334e-09
5.802945305e-09
5.034887921e-09
4.376273419e-09
3.812042012e-09
3.329187012e-09
2.916474418e-09
2.564202281e-09
2.263993926e-09
2.008619862e-09
1.791843895e-09
1.608289564e-09
1.453323625e-09
1.322953901e-09
1.213739363e-09
1.122710807e-09
1.047301016e-09
9.852836715e-10
9.347205949e-10
8.939170765e-10
8.613850634e-10
8.358138287e-10
8.160474998e-10
8.010684908e-10
7.899855786e-10
7.820251755e-10
7.765243469e-10
7.729241956e-10
7.707627825e-10
7.696670384e-10
7.69343287e-10
7.695668548e-10
7.701712893e-10
7.710377803e-10
7.720853267e-10
7.732620615e-10
7.745379785e-10
7.758991286e-10
7.773431499e-10
7.788754646e-10
7.805065801e-10
7.822509497e-10
7.841276988e-10
7.861602678e-10
7.8837666e-10
7.908098979e-10
7.934986262e-10
7.964878426e-10
7.998297896e-10
8.035850626e-10
8.078239709e-10
8.126281231e-10
8.180921468e-10
8.24325538e-10
8.314551032e-10
8.396301181e-10
8.490448198e-10
8.599380815e-10
8.725891163e-10
8.873164004e-10
9.044758682e-10
9.244574976e-10
9.476795893e-10
9.745833213e-10
1.005627762e-09
1.041283828e-09
1.082024186e-09
1.128303883e-09
1.180524613e-09
1.238974552e-09
1.303739097e-09
1.374590706e-09
1.450887385e-09
1.53152401e-09
1.61497072e-09
1.69939953e-09
1.782864053e-09
1.863477825e-09
1.939548774e-09
2.009655871e-09
2.072699933e-09
2.128070627e-09
2.176136993e-09
2.217655908e-09
2.253471256e-09
2.28439334e-09
2.311149552e-09
2.334370041e-09
2.354590125e-09
2.372259891e-09
2.387756037e-09
2.401393553e-09
2.413436193e-09
2.424105422e-09
2.433587843e-09
2.442041286e-09
2.449599749e-09
2.456377402e-09
2.462471816e-09
2.467966515e-09
2.472932864e-09
2.47743101e-09
2.481508925e-09
2.485196607e-09
2.488487025e-09
2.491279381e-09
2.493215859e-09
)
;

boundaryField
{
    outlet
    {
        type            inletOutlet;
        inletValue      uniform 0.01368422948;
        value           nonuniform List<scalar> 10(2.49321488e-09 2.49323271e-09 2.493304443e-09 2.493460871e-09 2.4937125e-09 2.494039351e-09 2.49439025e-09 2.494692849e-09 2.494872257e-09 2.493215859e-09);
    }
    inlet
    {
        type            fixedValue;
        value           uniform 0.01368422948;
    }
    front
    {
        type            wedge;
    }
    wall
    {
        type            zeroGradient;
    }
    back
    {
        type            wedge;
    }
}


// ************************************************************************* //
