/*--------------------------------*- C++ -*----------------------------------*\
| =========                 |                                                 |
| \\      /  F ield         | OpenFOAM: The Open Source CFD Toolbox           |
|  \\    /   O peration     | Version:  2212                                  |
|   \\  /    A nd           | Website:  www.openfoam.com                      |
|    \\/     M anipulation  |                                                 |
\*---------------------------------------------------------------------------*/
FoamFile
{
    version     2.0;
    format      ascii;
    arch        "LSB;label=32;scalar=64";
    class       volScalarField;
    location    "2.75000000";
    object      A2CH3-2;
}
// * * * * * * * * * * * * * * * * * * * * * * * * * * * * * * * * * * * * * //

dimensions      [0 0 0 0 0 0 0];

internalField   nonuniform List<scalar> 
3000
(
1.285902672e-23
1.506364252e-23
1.843518475e-23
2.300289657e-23
2.875878106e-23
3.556874764e-23
4.30274991e-23
5.022666203e-23
5.542710402e-23
5.079539837e-23
5.988977254e-23
7.382078376e-23
9.278134607e-23
1.16931215e-22
1.4622057e-22
1.800858986e-22
2.166367715e-22
2.489812159e-22
1.242155206e-22
1.481311993e-22
1.852160267e-22
2.366960791e-22
3.041474262e-22
3.890194441e-22
4.911642271e-22
6.047524469e-22
7.029544991e-22
2.668175162e-22
3.227934511e-22
4.111834708e-22
5.370459023e-22
7.070738008e-22
9.276961265e-22
1.199367708e-21
1.501289541e-21
1.750770844e-21
5.490501556e-22
6.749315801e-22
8.776096422e-22
1.173217561e-21
1.582513303e-21
2.124177022e-21
2.795600113e-21
3.528997151e-21
4.110131849e-21
1.117460997e-21
1.395392895e-21
1.850843466e-21
2.528272018e-21
3.482743385e-21
4.75905795e-21
6.338066858e-21
8.031114103e-21
9.331769801e-21
2.279558834e-21
2.887076963e-21
3.896910873e-21
5.420742936e-21
7.591508214e-21
1.050581688e-20
1.409119118e-20
1.787495015e-20
2.071879264e-20
4.679327048e-21
5.996817214e-21
8.210475478e-21
1.15843848e-20
1.642172246e-20
2.292003359e-20
3.086547443e-20
3.914808527e-20
4.528009324e-20
9.665562084e-21
1.250271287e-20
1.730646895e-20
2.467591315e-20
3.527768053e-20
4.950471767e-20
6.680220449e-20
8.466942852e-20
9.776147484e-20
2.005530825e-20
2.612336055e-20
3.645170967e-20
5.236054469e-20
7.528137527e-20
1.05986419e-19
1.431404593e-19
1.812577022e-19
2.089834849e-19
4.171408103e-20
5.460661701e-20
7.662632953e-20
1.10621919e-19
1.596176338e-19
2.25123735e-19
3.040762696e-19
3.84662848e-19
4.429694857e-19
8.680436514e-20
1.140202082e-19
1.606021826e-19
2.326012414e-19
3.363312662e-19
4.747401756e-19
6.410141972e-19
8.100617275e-19
9.318902871e-19
1.804260264e-19
2.3751593e-19
3.35347678e-19
4.866180999e-19
7.043876055e-19
9.943967931e-19
1.341803675e-18
1.693872698e-18
1.946918676e-18
3.740942083e-19
4.930981746e-19
6.971492226e-19
1.012630563e-18
1.466355478e-18
2.069445891e-18
2.789931942e-18
3.517851408e-18
4.04071274e-18
7.729051695e-19
1.019382591e-18
1.442079427e-18
2.095360854e-18
3.033926832e-18
4.27923393e-18
5.762955822e-18
7.256977436e-18
8.331707395e-18
1.589938172e-18
2.097056e-18
2.966586223e-18
4.309622094e-18
6.237174927e-18
8.79177913e-18
1.183401896e-17
1.489736845e-17
1.70744083e-17
3.2546411e-18
4.290987105e-18
6.067050199e-18
8.807647311e-18
1.273548899e-17
1.793148811e-17
2.410477844e-17
3.030392045e-17
3.471064807e-17
6.627771746e-18
8.731808493e-18
1.233506704e-17
1.788894907e-17
2.583718876e-17
3.633353234e-17
4.878069201e-17
6.1256606e-17
7.011256376e-17
1.342496585e-17
1.766992066e-17
2.493356974e-17
3.611616151e-17
5.209658706e-17
7.316610642e-17
9.810981473e-17
1.230700379e-16
1.407581778e-16
2.704631443e-17
3.555866919e-17
5.011121541e-17
7.248784271e-17
1.0441891e-16
1.464527552e-16
1.961362053e-16
2.457746159e-16
2.808937275e-16
5.419160716e-17
7.115986217e-17
1.001405282e-16
1.446461336e-16
2.080624801e-16
2.914137936e-16
3.897797388e-16
4.879065011e-16
5.572226454e-16
1.079871908e-16
1.416130342e-16
1.989857018e-16
2.869782652e-16
4.121747505e-16
5.764714663e-16
7.700629191e-16
9.628933349e-16
1.09890362e-15
2.14004413e-16
2.802549672e-16
3.931733013e-16
5.661253129e-16
8.118353124e-16
1.133780794e-15
1.512541841e-15
1.889251173e-15
2.154574035e-15
4.217773e-16
5.515596242e-16
7.725222481e-16
1.110499484e-15
1.589931499e-15
2.217130417e-15
2.953869062e-15
3.685541616e-15
4.200121491e-15
8.267184525e-16
1.079519541e-15
1.509448503e-15
2.166136588e-15
3.096236922e-15
4.31108003e-15
5.735880256e-15
7.148810949e-15
8.141091434e-15
1.61157838e-15
2.101247288e-15
2.933050608e-15
4.201757611e-15
5.995858694e-15
8.33541603e-15
1.107497166e-14
1.378766919e-14
1.569000827e-14
3.124427881e-15
4.067632416e-15
5.667959351e-15
8.105258849e-15
1.154628287e-14
1.602594463e-14
2.126286548e-14
2.644038773e-14
3.006571816e-14
6.024486961e-15
7.831272581e-15
1.089306008e-14
1.554902123e-14
2.211122987e-14
3.06391232e-14
4.059125279e-14
5.041426434e-14
5.728133991e-14
1.155313949e-14
1.499515288e-14
2.082051052e-14
2.966469376e-14
4.210746686e-14
5.824701482e-14
7.704667153e-14
9.556912459e-14
1.08495288e-13
2.203442735e-14
2.855547549e-14
3.957691527e-14
5.628130942e-14
7.973717067e-14
1.100995839e-13
1.45393131e-13
1.800966853e-13
2.042682721e-13
4.179317515e-14
5.407877651e-14
7.481303062e-14
1.061805881e-13
1.501333081e-13
2.068988709e-13
2.72729973e-13
3.373128275e-13
3.821968396e-13
7.882731083e-14
1.018417667e-13
1.40622158e-13
1.99172515e-13
2.810224992e-13
3.864626257e-13
5.084151731e-13
6.277379218e-13
7.104531345e-13
1.478309717e-13
1.906909714e-13
2.62787911e-13
3.713962436e-13
5.228247485e-13
7.173259245e-13
9.415888641e-13
1.160330574e-12
1.311506667e-12
2.756154548e-13
3.549457211e-13
4.881360771e-13
6.882727851e-13
9.664782472e-13
1.322607554e-12
1.731737325e-12
2.129319029e-12
2.403113614e-12
5.107463271e-13
6.566317787e-13
9.010369686e-13
1.267240063e-12
1.774532382e-12
2.421356536e-12
3.161269061e-12
3.877150639e-12
4.368061767e-12
9.405187985e-13
1.206949012e-12
1.652214113e-12
2.317190579e-12
3.234687848e-12
4.399175291e-12
5.724583055e-12
7.00034632e-12
7.870864393e-12
1.720568097e-12
2.203545286e-12
3.008452305e-12
4.206005497e-12
5.850689255e-12
7.926995452e-12
1.027646616e-11
1.252440796e-11
1.404951819e-11
3.125987471e-12
3.994503873e-12
5.437292127e-12
7.574595813e-12
1.04942737e-11
1.415753114e-11
1.827498283e-11
2.218752262e-11
2.482472545e-11
5.638618674e-12
7.186872193e-12
9.749403869e-12
1.352661583e-11
1.865505535e-11
2.504452775e-11
3.217172132e-11
3.889205918e-11
4.338906488e-11
1.009441307e-11
1.282840731e-11
1.733453379e-11
2.393911507e-11
3.284447346e-11
4.385219444e-11
5.602709672e-11
6.740956742e-11
7.496633744e-11
1.792923062e-11
2.270789561e-11
3.0546737e-11
4.196295684e-11
5.723740892e-11
7.595335371e-11
9.646266165e-11
1.154615756e-10
1.279692364e-10
3.158370562e-11
3.98445585e-11
5.332376083e-11
7.281559769e-11
9.867356218e-11
1.300577458e-10
1.6410914e-10
1.953483111e-10
2.157351642e-10
5.516138993e-11
6.927423311e-11
9.216747461e-11
1.250163595e-10
1.681938572e-10
2.200705492e-10
2.757725694e-10
3.263653645e-10
3.590905338e-10
9.548399021e-11
1.192938759e-10
1.576717838e-10
2.12280345e-10
2.833600234e-10
3.678611236e-10
4.57627798e-10
5.383411331e-10
5.900904089e-10
1.637592101e-10
2.034024767e-10
2.6686756e-10
3.563780065e-10
4.717051419e-10
6.073311936e-10
7.498674598e-10
8.767550854e-10
9.574126545e-10
2.781781046e-10
3.43283342e-10
4.467687287e-10
5.913917896e-10
7.757991541e-10
9.903212176e-10
1.213397514e-09
1.410071229e-09
1.53406698e-09
4.678994159e-10
5.733197431e-10
7.396604358e-10
9.699711957e-10
1.260599641e-09
1.59509847e-09
1.939393518e-09
2.240159476e-09
2.428326674e-09
7.790700624e-10
9.473360127e-10
1.210883573e-09
1.572419369e-09
2.024012788e-09
2.538450204e-09
3.062836119e-09
3.51700202e-09
3.799127213e-09
1.283789618e-09
1.548526774e-09
1.960159535e-09
2.519759887e-09
3.211936472e-09
3.992786132e-09
4.781557441e-09
5.459321437e-09
5.877631498e-09
2.093274344e-09
2.503902408e-09
3.13789188e-09
3.992361405e-09
5.039528737e-09
6.210170601e-09
7.382888803e-09
8.383360836e-09
8.997276033e-09
3.376945011e-09
4.005073598e-09
4.968414854e-09
6.256279901e-09
7.821082952e-09
9.555901754e-09
1.128075363e-08
1.274284773e-08
1.363543888e-08
5.389799266e-09
6.337872081e-09
7.782885478e-09
9.700268482e-09
1.201175223e-08
1.455519167e-08
1.706705942e-08
1.918424539e-08
2.047098573e-08
8.511300156e-09
9.924232138e-09
1.206551311e-08
1.488747877e-08
1.826552301e-08
2.19577507e-08
2.558259383e-08
2.862282836e-08
3.046345036e-08
1.330020716e-08
1.538105579e-08
1.85182173e-08
2.262735814e-08
2.751539456e-08
3.282672059e-08
3.801440417e-08
4.234705459e-08
4.496162044e-08
2.057022033e-08
2.360096847e-08
2.814907678e-08
3.40741173e-08
4.108357793e-08
4.866124742e-08
5.602985989e-08
6.216187245e-08
6.585218367e-08
3.149530427e-08
3.586491888e-08
4.239558402e-08
5.086326477e-08
6.083300886e-08
7.15636086e-08
8.195881239e-08
9.058328974e-08
9.576184285e-08
4.775572012e-08
5.399769939e-08
6.329392254e-08
7.529827699e-08
8.937407871e-08
1.044671599e-07
1.190417196e-07
1.311030031e-07
1.383317686e-07
7.173837457e-08
8.058094899e-08
9.37104752e-08
1.1060549e-07
1.303463536e-07
1.514462627e-07
1.717663865e-07
1.885471322e-07
1.985894427e-07
1.068111051e-07
1.192443036e-07
1.37657613e-07
1.612809924e-07
1.888011242e-07
2.181363165e-07
2.46323669e-07
2.695612228e-07
2.834512173e-07
1.576967711e-07
1.750619055e-07
2.007229287e-07
2.335611389e-07
2.717192264e-07
3.123013579e-07
3.512225645e-07
3.832644176e-07
4.023998566e-07
2.309814849e-07
2.55090342e-07
2.906505227e-07
3.360585236e-07
3.887097741e-07
4.445989904e-07
4.981183355e-07
5.421294574e-07
5.683955217e-07
3.358021537e-07
3.690954736e-07
4.181252088e-07
4.806187131e-07
5.529502978e-07
6.296084638e-07
7.029243069e-07
7.631631092e-07
7.990972384e-07
4.847725173e-07
5.305305016e-07
5.978266898e-07
6.834707061e-07
7.824477495e-07
8.872079102e-07
9.87299683e-07
1.069484738e-06
1.118495722e-06
6.952253771e-07
7.578471197e-07
8.498414192e-07
9.667658816e-07
1.101723057e-06
1.244412034e-06
1.380633125e-06
1.492429707e-06
1.559088401e-06
9.908714495e-07
1.076244897e-06
1.201544067e-06
1.360626094e-06
1.544050359e-06
1.737812719e-06
1.922675383e-06
2.074339687e-06
2.164763942e-06
1.404000316e-06
1.519990153e-06
1.69008862e-06
1.90585235e-06
2.154415746e-06
2.416801454e-06
2.667013193e-06
2.8722431e-06
2.994606068e-06
1.978377415e-06
2.135465581e-06
2.365681213e-06
2.657480086e-06
2.993397239e-06
3.347791828e-06
3.685618684e-06
3.962673105e-06
4.127871867e-06
2.773021804e-06
2.985143825e-06
3.29584004e-06
3.689401214e-06
4.142203385e-06
4.619697902e-06
5.074747721e-06
5.447911057e-06
5.670441127e-06
3.867078717e-06
4.152706824e-06
4.57087555e-06
5.100300862e-06
5.709135226e-06
6.350950766e-06
6.962486196e-06
7.463967997e-06
7.763057117e-06
5.366020406e-06
5.749550849e-06
6.310839948e-06
7.021168628e-06
7.837743146e-06
8.698336449e-06
9.518237806e-06
1.019060584e-05
1.059166533e-05
7.409412932e-06
7.922916626e-06
8.674187062e-06
9.62462616e-06
1.071691944e-05
1.186789278e-05
1.296438599e-05
1.386362564e-05
1.440007258e-05
1.018046317e-05
1.086585168e-05
1.186833755e-05
1.313624772e-05
1.459307823e-05
1.612798645e-05
1.759021873e-05
1.878948371e-05
1.950498021e-05
1.391749583e-05
1.482913283e-05
1.616224254e-05
1.784791777e-05
1.978440351e-05
2.182447445e-05
2.376794345e-05
2.536200611e-05
2.631311305e-05
1.892738731e-05
2.013513302e-05
2.190086293e-05
2.413305085e-05
2.66968719e-05
2.939752827e-05
3.197023628e-05
3.408044942e-05
3.533945926e-05
2.560078104e-05
2.719338696e-05
2.952121166e-05
3.246317474e-05
3.584138932e-05
3.939927446e-05
4.278817251e-05
4.556750614e-05
4.72254725e-05
3.442859836e-05
3.651726921e-05
3.956922268e-05
4.342495386e-05
4.785088254e-05
5.251060622e-05
5.694761915e-05
6.058552724e-05
6.275503028e-05
4.601894342e-05
4.874075728e-05
5.271625301e-05
5.773619772e-05
6.349518609e-05
6.955494517e-05
7.532201821e-05
8.004815748e-05
8.286535697e-05
6.111300456e-05
6.463369599e-05
6.977307164e-05
7.625791677e-05
8.369140271e-05
9.150657754e-05
9.89383027e-05
0.0001050241682
0.0001086495522
8.059707847e-05
8.511225909e-05
9.169840657e-05
0.0001000007286
0.0001095070822
0.0001194900637
0.0001289725952
0.0001367299779
0.0001413471635
0.0001055082523
0.0001112430119
0.0001196001759
0.0001301219674
0.000142152561
0.0001547674312
0.0001667323614
0.0001765075942
0.0001823195881
0.0001370312639
0.0001442368799
0.0001547252854
0.0001679102629
0.0001829594875
0.0001987102887
0.0002136224153
0.0002257856306
0.0002330081395
0.0001764824491
0.0001854297182
0.0001984352856
0.0002147550462
0.0002333433714
0.0002527551989
0.0002710936283
0.0002860227019
0.0002948743532
0.0002252784621
0.0002362473295
0.0002521661021
0.000272099814
0.0002947497177
0.0003183426408
0.0003405753713
0.0003586347366
0.0003693243414
0.0002848886803
0.000298154334
0.0003173719729
0.0003413802069
0.0003685858411
0.0003968426617
0.0004233955592
0.000444910423
0.0004576213024
0.0003567723467
0.0003725886003
0.0003954562698
0.0004239508144
0.0004561436775
0.0004894739281
0.0005206960401
0.0005459225949
0.0005607920585
0.0004423039319
0.000460885451
0.0004876945159
0.0005210074965
0.0005585222972
0.0005972273255
0.00063335745
0.000662453038
0.0006795495127
0.0005426923134
0.0005641978308
0.0005951566581
0.0006335135055
0.0006765603275
0.0007208077899
0.0007619535616
0.0007949609976
0.0008143134606
0.000658900626
0.000683419474
0.0007186357249
0.000762136322
0.0008107845105
0.0008606002566
0.0009067406195
0.0009436682212
0.0009652901547
0.0007915741237
0.0008191184035
0.0008585899602
0.0009072012472
0.0009613761301
0.001016660758
0.001067751445
0.001108564591
0.001132432834
0.0009409838607
0.0009714891771
0.001015108469
0.001068676654
0.001128227127
0.001188865365
0.001244790555
0.001289391145
0.001315445929
0.001106996252
0.001140334374
0.00118793524
0.001246297575
0.001311046628
0.001376845488
0.001437416982
0.001485649121
0.001513797564
0.001289223555
0.001325275023
0.001376685072
0.001439617898
0.001509310289
0.001580001123
0.001644964335
0.001696621456
0.001726742131
0.001487147042
0.001525754137
0.00158074493
0.001647961608
0.001722273826
0.001797522967
0.00186656756
0.001921401419
0.001953349679
0.001700018958
0.001740989681
0.001799285656
0.001870446252
0.001948999905
0.002028422575
0.002101195145
0.002158925736
0.002192539346
0.001926884732
0.00197000059
0.002031290642
0.002106015455
0.002188392281
0.002271567387
0.002347684488
0.002408009938
0.002443114613
0.002166618738
0.002211643398
0.002275592962
0.002353476581
0.002439233298
0.002525717663
0.002604778106
0.00266738391
0.002703798432
0.002417965675
0.002464653227
0.002530915576
0.002611539939
0.002700221798
0.002789562965
0.002871158782
0.002935725957
0.002973266706
0.002679582785
0.002727684988
0.002795911101
0.002878856819
0.002970009243
0.003061756393
0.00314548212
0.003211694119
0.003250178897
0.002950079823
0.002999352115
0.003069198798
0.003154054433
0.003247232512
0.003340945319
0.003426405503
0.003493953761
0.003533204874
0.003228054895
0.00327826108
0.003349397294
0.003435766561
0.003530542378
0.003625797805
0.003712612758
0.003781201017
0.003821047717
0.003512125053
0.003563040747
0.003635152227
0.003722659216
0.003818627142
0.003915024388
0.004002834417
0.004072181886
0.004112462158
0.003800951152
0.003852366088
0.003925158441
0.004013451139
0.004110231424
0.004207395247
0.004295863479
0.00436570698
0.004406268786
0.004093257041
0.004144976466
0.004218177027
0.00430692939
0.004404170238
0.004501752898
0.004590566954
0.004660662225
0.004701364282
0.004387843493
0.004439688786
0.004513047432
0.004601960285
0.004699338759
0.004797020861
0.004885893613
0.004956015927
0.004996728108
0.00468359735
0.00473540606
0.00480869524
0.004897496294
0.00499471832
0.005092208827
0.005180878448
0.005250822706
0.005291426143
0.004979496639
0.005031122107
0.005104136316
0.005192579543
0.005289379264
0.005386414904
0.005474644393
0.005544224822
0.005584611781
0.005274612408
0.00532592311
0.005398477984
0.005486342567
0.005582481255
0.005678825507
0.005766401847
0.00583545141
0.005875524998
0.005568108019
0.005618986737
0.005690917915
0.005778006931
0.005873271617
0.005968713429
0.006055446506
0.006123816113
0.00616348986
0.00585923654
0.005909579446
0.005980741313
0.006066880272
0.006161082231
0.006255434573
0.006341155939
0.006408713535
0.006447910898
0.006147336809
0.006197052519
0.006267316912
0.006352352236
0.006445325394
0.006538423745
0.006622985304
0.006689614874
0.006728268681
0.006431828632
0.006480837269
0.006550092178
0.006633889696
0.006725489037
0.006817189841
0.006900462498
0.006966063036
0.007004114906
0.006712207461
0.006760439752
0.006828588075
0.00691103154
0.007001131539
0.007091310685
0.007173182993
0.007237667459
0.007275067195
0.00698803884
0.007035435255
0.007102393598
0.007183383279
0.007271876385
0.007360427718
0.007440804551
0.007504098827
0.007540803819
0.007258952801
0.007305462742
0.007371160291
0.007450611615
0.007537406803
0.007624240686
0.007703041942
0.007765083813
0.007801058433
0.007524638354
0.007570219392
0.00763459684
0.007712439119
0.007797460499
0.007882502433
0.007959661777
0.008020399936
0.008055614954
0.007784838149
0.007829455305
0.00789246385
0.007968639065
0.008051824561
0.008135013863
0.008210477523
0.008269870604
0.008304302623
0.008039343377
0.008082968453
0.008144568843
0.008219030496
0.008300330594
0.008381619134
0.008455344742
0.008513360399
0.008546991297
0.008287988937
0.008330599876
0.008390761515
0.008463473546
0.0085428501
0.008622201099
0.008694156587
0.008750770598
0.00878358701
0.008530648879
0.008572229172
0.008630929276
0.008701865034
0.008779290141
0.008856677015
0.008926839543
0.008982034998
0.009014027828
0.008767232141
0.008807770271
0.008864993064
0.008934134313
0.00900958919
0.009084994499
0.009153349536
0.009207116035
0.009238279967
0.008997678521
0.0090371674
0.009092903342
0.009160239378
0.009233713466
0.009307127911
0.009373668252
0.009426001137
0.009456334195
0.009221954966
0.009260391464
0.009314636589
0.009380163396
0.009451653372
0.009523074828
0.009587799717
0.009638699383
0.009668202518
0.009440052216
0.009477436695
0.009530191937
0.009593911375
0.009663420259
0.009732852878
0.009795767197
0.009845238437
0.009873915148
0.009651981641
0.009688317519
0.009739588092
0.009801507137
0.009869043473
0.009936496855
0.009997610363
0.01004566177
0.01007351774
0.009857772354
0.009893065696
0.009942860515
0.01000299057
0.01006856765
0.01013405608
0.01019338271
0.01024002612
0.01026706891
0.01005746857
0.01009172771
0.01014005886
0.01019841509
0.01026205028
0.01032559201
0.01038314924
0.01042839922
0.01045463796
0.0102511272
0.0102843624
0.01033124466
0.01038784543
0.01044955949
0.0105111761
0.01056698437
0.01061085776
0.01063630288
0.01043881571
0.01047103885
0.01051648922
0.01057135556
0.01063117207
0.01069088792
0.01074497008
0.01078748558
0.01081214856
0.01062061019
0.01065183445
0.01069587179
0.01074902687
0.01080697173
0.01086481339
0.01091719425
0.01095837207
0.01098226525
0.0107965936
0.01082683325
0.01086947788
0.01092094662
0.01097704755
0.01103304335
0.01108374925
0.01112361074
0.01114674711
0.01096685426
0.01099612441
0.0110373978
0.01108720648
0.01114149261
0.01119567223
0.01124473068
0.01128329806
0.0113056911
0.01113148454
0.01115980093
0.01119972543
0.01124790132
0.01130040283
0.01135279695
0.01140023629
0.01143753241
0.01145919593
0.01129057967
0.01131795849
0.01135655708
0.01140312816
0.01145387597
0.01150451592
0.01155036506
0.01158641316
0.01160736121
0.01144423676
0.01147069452
0.01150799057
0.0115529853
0.01160201077
0.01165092829
0.01169521645
0.01173004
0.01175028672
0.01159255397
0.01161810734
0.01165412446
0.01169757152
0.01174490624
0.01179213325
0.01183488978
0.0118685123
0.01188807187
0.01173562977
0.0117602955
0.01179505736
0.01183698551
0.01188266109
0.0119282295
0.01196948369
0.01200192865
0.0120208152
0.01187356243
0.01189735722
0.01193088745
0.01197132534
0.01201537326
0.01205931483
0.0120990958
0.0121303865
0.01214861403
0.01200644947
0.01202938995
0.012061712
0.01210068809
0.01214313959
0.01218548579
0.01222382237
0.01225398185
0.01227156423
0.01213438739
0.01215649
0.01218762712
0.01222516955
0.01226605552
0.01230683744
0.01234375811
0.01237280912
0.01238976001
0.01225747134
0.01227875235
0.01230872748
0.01234486403
0.01238421494
0.01242346323
0.01245899604
0.012486961
0.01250329386
0.01237579499
0.01239627041
0.01242510616
0.01245986421
0.01249771007
0.0125354549
0.01256962746
0.01259652838
0.01261225646
0.01248945037
0.01250913597
0.01253685459
0.01257026109
0.01260663139
0.01264290246
0.01267574189
0.01270160043
0.01271673671
0.01259852785
0.01261743916
0.01264406254
0.01267614395
0.01271106772
0.01274589417
0.01277742715
0.01280226456
0.0128168218
0.01270311616
0.01272126843
0.01274681808
0.01277760044
0.0128111062
0.0128445167
0.01287476942
0.01289860659
0.01291259732
0.01280330239
0.01282071061
0.01284520769
0.01287471661
0.01290683241
0.01293885515
0.01296785335
0.01299071082
0.01300414735
0.01289917211
0.01291585105
0.01293931638
0.01296757705
0.01299833049
0.0130289932
0.01305676224
0.0130786602
0.01309155461
0.01299080947
0.01300677367
0.01302922776
0.01305626501
0.01308568327
0.01311501328
0.01314157813
0.01316253647
0.01317490067
0.01307829737
0.01309356115
0.01311502424
0.01314086254
0.01316897246
0.01319699673
0.01322238202
0.01324242036
0.01325426606
0.01316171755
0.01317629509
0.01319678714
0.0132214507
0.01324827878
0.01327502396
0.01329925404
0.01331839176
0.01332973052
0.01324115083
0.01325505613
0.01327459693
0.01329810968
0.01332368217
0.01334917465
0.01337227361
0.01339052989
0.01340137313
0.01331667726
0.01332992419
0.01334853333
0.01337091903
0.01339526196
0.0134195279
0.01344151965
0.0134589135
0.01346927252
0.01338837627
0.01340097862
0.01341867557
0.01343995781
0.01346309705
0.01348616245
0.01350707075
0.01352362106
0.01353350705
0.01345632687
0.01346829835
0.0134851025
0.01350530475
0.01352726605
0.01354915683
0.01356900533
0.01358473089
0.01359415497
0.01352060784
0.01353196211
0.01354789277
0.01356703847
0.01358784753
0.01360858953
0.01362740183
0.01364232136
0.01365129457
0.01358129785
0.01359204856
0.01360712504
0.01362523759
0.0136449201
0.01366453913
0.01368233881
0.01369647104
0.01370500438
0.01363847565
0.01364863646
0.01366287807
0.0136799809
0.01369856256
0.0137170845
0.01373389516
0.01374725878
0.01375536323
0.01369222019
0.01370180478
0.01371523088
0.01373134749
0.0137488541
0.01376630486
0.01378215017
0.01379476391
0.01380245041
0.0137426108
0.01375163288
0.01376426291
0.01377941688
0.01379587431
0.01381227993
0.01382718362
0.01383906628
0.01384634578
0.01378972721
0.01379820058
0.01381005406
0.0138242691
0.01383970338
0.01385509002
0.01386907595
0.01388024637
0.01388712982
0.01383364973
0.01384158827
0.01385268483
0.01386598481
0.01388042211
0.01389481609
0.01390790826
0.01391838538
0.01392488374
0.01387445932
0.01388187697
0.01389223641
0.01390464532
0.01391811201
0.01393153983
0.01394376237
0.01395356524
0.01395968947
0.01391223761
0.01391914842
0.01392879066
0.01394033272
0.01395285535
0.0139653437
0.01397672091
0.01398586866
0.01399162977
0.01394706699
0.01395348512
0.01396243023
0.01397312982
0.01398473516
0.01399631092
0.01400686727
0.01401537916
0.01402078818
0.01397903062
0.01398497034
0.01399323856
0.01400312026
0.01401383528
0.01402452553
0.01403428566
0.01404218106
0.01404724903
0.01400821246
0.01401368814
0.01402129985
0.01403038844
0.01404024032
0.01405007235
0.01405906106
0.01406635945
0.01407109745
0.01403469722
0.01403972335
0.01404669911
0.01405501954
0.01406403566
0.01407303697
0.01408127923
0.01408800018
0.0140924193
0.01405857041
0.01406316157
0.01406952208
0.01407709951
0.01408530744
0.01409350568
0.01410102662
0.0141071898
0.01411130116
0.01407991826
0.01408408913
0.01408985523
0.01409671496
0.01410414246
0.01411156547
0.01411839034
0.01412401553
0.01412783025
0.01409882768
0.01410259304
0.01410778568
0.01411395319
0.01412062818
0.01412730394
0.01413345812
0.01413856515
0.01414209436
0.01411538622
0.01411876091
0.01412340118
0.01412890207
0.0141348526
0.01414080923
0.01414631821
0.01415092697
0.01415418181
0.01412968199
0.01413268092
0.01413679
0.01414164998
0.01414690424
0.01415216996
0.01415705931
0.01416118975
0.01416418133
0.01414180361
0.01414444175
0.01414804089
0.01415228578
0.01415687203
0.01416147517
0.01416577051
0.0141694426
0.01417218203
0.01415184012
0.01415413248
0.01415724301
0.0141608987
0.0141648453
0.01416881422
0.01417254123
0.01417577495
0.01417827332
0.01415988094
0.01416184257
0.01416448585
0.01416757829
0.01417091364
0.01417427677
0.01417746116
0.01418027651
0.01418254488
0.01416601581
0.01416766178
0.0141698592
0.01417241438
0.01417516693
0.01417795273
0.01418062022
0.01418303718
0.01418508658
0.01417033475
0.01417168015
0.01417345314
0.01417549707
0.01417769529
0.01417993224
0.01418210856
0.01418414712
0.01418598857
0.01417292805
0.01417398798
0.01417535801
0.01417691674
0.01417858914
0.01418030575
0.01418201665
0.01418369681
0.01418534129
0.01417388634
0.01417467591
0.01417566446
0.01417676408
0.01417793922
0.01417916403
0.01418043531
0.01418177707
0.01418323559
0.0141733006
0.01417383497
0.01417446357
0.01417513024
0.01417583675
0.0141765984
0.01417745593
0.01417847937
0.01417976293
0.01417126236
0.01417155675
0.01417184702
0.01417210701
0.01417237365
0.01417270091
0.01417317069
0.01417389598
0.01417501566
0.01416786389
0.01416793359
0.01416790731
0.01416778706
0.01416764281
0.01416756468
0.01416767295
0.01416812046
0.01416908743
0.0141631985
0.01416305897
0.01416273811
0.01416226437
0.01416173853
0.01416128438
0.01416105768
0.01416124806
0.01416207367
0.01415736097
0.01415702788
0.01415643474
0.01415563466
0.01415475702
0.01415395672
0.01415342213
0.01415337645
0.01415407228
0.01415044804
0.01414993737
0.01414909473
0.01414799603
0.01414679706
0.01414568121
0.01414486651
0.01414460641
0.01414518443
0.01414255906
0.01414188722
0.01414081847
0.01413944969
0.01413796078
0.01413656096
0.01413549486
0.0141350428
0.01413551545
0.01413379675
0.01413298072
0.01413171008
0.01413010081
0.01412835458
0.01412670366
0.01412541613
0.01412479557
0.01412517592
0.01412426802
0.01412332552
0.0141218783
0.01412005948
0.0141180901
0.0141162226
0.01411474516
0.0141139809
0.01411428282
0.01411408499
0.01411303465
0.01411143749
0.01410944177
0.01410728533
0.01410523779
0.01410360393
0.01410272236
0.0141029607
0.01410336593
0.01410222753
0.0141005087
0.01409837075
0.01409606568
0.01409387711
0.01409212264
0.01409115208
0.01409134287
0.01409223631
0.01409103093
0.01408922064
0.01408697755
0.01408456503
0.0140822773
0.01408044075
0.01407941178
0.01407957241
0.01408082968
0.01407957995
0.01407771063
0.01407540225
0.0140729266
0.01407058483
0.01406870782
0.01406765352
0.01406780293
0.01406928848
0.01406801874
0.01406612527
0.01406379453
0.01406130351
0.0140589564
0.01405708392
0.01405604013
0.01405619892
0.01405776449
0.01405650094
0.01405462086
0.01405231395
0.01404985898
0.01404755901
0.01404573957
0.01404474501
0.01404493551
0.01404641893
0.01404518965
0.01404336322
0.01404112967
0.0140387659
0.01403656933
0.01403485496
0.01403395119
0.01403419744
0.01403542192
0.01403425687
0.01403252697
0.0140304195
0.01402820559
0.01402617226
0.01402461825
0.01402384943
0.01402417702
0.01402495128
0.01402388208
0.01402229394
0.01402036809
0.01401836574
0.01401655847
0.01401522279
0.01401463517
0.01401507095
0.0140151904
0.01401424999
0.01401285063
0.01401116402
0.01400943709
0.01400792073
0.01400686311
0.01400650424
0.01400707579
0.01400632514
0.01400554717
0.01400438456
0.0140029958
0.01400160903
0.01400044907
0.01399972956
0.0139996471
0.01400038201
0.01399853951
0.01399795757
0.01399707943
0.01399604657
0.01399506377
0.01399432443
0.01399400156
0.0139942417
0.01399516664
0.01399201025
0.01399165682
0.01399110906
0.01399048765
0.01398996941
0.01398971114
0.01398983957
0.01399044509
0.01399158454
0.0139869002
0.01398680531
0.01398663013
0.01398647075
0.01398647167
0.01398674828
0.01398737595
0.01398838383
0.01398975874
0.01398335066
0.01398354035
0.01398377396
0.01398411942
0.01398468488
0.0139855401
0.01398670503
0.01398814385
0.01398977
0.01398147284
0.01398196741
0.01398263756
0.01398351978
0.01398468239
0.01398614621
0.01398787303
0.01398976011
0.01399164643
0.01398133891
0.01398215111
0.01398327438
0.01398471108
0.01398648699
0.01398857189
0.0139908683
0.01399320684
0.01399535371
0.01398297307
0.01398410618
0.01398568535
0.01398767676
0.01399006206
0.01399275932
0.01399561273
0.01399838917
0.01400078686
0.01398634311
0.01398778919
0.01398981072
0.01399233665
0.01399530408
0.01399858056
0.01400195522
0.01400513699
0.01400776439
0.01399135325
0.01399309166
0.01399552363
0.01399854094
0.01400203737
0.01400583306
0.01400966794
0.01401320189
0.01401602573
0.01399783896
0.01399983525
0.0140026259
0.0140060669
0.01401001167
0.01401423833
0.01401844611
0.014022258
0.01402523255
0.01400556434
0.01400776972
0.01401084681
0.01401461876
0.01401890341
0.01402344456
0.01402791202
0.01403190699
0.01403497461
0.01401422268
0.01401657426
0.01401984554
0.01402383134
0.01402832083
0.01403303342
0.01403762332
0.01404168779
0.01404478019
0.01402344077
0.0140258625
0.01402921723
0.01403327775
0.01403781326
0.01404253101
0.01404708561
0.01405109046
0.01405413071
0.01403278689
0.01403519139
0.0140385032
0.01404248088
0.01404688435
0.01405142273
0.01405576884
0.01405957373
0.01406247908
0.01404178258
0.01404407378
0.01404720448
0.01405092843
0.01405500849
0.01405917117
0.01406312649
0.01406658525
0.01406927039
0.01404991761
0.01405199403
0.01405479849
0.01405809062
0.01406164966
0.01406523601
0.01406861621
0.01407158267
0.01407396325
0.01405666744
0.01405842596
0.01406075761
0.01406343942
0.01406628125
0.01406909418
0.01407172021
0.014074054
0.01407604998
0.01406151202
0.01406285191
0.01406456838
0.01406646789
0.01406840536
0.01407025883
0.0140719636
0.01407353508
0.01407507344
0.01406395457
0.01406478132
0.01406574987
0.01406670816
0.01406757005
0.01406829581
0.01406892985
0.01406962355
0.01407063968
0.01406353871
0.01406376749
0.01406386984
0.01406374664
0.01406338379
0.01406283706
0.01406227518
0.01406200064
0.01406244712
0.01405986259
0.01405942114
0.0140585574
0.01405723547
0.01405552668
0.0140535965
0.01405174687
0.01405043779
0.01405028042
0.0140525892
0.01405142011
0.01404951306
0.01404690671
0.01404376616
0.01404037421
0.01403717323
0.01403478546
0.01403400264
0.01404146207
0.01403952671
0.01403652489
0.01403257654
0.01402794801
0.01402304524
0.01401845514
0.01401496429
0.01401354547
0.01402630833
0.01402358328
0.01401945631
0.0140141335
0.01400798732
0.01400155024
0.01399555538
0.01399095351
0.01398889718
0.01400702648
0.01400350167
0.01399823745
0.01399152917
0.0139838579
0.01397588391
0.01396848622
0.01396277811
0.0139600895
0.01398357686
0.01397925315
0.01397285448
0.01396476671
0.01395558017
0.01394608237
0.0139372965
0.01393049575
0.01392718461
0.01395597025
0.01395085682
0.01394333756
0.01393388863
0.01392320868
0.01391221069
0.01390205937
0.01389418479
0.01389026332
0.01392425566
0.01391836727
0.01390974856
0.01389896455
0.01388682024
0.01387435141
0.01386286128
0.01385393389
0.01384941511
0.01388850822
0.01388186268
0.01387216939
0.01386007998
0.01384650317
0.01383259455
0.01381979295
0.01380983382
0.01380473081
0.01384881797
0.0138414339
0.01383069151
0.01381732638
0.01380234806
0.01378702908
0.01377294157
0.01376197131
0.01375629901
0.01380528022
0.0137971751
0.0137854071
0.01377079294
0.01375444004
0.01373773522
0.01372238258
0.01371041233
0.01370417
0.01375798768
0.01374917636
0.01373640219
0.01372056027
0.01370285313
0.01368477844
0.01366816296
0.01365518713
0.01364837372
0.01370702481
0.01369751827
0.01368375172
0.01366669607
0.01364764132
0.0136281906
0.01361030382
0.01359631567
0.01358892681
0.01365246455
0.01364226883
0.0136275136
0.01360923922
0.01358882606
0.01356798842
0.01354881716
0.01353380333
0.01352583077
0.01359435124
0.01358346125
0.01356770775
0.01354820288
0.01352641714
0.01350417408
0.01348369728
0.01346763809
0.01345907006
0.0135326982
0.01352110603
0.01350434258
0.01348359015
0.01346040885
0.01343673272
0.01341492115
0.01339779039
0.01338861116
0.01346750932
0.01345520358
0.01343741188
0.01341538664
0.01339077799
0.01336563226
0.01334244814
0.01332421263
0.01331440225
0.0133987721
0.01338573688
0.01336689211
0.01334356087
0.01331748416
0.01329082302
0.01326621974
0.01324683903
0.01323637319
0.0133264573
0.01331267211
0.013292743
0.01326806436
0.01324046967
0.01321223772
0.01318615965
0.01316558593
0.01315443592
0.01325051925
0.01323595892
0.01321490747
0.01318883172
0.01315965978
0.01312979197
0.01310217441
0.0130803525
0.01306848521
0.01317089589
0.01315553052
0.01313331196
0.01310578104
0.01307496325
0.01304338494
0.01301415425
0.01299102169
0.01297839963
0.0130875091
0.01307130413
0.013047867
0.01301881464
0.01298627322
0.01295290038
0.01292197418
0.01289746139
0.01288404287
0.01300026551
0.01298318179
0.01295846812
0.01292782005
0.01289346834
0.01285820787
0.01282549532
0.01279952592
0.01278526513
0.01290905743
0.01289105144
0.01286499698
0.01283267126
0.0127964141
0.01275916423
0.01272456643
0.01269705755
0.01268190491
0.01281376414
0.01279478816
0.0127673227
0.01273323011
0.01269496426
0.01265561499
0.01261902551
0.01258988839
0.01257379134
0.0127142533
0.01269425564
0.01266530336
0.01262934782
0.01258896244
0.01254739604
0.01250870128
0.01247784136
0.01246074193
0.01261038246
0.01258930778
0.01255878762
0.01252086665
0.01247824384
0.01243433537
0.01239341501
0.0123607303
0.01234256731
0.01250200075
0.01247979031
0.01244761645
0.01240762175
0.01236263718
0.01231625505
0.01227298073
0.01223836464
0.01221907426
0.01238895069
0.01236554273
0.01233162499
0.01228944308
0.01224196618
0.01219297121
0.01214720972
0.0121105517
0.01209006759
0.0122710701
0.0122464002
0.01221064456
0.01216615634
0.0121160503
0.0120642988
0.01201591262
0.01197709861
0.01195535241
0.01214819413
0.01212219483
0.01208450279
0.01203758486
0.01198470911
0.01193005344
0.01187890133
0.01183781429
0.0118147356
0.01202015447
0.01199275634
0.01195302714
0.01190355335
0.01184776413
0.01179005333
0.01173599099
0.01169251108
0.01166802733
0.01188678446
0.01185791681
0.01181604786
0.0117638898
0.01170504089
0.01164412156
0.01158700225
0.0115410073
0.01151504481
0.01174792124
0.01171751243
0.01167339985
0.01161842763
0.01155637127
0.01149208837
0.01143176364
0.01138313075
0.01135561538
0.01160340764
0.01157138557
0.01152492488
0.01146700802
0.01140159574
0.01133379356
0.01127011517
0.0112187218
0.01118957962
0.01145309442
0.01141938704
0.01137047394
0.01130948203
0.01124056581
0.01116908997
0.01110191133
0.01104763656
0.01101679457
0.01129684254
0.0112613782
0.01120990902
0.01114571317
0.01107314742
0.01099784655
0.01092702429
0.01086975014
0.01083713714
0.01113452454
0.01109723288
0.01104310628
0.01097558082
0.01089922402
0.01081995145
0.0107453472
0.01068496013
0.01065050762
0.01096602805
0.01092684099
0.01086995913
0.01079898316
0.01071869962
0.01063531535
0.0105567976
0.01049319014
0.01045683332
0.01079125883
0.01075011142
0.01069038125
0.01061584018
0.01053150199
0.01044387473
0.01036132091
0.01029439345
0.01025607234
0.01061014349
0.01056697485
0.01050430944
0.01042609683
0.01033758586
0.01024559531
0.01015889401
0.01008855666
0.01004821727
0.0104226324
0.01037738665
0.0103117067
0.01022972608
0.01013693622
0.01004047544
0.009949528743
0.0098757034
0.009833298943
0.01022870244
0.01018132982
0.01011256517
0.01002673205
0.009929571551
0.009828549482
0.009733275485
0.009655897872
0.009611390071
0.01002835991
0.009978817863
0.009906909161
0.009817153139
0.009715547047
0.009609891136
0.009510226457
0.009429248318
0.009382608724
0.009821643323
0.009769897633
0.009694798036
0.009601064969
0.009494957647
0.009384616528
0.009280518941
0.009195910221
0.009147121553
0.009608626086
0.009554652115
0.00947632904
0.009378583254
0.009267940927
0.009152887138
0.009044338178
0.008956089219
0.008905146697
0.009389419121
0.009333202997
0.009251639888
0.009149866407
0.00903467972
0.008914912388
0.008801919937
0.00871004361
0.008656956252
0.009164173205
0.009105713029
0.00902091111
0.008915117856
0.008795404383
0.008670951861
0.008553552639
0.008458086384
0.008402878241
0.008933081032
0.008872388053
0.008784368034
0.008674587969
0.008550394645
0.008421317036
0.00829957898
0.008200586698
0.008143297974
0.008696378856
0.008633478569
0.008542282262
0.008428575424
0.008299980869
0.008166372413
0.008040396889
0.007937970681
0.007878658696
0.008454347584
0.00838928063
0.008294972371
0.00817742779
0.008044544602
0.007906536071
0.007776459951
0.007670721473
0.007609461351
0.008207314202
0.008140137548
0.008042805899
0.007921543406
0.007784519631
0.007642279355
0.007508275977
0.007399377869
0.007336263201
0.007955653891
0.007886441696
0.007786200194
0.007661371133
0.007520391136
0.007374126146
0.007236406039
0.007124532003
0.007059675632
0.00769978844
0.007628632548
0.007525620491
0.007397408659
0.007252694081
0.007102650803
0.006961462494
0.006846827766
0.006780361367
0.007440185467
0.007367195762
0.007261578704
0.00713020089
0.006982011074
0.006828475586
0.006684105493
0.006566956686
0.006499030607
0.007177356989
0.007102661564
0.006994631487
0.006860337556
0.006708969456
0.006552267122
0.006405038926
0.006285653136
0.006216435876
0.006911857308
0.006835602373
0.006725377482
0.006588449955
0.006434237415
0.00627473185
0.006125005176
0.006003688663
0.005933365957
0.006644280158
0.006566629688
0.006454453783
0.006315206872
0.006158519268
0.005996610589
0.005844779024
0.00572186534
0.005650638896
0.006375255132
0.006296390219
0.006182531634
0.006041309708
0.005882549928
0.005718672308
0.005565160735
0.005441008256
0.00536909415
0.006105443391
0.006025561279
0.005910311365
0.005767486852
0.005607088607
0.005441707127
0.005286968377
0.005161957276
0.005089584018
0.005835532677
0.0057548455
0.005638516657
0.005494487354
0.005332911847
0.005166518653
0.005011029517
0.004885558209
0.004812964493
0.005566231698
0.005484964898
0.005367888158
0.005223074004
0.00506080596
0.004893915785
0.004738172424
0.00461265353
0.004540085723
0.005298263926
0.005216654388
0.005099176575
0.004954015902
0.004791559024
0.004624704118
0.004469216947
0.00434407285
0.004271782243
0.005032360927
0.004950654836
0.004833135349
0.004688080647
0.004525952568
0.004359677144
0.004204965283
0.004080623388
0.004008863212
0.00476925531
0.004687705766
0.004570513006
0.004426026302
0.004264753106
0.004099607373
0.003946192764
0.003823080489
0.00375210294
0.004509673412
0.004428537842
0.004312045371
0.004168593284
0.004008703714
0.00384523764
0.003693638963
0.003572178632
0.0035022318
0.004254327866
0.004173865286
0.004058447788
0.003916496377
0.003758515853
0.00359727279
0.003447999322
0.003328603076
0.003259927899
0.004003910211
0.003924378399
0.003810407535
0.003670417045
0.003514861641
0.003356371987
0.003209917572
0.003092982438
0.003025809796
0.003759083714
0.003680736369
0.003568576631
0.003430996304
0.00327836685
0.003123141935
0.002979979261
0.002865882556
0.002800430611
0.003520476624
0.003443560592
0.0033335653
0.003198828412
0.003049604952
0.002898131392
0.002758706835
0.002647802122
0.002584274042
0.003288676127
0.003213428825
0.003105936442
0.002974455809
0.002829092693
0.00268182755
0.002546556905
0.002439170822
0.002377753095
0.003064223413
0.002990870602
0.002886201608
0.002758365894
0.002617287922
0.002474655138
0.002343920793
0.00224035122
0.002181212885
0.002847610631
0.002776364775
0.002674819472
0.002550990794
0.002414591052
0.00227697993
0.002151130251
0.0020516466
0.001994939919
0.002639281115
0.002570340682
0.002472198478
0.002352712093
0.002221352496
0.00208911946
0.00196847183
0.001873318788
0.001819182291
0.002439636424
0.00237318669
0.002278707763
0.002163875083
0.002037891238
0.001911366836
0.001796216495
0.001705623351
0.001654188779
0.002249057719
0.002185273843
0.002094704418
0.001984821166
0.001864534039
0.001744038305
0.001634676573
0.001548875636
0.0015002813
0.002067962501
0.002007015943
0.001920598852
0.001815960628
0.001701697906
0.001587567649
0.00148431366
0.001403572064
0.001357985952
0.001896947185
0.001839015567
0.00175700644
0.00165793256
0.001550061305
0.001442691752
0.001345940904
0.001270609326
0.001228265227
0.0017371601
0.001682437153
0.001605120775
0.001511978578
0.001410939207
0.00131082851
0.001221106119
0.001151675073
0.001112916113
0.001591282539
0.001539969251
0.001467648491
0.001380839618
0.001287128998
0.001194860234
0.00111280904
0.001049912562
0.001015212067
0.00146621791
0.001418414175
0.001351241534
0.001270976092
0.001184872109
0.001100804605
0.001026874311
0.0009710294394
0.0009408478388
0.001380404447
0.001335599032
0.00127281531
0.00119812518
0.001118509492
0.00104146619
0.0009745620047
0.0009249534003
0.0008989528752
1.184754107e-23
4.661319806e-23
1.13277099e-22
2.41500225e-22
4.928651711e-22
9.950178336e-22
2.014867887e-21
4.110348136e-21
8.448332465e-21
1.74642328e-20
3.622696996e-20
7.524668792e-20
1.562161487e-19
3.236724963e-19
6.685229924e-19
1.375211432e-18
2.815780973e-18
5.736528843e-18
1.162615795e-17
2.343751655e-17
4.699420672e-17
9.371611256e-17
1.858702526e-16
3.666287902e-16
7.192248624e-16
1.40322391e-15
2.722808577e-15
5.254581863e-15
1.008529105e-14
1.925122773e-14
3.654501448e-14
6.898657815e-14
1.294852162e-13
2.416192978e-13
4.481465514e-13
8.260229982e-13
1.512661924e-12
2.751396618e-12
4.969386102e-12
8.909686858e-12
1.58526396e-11
2.798259641e-11
4.898784839e-11
8.502913189e-11
1.462814084e-10
2.493523701e-10
4.210186823e-10
7.039089271e-10
1.165015637e-09
1.908258618e-09
3.09277844e-09
4.959257017e-09
7.867401329e-09
1.234883862e-08
1.918044901e-08
2.948636958e-08
4.487950978e-08
6.765601488e-08
1.010616912e-07
1.49655641e-07
2.198046312e-07
3.203523086e-07
4.635209927e-07
6.661217851e-07
9.511711827e-07
1.350037027e-06
1.905264355e-06
2.674261924e-06
3.73405975e-06
5.187368118e-06
7.170174752e-06
9.86109746e-06
1.349265159e-05
1.836447835e-05
2.485838959e-05
3.345479289e-05
4.474965153e-05
5.94706312e-05
7.848987766e-05
0.0001028304197
0.0001336643593
0.0001722984001
0.0002201443157
0.000278673047
0.0003493531759
0.0004335769209
0.0005325789755
0.0006473549286
0.0007785866103
0.0009265821824
0.001091242425
0.001272174461
0.001468876824
0.001680618103
0.001906456645
0.002145275637
0.002395824613
0.002656762121
0.002926696302
0.003204221349
0.003487948719
0.003776532539
0.004068689246
0.00436321189
0.004658979567
0.004954962741
0.005250225212
0.005543923496
0.005835304256
0.006123700387
0.006408526197
0.00668927208
0.006965498934
0.007236832534
0.007502957997
0.007763614423
0.008018589774
0.008267716019
0.008510864563
0.008747941965
0.008978885901
0.009203661437
0.009422257646
0.009634684436
0.009840969652
0.01004115642
0.01023530073
0.01042346927
0.01060573748
0.01078218782
0.0109529082
0.01111799068
0.01127753027
0.01143162392
0.01158036971
0.01172386608
0.01186221128
0.01199550292
0.01212383754
0.0122473104
0.01236601526
0.01248004429
0.01258948798
0.01269443518
0.0127949731
0.01289118743
0.01298316244
0.0130709811
0.01315472527
0.01323447584
0.01331031291
0.01338231597
0.01345056408
0.01351513602
0.0135761105
0.01363356626
0.01368758226
0.01373823779
0.01378561258
0.01382978691
0.01387084168
0.0139088585
0.01394391971
0.01397610843
0.01400550856
0.01403220479
0.01405628257
0.01407782809
0.01409692824
0.01411367052
0.01412814302
0.01414043433
0.0141506335
0.01415882991
0.01416511331
0.01416957371
0.01417230141
0.01417338701
0.01417292149
0.01417099635
0.01416770383
0.01416313717
0.01415739105
0.01415056206
0.01414274936
0.01413405538
0.01412458672
0.01411445504
0.01410377811
0.01409268074
0.01408129578
0.01406976485
0.01405823887
0.01404687814
0.0140358519
0.01402533717
0.01401551671
0.01400657598
0.01399869901
0.01399206303
0.01398683199
0.01398314898
0.01398112786
0.01398084434
0.01398232699
0.01398554883
0.01399042006
0.01399678262
0.01400440736
0.01401299428
0.01402217641
0.01403152746
0.01404057322
0.01404880612
0.01405570255
0.01406074151
0.0140634234
0.01406328735
0.01405992569
0.01405299459
0.01404222859
0.01402744749
0.01400854333
0.01398547114
0.01395823761
0.01392688896
0.01389149877
0.01385215661
0.01380895823
0.01376199754
0.01371136074
0.01365712274
0.01359933354
0.0135380079
0.01347315131
0.01340475338
0.01333278703
0.01325720879
0.01317795883
0.01309496126
0.01300812485
0.01291734403
0.01282250005
0.01272346244
0.01262009051
0.01251223501
0.01239973992
0.01228244435
0.0121601847
0.01203279387
0.01190010577
0.011761958
0.01161819366
0.01146866351
0.01131322831
0.01115176014
0.01098414563
0.0108102891
0.01063011538
0.01044357252
0.01025063466
0.01005130482
0.009845617661
0.009633642242
0.009415484537
0.009191289817
0.008961244725
0.008725578958
0.008484566488
0.008238526892
0.007987827244
0.007732881069
0.007474147561
0.007212130236
0.006947374908
0.006680466972
0.00641202796
0.006142711393
0.005873197941
0.005604189946
0.005336405364
0.005070571221
0.004807416676
0.004547665808
0.004292030255
0.004041201871
0.003795845564
0.003556592511
0.003324034046
0.003098716556
0.002881138184
0.002671748628
0.002470955514
0.002279144757
0.002096735822
0.001924322765
0.001763047225
0.001615589258
0.001488899079
0.00140170823
)
;

boundaryField
{
    outlet
    {
        type            inletOutlet;
        inletValue      uniform 0;
        value           nonuniform List<scalar> 10(0.001380404447 0.001335599032 0.00127281531 0.00119812518 0.001118509492 0.00104146619 0.0009745620047 0.0009249534003 0.0008989528752 0.00140170823);
    }
    inlet
    {
        type            fixedValue;
        value           uniform 0;
    }
    front
    {
        type            wedge;
    }
    wall
    {
        type            zeroGradient;
    }
    back
    {
        type            wedge;
    }
}


// ************************************************************************* //
