/*--------------------------------*- C++ -*----------------------------------*\
| =========                 |                                                 |
| \\      /  F ield         | OpenFOAM: The Open Source CFD Toolbox           |
|  \\    /   O peration     | Version:  2212                                  |
|   \\  /    A nd           | Website:  www.openfoam.com                      |
|    \\/     M anipulation  |                                                 |
\*---------------------------------------------------------------------------*/
FoamFile
{
    version     2.0;
    format      ascii;
    arch        "LSB;label=32;scalar=64";
    class       volScalarField;
    location    "2.75000000";
    object      A2CH2-2;
}
// * * * * * * * * * * * * * * * * * * * * * * * * * * * * * * * * * * * * * //

dimensions      [0 0 0 0 0 0 0];

internalField   nonuniform List<scalar> 
3000
(
6.087394201e-24
7.106713607e-24
8.66334001e-24
1.076851092e-23
1.341645829e-23
1.654404604e-23
1.996451065e-23
2.326124931e-23
2.563739757e-23
2.392864704e-23
2.811073773e-23
3.450663537e-23
4.319446034e-23
5.423786561e-23
6.76079682e-23
8.304690093e-23
9.969843116e-23
1.144270181e-22
5.80268493e-23
6.892884037e-23
8.580289464e-23
1.091746476e-22
1.39727587e-22
1.780924785e-22
2.241878387e-22
2.75382264e-22
3.195806363e-22
1.232449364e-22
1.484747747e-22
1.882310024e-22
2.446983969e-22
3.207808639e-22
4.192603598e-22
5.402632203e-22
6.744817005e-22
7.851414263e-22
2.502039643e-22
3.062000795e-22
3.961470113e-22
5.269661985e-22
7.075649143e-22
9.458936297e-22
1.240542866e-21
1.561602061e-21
1.815291859e-21
5.015860563e-22
6.234436069e-22
8.226258123e-22
1.117980557e-21
1.532788036e-21
2.085724063e-21
2.767762884e-21
3.496982997e-21
4.055398103e-21
1.006772971e-21
1.269070787e-21
1.703891412e-21
2.357899685e-21
3.286361897e-21
4.528611919e-21
6.051935912e-21
7.654512884e-21
8.854803315e-21
2.032123418e-21
2.59191001e-21
3.529803957e-21
4.95440137e-21
6.98951403e-21
9.713548034e-21
1.303261768e-20
1.648093943e-20
1.90245105e-20
4.125900255e-21
5.311637845e-21
7.313379963e-21
1.037335671e-20
1.475882294e-20
2.062163083e-20
2.772365945e-20
3.503380606e-20
4.036980348e-20
8.413116873e-21
1.090671387e-20
1.513815883e-20
2.163199611e-20
3.095141182e-20
4.3386776e-20
5.837673181e-20
7.369921543e-20
8.480078596e-20
1.719473667e-20
2.240260462e-20
3.126965611e-20
4.490768139e-20
6.44840715e-20
9.05512869e-20
1.218462372e-19
1.536691794e-19
1.766017774e-19
3.515676136e-20
4.596089592e-20
6.439413469e-20
9.277555474e-20
1.33496288e-19
1.876054791e-19
2.523476133e-19
3.179178611e-19
3.649804982e-19
7.179621665e-20
9.406524013e-20
1.321026095e-19
1.906861159e-19
2.746682139e-19
3.860367978e-19
5.189030864e-19
6.530296615e-19
7.490331095e-19
1.462536639e-19
1.918601107e-19
2.698015809e-19
3.898247166e-19
5.617031329e-19
7.891835482e-19
1.059823195e-18
1.332184337e-18
1.526994045e-18
2.968713477e-19
3.896677752e-19
5.482765455e-19
7.924140094e-19
1.141642084e-18
1.60298969e-18
2.150369059e-18
2.699372217e-18
3.092618801e-18
5.999740602e-19
7.875287694e-19
1.108030343e-18
1.601030617e-18
2.305483508e-18
3.234986272e-18
4.337223817e-18
5.442666395e-18
6.224988727e-18
1.206583382e-18
1.583083871e-18
2.226111817e-18
3.214235338e-18
4.624124354e-18
6.480904035e-18
8.677465109e-18
1.087430038e-17
1.242935787e-17
2.413868199e-18
3.164682497e-18
4.446040578e-18
6.412783896e-18
9.214771958e-18
1.289837487e-17
1.7247687e-17
2.158924168e-17
2.465803145e-17
4.803320003e-18
6.291148324e-18
8.828128608e-18
1.271736135e-17
1.82500458e-17
2.551150272e-17
3.407063587e-17
4.260021107e-17
4.861907712e-17
9.506328346e-18
1.243668413e-17
1.74287543e-17
2.50720624e-17
3.592909264e-17
5.015577489e-17
6.689761197e-17
8.355510824e-17
9.529016603e-17
1.871165801e-17
2.444882517e-17
3.42128819e-17
4.914323144e-17
7.031976204e-17
9.802493925e-17
1.305763486e-16
1.629137765e-16
1.856595151e-16
3.662966652e-17
4.779649707e-17
6.678172423e-17
9.577388405e-17
1.368335019e-16
1.904670949e-16
2.533833225e-16
3.157912421e-16
3.596224073e-16
7.131407789e-17
9.292420169e-17
1.296254103e-16
1.85595756e-16
2.647429379e-16
3.679650683e-16
4.888628883e-16
6.086042831e-16
6.925814405e-16
1.380848258e-16
1.796679534e-16
2.502126663e-16
3.576472968e-16
5.093378293e-16
7.068571029e-16
9.378383378e-16
1.166274141e-15
1.326249451e-15
2.659235997e-16
3.454930467e-16
4.803290344e-16
6.853868655e-16
9.744670482e-16
1.350285994e-15
1.789089468e-15
2.222422856e-15
2.525460015e-15
5.093570758e-16
6.607751392e-16
9.170683305e-16
1.306279301e-15
1.854103422e-15
2.565149344e-15
3.394050266e-15
4.211407868e-15
4.782185857e-15
9.704165873e-16
1.256993933e-15
1.741486882e-15
2.476164168e-15
3.508563712e-15
4.846321636e-15
6.403256579e-15
7.936143868e-15
9.004990442e-15
1.838996402e-15
2.378468305e-15
3.289395344e-15
4.668607518e-15
6.603464458e-15
9.106218554e-15
1.20139951e-14
1.487218918e-14
1.686200148e-14
3.466592227e-15
4.476729066e-15
6.180229786e-15
8.75535033e-15
1.236148369e-14
1.701736619e-14
2.241668028e-14
2.77145386e-14
3.139651688e-14
6.500236501e-15
8.381653579e-15
1.155024388e-14
1.633201033e-14
2.301552065e-14
3.162718838e-14
4.159355683e-14
5.135340047e-14
5.812362719e-14
1.212426313e-14
1.560984758e-14
2.147174395e-14
3.030199663e-14
4.261851691e-14
5.845286359e-14
7.673609773e-14
9.460030313e-14
1.069657454e-13
2.249384594e-14
2.891660108e-14
3.970150996e-14
5.591560574e-14
7.847926729e-14
1.074146251e-13
1.40737334e-13
1.732115009e-13
1.956336457e-13
4.150700706e-14
5.327667116e-14
7.300673279e-14
1.02604133e-13
1.436857898e-13
1.962170527e-13
2.565290353e-13
3.151249986e-13
3.554639882e-13
7.616910439e-14
9.761345029e-14
1.334945537e-13
1.871881769e-13
2.614966495e-13
3.561996925e-13
4.645416307e-13
5.69418807e-13
6.413666427e-13
1.389853348e-13
1.778218512e-13
2.426675333e-13
3.394339292e-13
4.728996715e-13
6.423393696e-13
8.353685565e-13
1.021421705e-12
1.148529914e-12
2.521202519e-13
3.220046823e-13
4.384134209e-13
6.115702442e-13
8.494653472e-13
1.150123716e-12
1.490957294e-12
1.817813059e-12
2.040031435e-12
4.54564321e-13
5.794544218e-13
7.869217218e-13
1.094393948e-12
1.514913583e-12
2.043603048e-12
2.639514201e-12
3.207629106e-12
3.591703034e-12
8.143638764e-13
1.035897693e-12
1.402761827e-12
1.944168591e-12
2.680779721e-12
3.601296569e-12
4.632040153e-12
5.608094464e-12
6.263745934e-12
1.449282401e-12
1.839080297e-12
2.482288273e-12
3.426921917e-12
4.704491275e-12
6.290075069e-12
8.052311876e-12
9.708427118e-12
1.081300047e-11
2.561336886e-12
3.241199863e-12
4.358480709e-12
5.990318345e-12
8.182416236e-12
1.088204067e-11
1.38575725e-11
1.663061808e-11
1.846585041e-11
4.493885868e-12
5.668407004e-12
7.589719755e-12
1.037848299e-11
1.409648559e-11
1.863625367e-11
2.359469453e-11
2.817419534e-11
3.118004471e-11
7.824893421e-12
9.833168452e-12
1.310143334e-11
1.781257939e-11
2.40414332e-11
3.157655106e-11
3.972681413e-11
4.718289207e-11
5.203503899e-11
1.351742352e-11
1.691348885e-11
2.240879401e-11
3.027037235e-11
4.05713417e-11
5.290953335e-11
6.611937746e-11
7.808601599e-11
8.58059163e-11
2.315935356e-11
2.883483437e-11
3.796171446e-11
5.091247059e-11
6.77201397e-11
8.764430178e-11
1.087535705e-10
1.276876621e-10
1.397971081e-10
3.934005032e-11
4.870739495e-11
6.367159453e-11
8.472283604e-11
1.117725077e-10
1.434994474e-10
1.767611523e-10
2.063047897e-10
2.250411338e-10
6.623397787e-11
8.149472897e-11
1.057043582e-10
1.394583731e-10
1.823914703e-10
2.322155404e-10
2.839104044e-10
3.293933642e-10
3.58007255e-10
1.104919623e-10
1.350219956e-10
1.736586111e-10
2.270395899e-10
2.942497265e-10
3.714361884e-10
4.507217254e-10
5.19853895e-10
5.630190479e-10
1.825827332e-10
2.214757158e-10
2.822944001e-10
3.655650112e-10
4.693674632e-10
5.873819319e-10
7.0745792e-10
8.112785849e-10
8.756533824e-10
2.987838618e-10
3.59606131e-10
4.540413577e-10
5.82201022e-10
7.40435252e-10
9.186244561e-10
1.098324456e-09
1.252498254e-09
1.347492696e-09
4.840971846e-10
5.779230919e-10
7.226008863e-10
9.172925803e-10
1.155503609e-09
1.421381292e-09
1.68733687e-09
1.913916633e-09
2.052736421e-09
7.764662721e-10
9.192846079e-10
1.138073661e-09
1.430167508e-09
1.784560191e-09
2.176903312e-09
2.566476842e-09
2.896294293e-09
3.097357445e-09
1.232812846e-09
1.447424811e-09
1.774202825e-09
2.207279956e-09
2.728703915e-09
3.301731946e-09
3.866978822e-09
4.34287811e-09
4.631732481e-09
1.93759998e-09
2.256171461e-09
2.738541894e-09
3.373574073e-09
4.132878817e-09
4.961876516e-09
5.774884725e-09
6.456085357e-09
6.868002743e-09
3.014892211e-09
3.482388384e-09
4.186663401e-09
5.108274235e-09
6.203472747e-09
7.392323171e-09
8.552394958e-09
9.520378374e-09
1.010386574e-08
4.64497421e-09
5.32371115e-09
6.341577179e-09
7.666495747e-09
9.232495472e-09
1.092391969e-08
1.256726343e-08
1.393367722e-08
1.475515152e-08
7.08747939e-09
8.063270002e-09
9.5207878e-09
1.1409211e-08
1.363082526e-08
1.602004404e-08
1.833276783e-08
2.025006489e-08
2.140019885e-08
1.071344647e-08
1.21038268e-08
1.417344858e-08
1.684422175e-08
1.997359407e-08
2.332667426e-08
2.656226397e-08
2.923804678e-08
3.084034607e-08
1.604928181e-08
1.801451845e-08
2.093117734e-08
2.468213334e-08
2.906210654e-08
3.374060479e-08
3.824345153e-08
4.195983121e-08
4.418221651e-08
2.383693588e-08
2.659475751e-08
3.067741325e-08
3.591263423e-08
4.200811735e-08
4.850221385e-08
5.473927818e-08
5.987889791e-08
6.294923471e-08
3.51160213e-08
3.896135118e-08
4.464187405e-08
5.190828273e-08
6.034840524e-08
6.93214416e-08
7.792473842e-08
8.500560807e-08
8.92324925e-08
5.133566024e-08
5.666709617e-08
6.452905792e-08
7.456558549e-08
8.620029976e-08
9.854843988e-08
1.103718444e-07
1.200939784e-07
1.258946444e-07
7.450673586e-08
8.186212612e-08
9.26928859e-08
1.064963733e-07
1.224721125e-07
1.394039829e-07
1.555991953e-07
1.689071306e-07
1.76844917e-07
1.074088945e-07
1.175129633e-07
1.323732462e-07
1.512862852e-07
1.73146782e-07
1.962898202e-07
2.184079937e-07
2.365744636e-07
2.474089257e-07
1.538705572e-07
1.67698246e-07
1.88014646e-07
2.138424888e-07
2.436632268e-07
2.752056515e-07
3.053329977e-07
3.300704406e-07
3.44824073e-07
2.19145244e-07
2.380058807e-07
2.656939408e-07
3.008602107e-07
3.414274971e-07
3.843071275e-07
4.252449071e-07
4.588532047e-07
4.78899647e-07
3.10415682e-07
3.360648966e-07
3.736927203e-07
4.214462101e-07
4.764944455e-07
5.346482468e-07
5.901500137e-07
6.3571056e-07
6.628900021e-07
4.374664354e-07
4.722544057e-07
5.232590107e-07
5.879463913e-07
6.624701501e-07
7.411613775e-07
8.162426357e-07
8.778702759e-07
9.14638327e-07
6.135747248e-07
6.606408371e-07
7.296117203e-07
8.17034131e-07
9.176947258e-07
1.023937008e-06
1.12527409e-06
1.208439114e-06
1.258055299e-06
8.566765106e-07
9.202024405e-07
1.013249347e-06
1.131123136e-06
1.266771267e-06
1.409870123e-06
1.546305149e-06
1.658236548e-06
1.724997307e-06
1.190870341e-06
1.276404337e-06
1.401626949e-06
1.560169244e-06
1.742504817e-06
1.93473529e-06
2.117900915e-06
2.268078177e-06
2.357595982e-06
1.648317728e-06
1.763181841e-06
1.931257059e-06
2.143913276e-06
2.38829806e-06
2.645729777e-06
2.890798455e-06
3.091529706e-06
3.211052084e-06
2.271580828e-06
2.425368297e-06
2.650263438e-06
2.934583386e-06
3.261008465e-06
3.604472835e-06
3.931016775e-06
4.198081838e-06
4.356828993e-06
3.116398134e-06
3.321558119e-06
3.621362813e-06
4.000010897e-06
4.434194578e-06
4.890358037e-06
5.323273897e-06
5.676580279e-06
5.886063225e-06
4.25482989e-06
4.527318923e-06
4.92516144e-06
5.427010635e-06
6.001558293e-06
6.604020173e-06
7.17442494e-06
7.638629873e-06
7.913000309e-06
5.778601924e-06
6.13855398e-06
6.663526263e-06
7.324730454e-06
8.080225724e-06
8.870476957e-06
9.616489073e-06
1.022155673e-05
1.057775071e-05
7.802337768e-06
8.274666695e-06
8.962625545e-06
9.827499004e-06
1.081329748e-05
1.184146297e-05
1.280874429e-05
1.359005506e-05
1.404774096e-05
1.046620769e-05
1.108101084e-05
1.197504281e-05
1.30964869e-05
1.437123233e-05
1.569628367e-05
1.693782216e-05
1.793580817e-05
1.851701542e-05
1.393730408e-05
1.472990608e-05
1.588043441e-05
1.73200126e-05
1.895115225e-05
2.064005376e-05
2.221514478e-05
2.347422815e-05
2.420257054e-05
1.840948315e-05
1.942018092e-05
2.088425769e-05
2.271088569e-05
2.477303419e-05
2.689879626e-05
2.887095123e-05
3.043765543e-05
3.133710594e-05
2.410069519e-05
2.537351534e-05
2.72129766e-05
2.950051269e-05
3.207248483e-05
3.471085816e-05
3.714453138e-05
3.906474078e-05
4.015798471e-05
3.124660653e-05
3.282736926e-05
3.510592647e-05
3.792939607e-05
4.108979235e-05
4.431460121e-05
4.72708098e-05
4.95863033e-05
5.089278426e-05
4.009081221e-05
4.202436946e-05
4.480357342e-05
4.823410674e-05
5.205561786e-05
5.593298655e-05
5.946413425e-05
6.220869684e-05
6.374256328e-05
5.087156874e-05
5.319836285e-05
5.653268865e-05
6.063154043e-05
6.517446104e-05
6.975651432e-05
7.390102357e-05
7.709666268e-05
7.886493866e-05
6.380585971e-05
6.655814505e-05
7.048973049e-05
7.53021027e-05
8.060794278e-05
8.592698857e-05
9.070478736e-05
9.435900375e-05
9.636059707e-05
7.907236442e-05
8.227064418e-05
8.68245146e-05
9.237428236e-05
9.846082435e-05
0.0001045256027
0.0001099363067
0.0001140425111
0.0001162698371
9.679556643e-05
0.0001004459715
0.0001056268306
0.0001119135729
0.0001187730716
0.0001255691018
0.0001315956151
0.000136141574
0.0001385974254
0.0001170336767
0.0001211270957
0.0001269188528
0.0001339186215
0.0001415206165
0.0001490155732
0.0001556321829
0.0001606098041
0.0001632781297
0.0001397733059
0.0001442870327
0.00015065616
0.0001583273091
0.0001666273769
0.000174781924
0.0001819675652
0.0001873339909
0.0001901826379
0.0001649342358
0.000169836643
0.0001767400334
0.0001850349032
0.0001939912495
0.0002027695359
0.000210452749
0.0002161523661
0.000219153122
0.0001923887219
0.0001976466336
0.0002050429748
0.0002139219278
0.000223473939
0.0002327878628
0.0002408993679
0.0002468858642
0.0002500175029
0.0002220019377
0.0002275886109
0.0002354291321
0.0002448055103
0.0002548598065
0.0002646303654
0.0002731116105
0.0002793496881
0.0002825987418
0.0002535874359
0.0002594453248
0.000267652495
0.0002774457679
0.0002879247877
0.0002980877228
0.0003068937746
0.0003133597669
0.0003167204151
0.0002868738913
0.0002929546668
0.0003014653734
0.0003116087226
0.0003224505126
0.0003329565971
0.0003420559416
0.0003487370508
0.0003522103369
0.0003216048177
0.0003278694569
0.0003366333755
0.0003470738982
0.0003582309279
0.0003690445789
0.0003784175884
0.0003853103116
0.0003889029378
0.0003575455818
0.0003639632871
0.0003729411578
0.0003836383251
0.0003950756
0.0004061728298
0.0004158096607
0.0004229178208
0.0004266407328
0.0003944856353
0.0004010326148
0.0004101945327
0.0004211182598
0.0004328111548
0.000444177261
0.0004540755326
0.0004614081657
0.0004652750675
0.0004322388066
0.0004388970874
0.0004482208355
0.0004593494779
0.0004712814875
0.0004829086734
0.0004930711119
0.0005006403614
0.0005046662623
0.0004706425022
0.0004773987756
0.0004868681882
0.0004981865449
0.0005103470477
0.0005222320872
0.0005326642533
0.000540483377
0.0005446832362
0.0005095560567
0.0005164005484
0.000526003912
0.0005375012822
0.0005498833922
0.0005620254237
0.0005727336185
0.0005808152169
0.0005852027719
0.0005488583504
0.0005557837293
0.0005655122512
0.0005771805954
0.0005897791678
0.0006021777132
0.0006131671464
0.0006215215993
0.0006261083293
0.0005884448397
0.000595445194
0.0006052915871
0.0006171238737
0.0006299337493
0.0006425869662
0.0006538601539
0.0006624943304
0.0006672886436
0.0006282242495
0.000635294179
0.000645251411
0.0006572401364
0.0006702545883
0.0006831578032
0.0006947133002
0.0007036295675
0.0007086361947
0.0006681150787
0.000675248881
0.0006853090768
0.0006974450324
0.0007106545272
0.000723799099
0.00073563055
0.0007448260729
0.0007500456647
0.0007080420964
0.0007152331119
0.0007253866847
0.0007376579945
0.0007510492533
0.000764421755
0.0007765172611
0.0007859835788
0.0007914124948
0.0007479331264
0.0007551732365
0.0007654082376
0.000777799663
0.0007913550212
0.0008049367313
0.0008172785128
0.0008270013754
0.000832631649
0.000787716237
0.0007949955152
0.0008052971975
0.0008177897023
0.0008314867547
0.0008452534368
0.0008578177705
0.0008677772086
0.0008735966675
0.0008273174481
0.0008346239569
0.0008449745429
0.0008575451006
0.0008713566077
0.0008852785537
0.0008980359529
0.0009082065521
0.0009141990737
0.0008666590243
0.000873978746
0.0008843573811
0.0008969790017
0.0009108730305
0.0009249153332
0.0009378309396
0.0009481822887
0.0009543281669
0.0009056583814
0.000912975268
0.0009233581376
0.0009360000851
0.0009499403516
0.0009640633747
0.0009770975266
0.0009875948089
0.0009938712103
0.0009442275967
0.000951523722
0.0009618843072
0.0009745124793
0.000988458859
0.001002618868
0.00101572781
0.001026332505
0.001032713992
0.0009822734829
0.0009895292779
0.0009998387267
0.001012416164
0.001026325337
0.001040475254
0.001053611953
0.001064282618
0.001070741716
0.001019698162
0.001026892718
0.001037120303
0.001049607799
0.001063433991
0.001077524242
0.001090639276
0.001101332375
0.001107840165
0.001056400059
0.001063511476
0.001073625117
0.001085981897
0.001099677693
0.001113657101
0.001126699582
0.001137370338
0.00114389705
0.001092275222
0.001099280993
0.001109247818
0.001121432255
0.001134949436
0.001148766148
0.001161684654
0.001172287887
0.001178803481
0.001127218878
0.001134096281
0.001143883205
0.001155853551
0.001169143939
0.001182746329
0.001195489812
0.001205980748
0.001212455464
0.001161127116
0.001167853615
0.001177427909
0.001189143009
0.001202159291
0.001215496832
0.001228015472
0.001238350496
0.00124475536
0.001193898624
0.001200452248
0.001209782094
0.001221202068
0.001233898556
0.001246922626
0.001259168618
0.001269305951
0.001275613224
0.001225436385
0.001231796086
0.001240851079
0.001251937947
0.001264271284
0.001276935893
0.001288864137
0.001298764431
0.001304947996
0.001255649265
0.001261795242
0.001270546853
0.001281265088
0.001293194856
0.001305457268
0.00131702596
0.001326652797
0.001332688482
0.001284453445
0.001290367423
0.001298789387
0.001309106387
0.001320595618
0.001332416873
0.001343587996
0.001352908287
0.001358774109
0.001311773631
0.001317439092
0.001325507733
0.001335394209
0.001346409812
0.001357755136
0.001368494822
0.001377479096
0.001383155447
0.001337544047
0.001342946417
0.001350640908
0.00136007118
0.001370584241
0.001381423337
0.001391702121
0.001400324725
0.001405794486
0.001361709193
0.001366835976
0.001374138511
0.00138309071
0.001393076694
0.001403383926
0.001413176895
0.001421416101
0.001426664699
0.001384224336
0.001389065197
0.001395961104
0.001404417285
0.001413856142
0.00142361061
0.001432897458
0.001440735482
0.001445750887
0.001405055771
0.001409602574
0.001416080356
0.00142402653
0.001432902705
0.001442088239
0.00145085322
0.001458276169
0.001463048854
0.001424180857
0.001428427657
0.00143447897
0.001441905067
0.001450207434
0.001458812492
0.001467044311
0.001474042065
0.001478564916
0.001441587842
0.001445530845
0.001451150429
0.001458050189
0.001465771911
0.001473789414
0.001481481044
0.001488047087
0.001492315284
0.001457275528
0.00146091301
0.001466098569
0.001472469383
0.001479607716
0.001487034827
0.001494183273
0.001500314479
0.001504325355
0.001471252767
0.001474584974
0.00147933702
0.001485179728
0.001491735775
0.001498573623
0.001505179653
0.001510876044
0.001514628923
0.001483537855
0.001486566876
0.001490888542
0.001496207192
0.001502185623
0.001508439002
0.001514506838
0.00151977132
0.001523267341
0.00149415782
0.001496887441
0.001500784277
0.00150558586
0.001510994606
0.001516671644
0.001522208645
0.001527046727
0.001530288665
0.001503147645
0.001505583203
0.001509062946
0.001513357116
0.001518207048
0.001523318867
0.001528335193
0.001532754705
0.001535746787
0.001510549456
0.001512697671
0.001515770016
0.0015195688
0.001523873395
0.001528433765
0.001532942044
0.001536952851
0.001539700578
0.001516411674
0.001518280488
0.001520956853
0.001524274359
0.001528049371
0.001532074362
0.001536089359
0.001539703086
0.001542213054
0.001520788174
0.001522386589
0.001524679881
0.001527532003
0.001530795141
0.001534302787
0.001537841086
0.001541070846
0.001543350581
0.001523737455
0.001525075371
0.001526999753
0.001529403898
0.001532174505
0.001535184482
0.001538264177
0.00154112432
0.001543182113
0.001525321826
0.001526409887
0.001527980562
0.001529955375
0.001532254135
0.001534787448
0.001537427855
0.001539933728
0.001541778493
0.001525606641
0.001526456087
0.001527689089
0.001529254197
0.001531102847
0.001533181548
0.001535402935
0.001537570658
0.001539211788
0.001524659561
0.001525282093
0.001526194088
0.001527369865
0.001528790934
0.00153043785
0.001532261186
0.00153410745
0.001535554697
0.001522549879
0.001522957527
0.001523565634
0.00152437298
0.001525389547
0.001526628033
0.001528074765
0.001529616643
0.001530880002
0.001519347889
0.001519552896
0.001519874519
0.001520334656
0.001520970127
0.001521823849
0.001522915689
0.001524170475
0.001525260079
0.00151512431
0.001515139024
0.001515191702
0.001515325993
0.001515603905
0.001516096633
0.001516855381
0.001517840433
0.001518766467
0.001509949769
0.001509786547
0.001509587818
0.001509417603
0.001509361442
0.001509516876
0.001509964253
0.001510696866
0.001511469485
0.001503894336
0.001503565458
0.001503132737
0.00150267919
0.001502312237
0.001502153848
0.001502311351
0.001502808644
0.001503437902
0.001497027115
0.001496544707
0.001495895182
0.001495179181
0.001494524373
0.001494075269
0.00149396405
0.00149424286
0.001494738654
0.001489415886
0.001488791855
0.001487942393
0.001486984415
0.001486064226
0.00148534703
0.001484987788
0.001485064592
0.001485436607
0.001481126792
0.001480372772
0.001479339842
0.001478159863
0.001476996206
0.001476032961
0.001475445853
0.001475336691
0.001475594361
0.001472224087
0.001471351387
0.001470150992
0.001468768413
0.001467382553
0.001466194636
0.001465399203
0.001465119624
0.001465272094
0.001462769907
0.001461789474
0.0014604371
0.00145887068
0.001457283165
0.001455891223
0.001454906327
0.001454471338
0.001454527437
0.001452824102
0.00145174649
0.001450257054
0.001448524859
0.001446755466
0.001445179358
0.001444023137
0.001443447168
0.001443415387
0.001442444091
0.001441279432
0.001439667254
0.001437786616
0.001435854308
0.001434113067
0.001432802898
0.001432099771
0.001431988245
0.001431684757
0.001430442744
0.001428721519
0.001426709004
0.001424631899
0.001422743699
0.001421296171
0.001420479082
0.001420295582
0.00142059837
0.001419288244
0.001417471024
0.001415342413
0.001413137759
0.0014111199
0.001409550798
0.001408632305
0.001408384223
0.001409234542
0.001407865084
0.001405964264
0.001403734539
0.001401418709
0.001399287601
0.001397611896
0.001396603908
0.001396298262
0.001397640203
0.001396219727
0.001394247042
0.001391930383
0.001389518861
0.001387290023
0.001385521873
0.001384435653
0.001384079079
0.001385859596
0.001384395951
0.001382362476
0.00137997226
0.001377479651
0.001375167715
0.001373320463
0.001372166631
0.001371765391
0.001373934299
0.00137243487
0.001370351024
0.001367899831
0.001365339867
0.001362958585
0.001361044775
0.001359833315
0.001359393297
0.001361903254
0.001360374969
0.001358250524
0.001355750151
0.001353135702
0.001350697963
0.001348729351
0.001347469622
0.001346996348
0.001349802816
0.001348252156
0.001346096249
0.001343557723
0.001340900817
0.001338418663
0.001336406233
0.001335106984
0.001334605623
0.001337666814
0.00133609982
0.00133392097
0.001331354565
0.001328666409
0.001326151061
0.001324105046
0.001322774433
0.001322249803
0.001325526619
0.001323948906
0.001321755027
0.001319170292
0.001316461295
0.001313923172
0.001311853079
0.001310498683
0.001309955266
0.001313411221
0.00131182799
0.001309626413
0.00130703219
0.001304311991
0.001301760741
0.001299675374
0.001298304219
0.001297746174
0.001301347312
0.001299763366
0.001297560861
0.00129496531
0.001292242805
0.001289687332
0.00128759482
0.001286213396
0.001285644568
0.001289359375
0.001287779135
0.001285581929
0.001282992559
0.001280275929
0.001277724425
0.001275632248
0.001274246531
0.001273670467
0.001277469778
0.001275897297
0.0012737111
0.001271134792
0.001268431536
0.001265891507
0.001263806524
0.001262422002
0.001261841961
0.001265698866
0.001264137844
0.00126196787
0.001259410909
0.001256727874
0.001254206175
0.001252134652
0.001250756342
0.00125017531
0.001254065059
0.001252518863
0.001250369853
0.00124783795
0.00124518136
0.001242684225
0.001240631863
0.001239264337
0.001238685038
0.001242584947
0.001241056623
0.001238932869
0.001236431196
0.001233806683
0.001231339752
0.001229311715
0.001227959119
0.001227384028
0.001231273388
0.00122976568
0.001227671045
0.001225204256
0.00122261689
0.001220185243
0.001218186182
0.001216852258
0.001216283612
0.001220143603
0.001218658967
0.001216596911
0.00121416917
0.001211623486
0.001209231666
0.001207265746
0.001205953847
0.001205393658
0.001209207274
0.001207747895
0.00120572149
0.001203336497
0.001200836521
0.001198488562
0.001196559484
0.001195272594
0.001194722656
0.00119847464
0.001197042442
0.001195054396
0.001192715407
0.001190264684
0.001187964133
0.001186075151
0.0011848159
0.001184277794
0.001187954591
0.001186551252
0.001184603927
0.001182313778
0.001179915388
0.001177665329
0.001175819269
0.001174589941
0.001174065045
0.00117765477
0.001176281736
0.00117437716
0.001172138286
0.001169794869
0.001167597936
0.00116579721
0.001164599752
0.001164089238
0.001167581674
0.001166240169
0.001164380057
0.001162194509
0.001159908279
0.001157766671
0.001156013284
0.00115484931
0.001154354145
0.001157740765
0.001156431801
0.001154617568
0.001152487028
0.001150259789
0.001148175284
0.001146470843
0.00114534163
0.001144862573
0.001148136594
0.001146860983
0.001145093757
0.001143019555
0.001140852714
0.001138826678
0.00113717239
0.001136078881
0.001135616471
0.001138772936
0.001137531302
0.001135811939
0.001133795068
0.001131689652
0.001129723048
0.001128119728
0.001127062521
0.001126617074
0.001129652956
0.001128445746
0.001126774849
0.001124815986
0.001122772658
0.00112086606
0.001119314138
0.001118293486
0.001117865082
0.001120779396
0.001119606899
0.001117984842
0.001116084372
0.001114103461
0.001112257077
0.001110756608
0.001109772426
0.001109360907
0.00111215481
0.001111017178
0.001109444135
0.001107602194
0.00110568373
0.001103897442
0.001102448142
0.00110150002
0.001101104997
0.001103781838
0.001102679119
0.00110115511
0.001099371634
0.001097515415
0.001095788838
0.001094390138
0.001093477394
0.00109309827
0.001095663541
0.00109459572
0.001093120674
0.001091395483
0.001089601162
0.001087933745
0.001086584887
0.001085706639
0.001085342659
0.001087803799
0.001086770857
0.001085344698
0.001083677604
0.001081944822
0.001080335988
0.001079036172
0.001078191473
0.00107784181
0.001080207775
0.001079209768
0.001077832532
0.001076223488
0.001074552055
0.001073001408
0.001071750002
0.001070938036
0.001070601926
0.001072882458
0.001071919618
0.001070591601
0.001069040907
0.001067431042
0.001065938641
0.001064735477
0.001063955833
0.001063632775
0.001065837278
0.00106491014
0.001063632095
0.001062140646
0.001060593293
0.001059160015
0.001058005771
0.001057258817
0.001056948839
0.001059084784
0.001058194347
0.001056967721
0.001055537329
0.001054054546
0.001052682539
0.001051579239
0.001050866597
0.001050570603
0.001052641393
0.001051789307
0.001050616533
0.001049250308
0.001047835745
0.001046528982
0.001045480595
0.001044805727
0.001044525936
0.001046528181
0.001045716974
0.001044601802
0.001043304605
0.00104196406
0.001040728995
0.001039742151
0.001039111065
0.001038851528
0.001040771704
0.001040005034
0.00103895292
0.001037731877
0.001036473936
0.001035320248
0.00103440506
0.001033827111
0.001033594313
0.001035404826
0.001034687763
0.001033706299
0.001032571369
0.001031408112
0.001030349538
0.001029520511
0.001029009297
0.001028812825
0.001030467532
0.001029806865
0.001028906234
0.001027870824
0.001026818588
0.001025873811
0.001025150817
0.001024725135
0.001024578396
0.001026007688
0.001025412241
0.001024605705
0.001023687311
0.00102276748
0.001021961056
0.001021370341
0.001021055178
0.001020976136
0.001022081722
0.001021562684
0.001020867069
0.001020087924
0.001019327727
0.001018691002
0.001018266191
0.001018093701
0.0010181056
0.001018755198
0.00101832644
0.001017762617
0.00101715032
0.001016583593
0.001016155587
0.00101593863
0.001015949044
0.001016081081
0.001016103246
0.00101578162
0.001015374949
0.001014963042
0.00101463093
0.001014459127
0.001014501129
0.001014743548
0.001015031447
0.001014210809
0.001014016412
0.001013797132
0.001013625599
0.001013577138
0.001013718127
0.001014080015
0.001014613015
0.001015099437
0.001013172674
0.001013129062
0.001013132591
0.001013248233
0.001013540775
0.001014060691
0.001014813622
0.001015705586
0.001016440337
0.001013093245
0.001013227567
0.001013494691
0.001013951336
0.001014650748
0.001015625425
0.001016850867
0.001018179971
0.00101921991
0.001014085984
0.001014429024
0.001015005929
0.001015864421
0.001017044993
0.001018559756
0.001020349126
0.001022202856
0.001023611438
0.001016272472
0.001016858558
0.001017796655
0.001019124557
0.001020868532
0.001023017506
0.001025471255
0.001027945335
0.001029791677
0.001019780964
0.001020647711
0.001022003202
0.00102387413
0.001026270748
0.00102915556
0.001032381541
0.001035578115
0.001037935473
0.001024744324
0.001025932165
0.001027765271
0.001030257757
0.00103340168
0.001037129401
0.001041240344
0.001045265228
0.001048208743
0.001031297177
0.001032848617
0.001035222382
0.001038418143
0.001042407103
0.00104708722
0.001052197108
0.00105715592
0.001060759499
0.001039572059
0.001041530592
0.00104450915
0.00104849062
0.001053422118
0.001059162358
0.001065381488
0.001071374451
0.001075706649
0.001049694367
0.001052102973
0.001055749171
0.001060596142
0.001066563012
0.001073463805
0.001080892346
0.001088007629
0.001093126469
0.001061775859
0.001064675005
0.001069047265
0.00107483251
0.001081917212
0.001090064671
0.001098784633
0.001107090201
0.001113036967
0.001075906549
0.001079331639
0.001084479993
0.001091263791
0.00109953137
0.001108988792
0.001119054503
0.001128588684
0.001135380925
0.001092144938
0.001096123199
0.001102084488
0.001109908096
0.001119397954
0.001130196103
0.001141623618
0.001152384924
0.001160009192
0.001110506789
0.001115053656
0.001121846037
0.001130724364
0.001141441253
0.001153568059
0.001166324369
0.001178261687
0.001186666933
0.001130952999
0.001136068196
0.001143685298
0.001153599327
0.001165504397
0.001178895251
0.001192888734
0.001205893204
0.001214985869
0.001153377651
0.001159041348
0.00116744673
0.001178336633
0.001191339746
0.001205869807
0.001220943626
0.001234844255
0.001244486631
0.001177598084
0.001183767644
0.001192890287
0.001204650318
0.001218605211
0.001234085884
0.001250016729
0.001264581817
0.001274595024
0.001203348737
0.001209956738
0.001219688794
0.001232165604
0.001246869841
0.001263051449
0.00127955562
0.001294501691
0.001304674253
0.001230281634
0.001237235994
0.00124743387
0.001260429595
0.001275630817
0.001292212973
0.001308961012
0.001323970059
0.001334072271
0.001257975811
0.001265162599
0.001275652219
0.001288933201
0.00130434228
0.001320992027
0.001337631142
0.001352375339
0.001362178535
0.001285957068
0.001293246274
0.001303832669
0.0013171436
0.001332453591
0.001348829168
0.001365007656
0.001379165459
0.001388451491
0.00131372779
0.001320981642
0.001331461985
0.001344544129
0.001359451309
0.001375220456
0.001390608792
0.001403896591
0.001412483389
0.001340803806
0.001347886397
0.001358062841
0.001370666339
0.00138488819
0.001399760216
0.001414087083
0.00142628524
0.001434041331
0.001366739667
0.001373523625
0.001383216629
0.001395126887
0.001408433353
0.001422185836
0.001435259717
0.001446228459
0.001453080937
0.001391164389
0.001397545656
0.001406613687
0.00141766986
0.001429901034
0.001442395313
0.001454115357
0.001463800005
0.001469735009
0.001413822903
0.001419728739
0.001428078324
0.001438183839
0.001449258384
0.001460444048
0.001470799467
0.001479225328
0.001484281731
0.001434593596
0.001439986319
0.001447575902
0.001456700673
0.001466614515
0.001476523408
0.001485582799
0.001492841801
0.001497099995
0.001453488845
0.001458365303
0.001465202925
0.001473377886
0.001482194498
0.001490926444
0.00149881999
0.001505052228
0.001508620408
0.001470640293
0.001475027623
0.001481163504
0.001488469269
0.001496304083
0.00150400758
0.001510905719
0.001516279266
0.001519279433
0.001486272753
0.001490221561
0.001495737364
0.001502289498
0.001509291567
0.001516142908
0.001522234819
0.001526926435
0.001529481543
0.001500671941
0.001504248247
0.001509245064
0.001515178594
0.001521512508
0.001527696452
0.001533171091
0.001537349323
0.001539570812
0.001514151234
0.00151742847
0.001522015341
0.001527470699
0.001533301229
0.001538995976
0.001544028916
0.00154785122
0.00154985069
0.001527021645
0.001530073656
0.001534357847
0.001539469496
0.0015449499
0.001550317783
0.001555074702
0.001558686551
0.001560551747
0.001539567694
0.00154246332
0.001546543029
0.001551431211
0.001556701026
0.001561893991
0.001566513891
0.001570025886
0.001571829706
0.001552030057
0.001554829772
0.001558793083
0.00156356991
0.001568751622
0.001573884112
0.001578474554
0.001581975713
0.001583772597
0.001564611963
0.001567371831
0.001571296941
0.001576049181
0.001581230419
0.001586391932
0.001591031713
0.001594584418
0.001596412236
0.001577476026
0.001580236323
0.001584174727
0.001588965726
0.001594213541
0.001599465893
0.001604207652
0.001607852227
0.001609735189
0.001590716799
0.001593506901
0.0015974987
0.001602371408
0.00160772814
0.001613108878
0.001617983107
0.001621741941
0.00162369338
0.001604387626
0.001607225816
0.001611294531
0.001616273263
0.001621760966
0.001627287752
0.001632307106
0.001636188469
0.001638213333
0.001618498093
0.001621393199
0.001625549072
0.001630642781
0.001636267259
0.00164194205
0.001647105313
0.001651106696
0.001653203649
0.001633022695
0.001635975924
0.001640218708
0.001645424211
0.001651178622
0.001656991304
0.001662286756
0.001666397602
0.001668560696
0.001647908892
0.001650915502
0.001655236848
0.001660541633
0.001666409506
0.001672340879
0.001677748962
0.001681952766
0.001684172693
0.001663084042
0.00166613475
0.001670520151
0.00167590466
0.001681862292
0.001687886352
0.001693381654
0.001697657482
0.001699922442
0.001678461023
0.001681543126
0.001685973437
0.001691412804
0.00169743103
0.001703516614
0.001709069247
0.001713392727
0.001715688975
0.001693942592
0.001697040793
0.001701493347
0.001706958643
0.001713004072
0.001719115943
0.001724692379
0.001729036241
0.00173134829
0.001709424581
0.001712521574
0.001716970939
0.00172243
0.001728465792
0.001734565282
0.001740128788
0.001744462964
0.001746773084
0.001724798121
0.001727874961
0.001732293419
0.001737711337
0.001743697653
0.001749743033
0.00175525397
0.00175954595
0.001761836941
0.001739951081
0.001742987394
0.001747345186
0.001752684552
0.001758578742
0.001764525357
0.001769941261
0.001774158211
0.001776411335
0.001754768925
0.001757742983
0.001762008389
0.001767229323
0.00177298588
0.001778786142
0.001784063605
0.0017881698
0.001790364427
0.001769135125
0.001772023837
0.001776163142
0.001781223179
0.001786794126
0.001792399046
0.001797490926
0.001801447533
0.00180356119
0.001782931274
0.001785710082
0.001789687539
0.00179454259
0.001799878053
0.001805234659
0.001810090115
0.001813855186
0.001815863374
0.001796037028
0.001798680623
0.00180245957
0.001807063112
0.001812109423
0.001817160932
0.001821725489
0.001825253981
0.001827130467
0.001808332944
0.001810814546
0.001814355589
0.001818657793
0.001823357701
0.001828043645
0.001832259337
0.001835503605
0.001837221024
0.001819697458
0.001821988468
0.001825249702
0.001829197662
0.001833490477
0.001837746831
0.001841552552
0.001844462742
0.001845991965
0.001830007017
0.001832077171
0.001835014317
0.001838552193
0.001842373928
0.001846133471
0.001849465408
0.001851988853
0.001853299002
0.001839136659
0.00184095412
0.001843520648
0.001846589817
0.001849873651
0.001853066404
0.001855857531
0.001857938854
0.001858997371
0.001846960521
0.001848491974
0.001850639302
0.00185317899
0.001855855581
0.001858408426
0.0018605887
0.001862170014
0.001862942797
0.001853352487
0.001854563573
0.001856241717
0.001858188975
0.001860186222
0.001862023177
0.001863519861
0.001864541073
0.001864992649
0.001858188027
0.001859043309
0.001860200507
0.00186149019
0.001862733574
0.001863776213
0.001864514325
0.00186491352
0.001865007286
0.001861344099
0.00186180705
0.001862390029
0.001862955188
0.001863368256
0.001863536261
0.001863439123
0.001863153045
0.001862851554
0.00186269982
0.001862733076
0.001862687428
0.001862459816
0.001861964787
0.001861176609
0.00186016651
0.001859131126
0.00185839644
0.001862137538
0.00186170321
0.001860973856
0.001859884523
0.001858402995
0.001856576623
0.001854575586
0.001852726753
0.001851520847
0.001859544055
0.001858604087
0.001857135808
0.001855115789
0.00185256954
0.001849623379
0.001846554034
0.00184382825
0.001842113472
0.001854811952
0.001853328523
0.001851066555
0.00184804763
0.001844359518
0.001840213367
0.001835999924
0.001832335162
0.001830074752
0.001847840993
0.001845776959
0.001842667645
0.001838583177
0.001833678127
0.001828254252
0.001822823566
0.001818160192
0.001815318836
0.00183853958
0.001835858952
0.00183185045
0.001826636297
0.001820442365
0.00181366666
0.001806949373
0.001801231113
0.001797775546
0.001826826236
0.001823494689
0.00181853773
0.001812133213
0.001804582726
0.001796385933
0.001788317679
0.001781492644
0.00177739227
0.001812631086
0.001808616506
0.001802665188
0.001795014111
0.001786044851
0.00177636384
0.001766886483
0.001758908216
0.001754135744
0.001795897325
0.001791170366
0.001784182986
0.001775234688
0.001764791111
0.001753570171
0.001742633068
0.001733461594
0.001727993684
0.001776582619
0.001771117278
0.001763057171
0.001752767589
0.001740802049
0.001727994195
0.00171555544
0.001705158305
0.00169897619
0.001754660411
0.001748434602
0.001739270977
0.001727603707
0.001714077673
0.001699645915
0.00168567356
0.001674026827
0.001667116907
0.00173012109
0.001723117187
0.001712825938
0.001699753262
0.001684638506
0.0016685571
0.00165303032
0.001640119486
0.001632473868
0.001702973079
0.001695178484
0.001683743009
0.001669246888
0.001652526544
0.001634782032
0.001617692096
0.001603512966
0.00159512995
0.001673243906
0.001664651555
0.001652063438
0.001636136331
0.001617805811
0.001598397981
0.001579749109
0.001564308422
0.001555192975
0.001640980707
0.001631589512
0.001617849151
0.001600494775
0.001580562599
0.001559505299
0.00153931542
0.001522631433
0.001512795443
0.001606250633
0.001596065856
0.001581182996
0.001562416955
0.001540905417
0.001518227184
0.001496528466
0.001478631352
0.001468093847
0.001569140985
0.001558174543
0.001542168685
0.001522018948
0.001498964594
0.001474709081
0.001451548247
0.001432480277
0.001421267517
0.001529759068
0.001518029743
0.00150093043
0.001479437626
0.001454891517
0.001429117677
0.001404556086
0.001384371609
0.001372517051
0.001488231735
0.001475765296
0.001457612238
0.001434829761
0.001408857504
0.001381639516
0.001355752986
0.00133451821
0.001322062334
0.001444704642
0.001431533844
0.001412376892
0.001388370793
0.001361052323
0.001332479256
0.001305357625
0.001283150162
0.001270140165
0.001399341177
0.00138550566
0.001365404603
0.001340253265
0.001311682378
0.001281857571
0.001253603995
0.001230512194
0.001217001541
0.001352321103
0.001337867162
0.001316891356
0.00129068495
0.001260968573
0.001230008756
0.001200738745
0.00117686079
0.001162908646
0.001303838911
0.001288819155
0.001267046971
0.001239886688
0.001209143902
0.001177178046
0.001147018249
0.001122461072
0.001108131604
0.001254101915
0.0012385748
0.001216092907
0.001188089979
0.001156450802
0.00112361873
0.00109270549
0.001067583483
0.001052945062
0.001203328102
0.00118735736
0.001164259841
0.001135534373
0.001103138326
0.001069589095
0.001038066805
0.001012500391
0.0009976246896
0.001151743793
0.001135397754
0.001111785087
0.001082464699
0.001049459182
0.001015349274
0.0009833685618
0.0009574826277
0.000942443669
0.00109958115
0.001082931975
0.001058909881
0.001029128211
0.0009956667065
0.0009611580745
0.0009288738612
0.0009027961022
0.0008876692591
0.001047075577
0.001030198419
0.001005876607
0.0009757716854
0.000942011855
0.000907269857
0.0008748393373
0.0008486985593
0.0008335595267
0.0009944630712
0.0009774351755
0.0009529260117
0.0009226385627
0.0008887402661
0.000853931551
0.0008215121501
0.0007954365718
0.0007803603559
0.0009419775782
0.0009248773533
0.0009002944949
0.0008699662016
0.0008360895027
0.0008013799082
0.0007691272795
0.0007432428937
0.0007283028485
0.0008898484321
0.0008727545144
0.0008482115475
0.0008179833435
0.0007842865703
0.0007498391114
0.0007179052563
0.0006923343217
0.0006776012804
0.0008382979658
0.0008212883189
0.0007968974562
0.0007669079144
0.0007335458644
0.0006995189145
0.0006680505297
0.0006429102888
0.0006284518523
0.0007875394178
0.0007706905128
0.0007465614262
0.0007169453464
0.0006840677617
0.000650613574
0.0006197507831
0.000595152549
0.0005810326279
0.0007377753611
0.0007211615088
0.0006974004059
0.0006682877493
0.0006360382501
0.0006033020377
0.0005731777443
0.0005492265815
0.000535505343
0.0006891970459
0.0006728899836
0.0006495990883
0.0006211144857
0.0005896302552
0.0005577501894
0.0005284904485
0.0005052858244
0.000492020308
0.000641985614
0.0006260545095
0.0006033322035
0.0005755953894
0.0005450080675
0.0005141167437
0.0004858427642
0.0004634807658
0.0004507265872
0.0005963172113
0.0005808293027
0.0005587712806
0.0005318989691
0.0005023374464
0.0004725656843
0.0004453984439
0.0004239765235
0.0004117913564
0.000552377524
0.0005373997059
0.0005161016196
0.0004902114641
0.0004618073991
0.0004332913777
0.0004073599991
0.0003869854232
0.0003754351628
0.0005103989664
0.0004960003955
0.000475562151
0.0004507790955
0.0004236756461
0.0003965680735
0.0003720228518
0.0003528258164
0.0003419942939
0.0004707578987
0.0004570128545
0.0004375432743
0.000414006413
0.0003883677263
0.0003628501575
0.000339877288
0.0003220262657
0.000312027037
0.0004342288979
0.0004212152799
0.0004028303318
0.0003806906508
0.000356698858
0.0003329783388
0.0003117977899
0.0002955012937
0.0002864834828
0.0004026759982
0.0003904496363
0.0003732319663
0.0003525972619
0.0003303842123
0.0003086155782
0.0002894018523
0.0002748411863
0.0002669521968
0.0003809165135
0.000369387057
0.0003531991006
0.0003338890375
0.0003132403327
0.0002931919249
0.0002757257709
0.0002627387
0.0002559182654
5.619423329e-24
2.200382862e-23
5.30355462e-23
1.11820302e-22
2.251774104e-22
4.478218011e-22
8.923092757e-22
1.789963457e-21
3.616287346e-21
7.346411486e-21
1.497411244e-20
3.055983111e-20
6.233426326e-20
1.268919407e-19
2.574931868e-19
5.203963362e-19
1.046817815e-18
2.095169015e-18
4.171521374e-18
8.261370448e-18
1.627292892e-17
3.18801866e-17
6.211724903e-17
1.203766183e-16
2.320164794e-16
4.447887521e-16
8.481264318e-16
1.608619718e-15
3.034889399e-15
5.695518714e-15
1.063211484e-14
1.974173276e-14
3.645857536e-14
6.696033743e-14
1.222865325e-13
2.220280031e-13
4.006979446e-13
7.186344143e-13
1.280481534e-12
2.266207961e-12
3.982626875e-12
6.948029602e-12
1.202959916e-11
2.066375676e-11
3.520483956e-11
5.946916785e-11
9.957166415e-11
1.651932624e-10
2.714726893e-10
4.417904238e-10
7.118124647e-10
1.135296827e-09
1.792349604e-09
2.80106136e-09
4.333621289e-09
6.638718637e-09
1.00726086e-08
1.514178206e-08
2.256140865e-08
3.333512855e-08
4.886376336e-08
7.109333256e-08
1.027164201e-07
1.474448384e-07
2.103762668e-07
2.984854319e-07
4.212797527e-07
5.916684072e-07
8.271009836e-07
1.151037769e-06
1.594810827e-06
2.199918612e-06
3.020759357e-06
4.127742985e-06
5.610622829e-06
7.581755646e-06
1.017883534e-05
1.356644771e-05
1.793602872e-05
2.350366098e-05
3.050403216e-05
3.9181044e-05
4.97748824e-05
6.250626733e-05
7.755935341e-05
9.50654344e-05
0.0001150900834
0.0001376266785
0.0001625997553
0.0001898827966
0.0002193364377
0.0002507898518
0.0002839680402
0.0003186101547
0.0003544775726
0.0003913563136
0.0004290573355
0.0004674157222
0.0005062890225
0.0005455548514
0.0005851078932
0.0006248565384
0.0006647193492
0.00070462148
0.0007444913902
0.0007842579609
0.0008238481323
0.0008631851318
0.0009021873236
0.0009407676693
0.0009788337605
0.001016288361
0.001053030376
0.001088956157
0.001123961047
0.001157941069
0.001190794664
0.001222424395
0.001252738559
0.001281652631
0.001309090501
0.001334985491
0.001359281128
0.001381931667
0.001402902371
0.001422169566
0.001439720489
0.001455552961
0.001469674905
0.001482103744
0.001492865699
0.001501995021
0.001509533173
0.001515527996
0.001520032861
0.001523105837
0.001524808876
0.001525207045
0.001524367786
0.001522360231
0.00151925457
0.00151512147
0.001510031551
0.001504054917
0.001497260744
0.001489716911
0.001481489694
0.001472643496
0.001463240626
0.001453341119
0.001443002593
0.001432280138
0.00142122624
0.001409890731
0.001398320759
0.00138656079
0.001374652621
0.001362635411
0.00135054573
0.001338417615
0.001326282638
0.001314169987
0.001302106543
0.001290116973
0.001278223818
0.001266447591
0.001254806872
0.001243318401
0.001231997181
0.001220856572
0.001209908383
0.001199162977
0.001188629361
0.001178315287
0.001168227359
0.001158371139
0.001148751271
0.00113937162
0.001130235432
0.001121345526
0.001112704517
0.001104315094
0.001096180348
0.00108830416
0.001080691659
0.001073349753
0.001066287731
0.001059517932
0.001053056471
0.001046924023
0.001041146626
0.001035756498
0.001030792838
0.001026302577
0.001022341062
0.00101897263
0.001016271043
0.001014319752
0.001013211959
0.001013050408
0.001013946887
0.001016021333
0.001019400468
0.001024215829
0.00103060104
0.00103868812
0.001048602616
0.001060457334
0.001074344479
0.001090326156
0.001108423378
0.001128604093
0.001150771239
0.001174752567
0.00120029395
0.001227058951
0.001254637028
0.001282561926
0.001310340241
0.001337487428
0.001363554993
0.001388161833
0.001411038732
0.001432047872
0.001451185387
0.001468568412
0.001484410287
0.001498988955
0.00151261378
0.001525595125
0.00153821954
0.001550731774
0.001563336571
0.00157620352
0.001589432677
0.001603082635
0.001617167488
0.001631665405
0.001646526727
0.001661681017
0.001677042818
0.001692516144
0.001707997796
0.001723379688
0.001738550366
0.001753395925
0.001767800469
0.001781646244
0.001794813446
0.001807183082
0.001818634488
0.001829044908
0.001838290123
0.00184624497
0.0018527839
0.00185778282
0.001861119222
0.00186267264
0.001862325696
0.001859965302
0.001855483961
0.00184878116
0.0018397648
0.001828352665
0.001814473896
0.001798070439
0.001779098446
0.001757529579
0.001733352197
0.001706572441
0.001677215282
0.001645325101
0.001610966114
0.00157422254
0.001535198496
0.001494017586
0.001450822201
0.001405772508
0.001359045143
0.00131083162
0.001261336483
0.001210775207
0.001159371908
0.00110735689
0.001054964087
0.001002428438
0.000949983262
0.0008978576991
0.0008462743095
0.0007954469439
0.0007455791061
0.0006968631814
0.0006494814664
0.0006036109972
0.0005594376661
0.0005171929548
0.000477251041
0.0004403853516
0.0004084700748
0.0003863924777
)
;

boundaryField
{
    outlet
    {
        type            inletOutlet;
        inletValue      uniform 0;
        value           nonuniform List<scalar> 10(0.0003809165135 0.000369387057 0.0003531991006 0.0003338890375 0.0003132403327 0.0002931919249 0.0002757257709 0.0002627387 0.0002559182654 0.0003863924777);
    }
    inlet
    {
        type            fixedValue;
        value           uniform 0;
    }
    front
    {
        type            wedge;
    }
    wall
    {
        type            zeroGradient;
    }
    back
    {
        type            wedge;
    }
}


// ************************************************************************* //
