/*--------------------------------*- C++ -*----------------------------------*\
| =========                 |                                                 |
| \\      /  F ield         | OpenFOAM: The Open Source CFD Toolbox           |
|  \\    /   O peration     | Version:  2212                                  |
|   \\  /    A nd           | Website:  www.openfoam.com                      |
|    \\/     M anipulation  |                                                 |
\*---------------------------------------------------------------------------*/
FoamFile
{
    version     2.0;
    format      ascii;
    arch        "LSB;label=32;scalar=64";
    class       volScalarField;
    location    "2.75000000";
    object      C7H7_0;
}
// * * * * * * * * * * * * * * * * * * * * * * * * * * * * * * * * * * * * * //

dimensions      [0 0 0 0 0 0 0];

internalField   nonuniform List<scalar> 
3000
(
4.215508623e-29
4.855364087e-29
5.82754356e-29
7.134029576e-29
8.766756845e-29
1.068386038e-28
1.27697463e-28
1.47702308e-28
1.619985345e-28
1.627394587e-28
1.884664203e-28
2.275846912e-28
2.803429426e-28
3.469256922e-28
4.270411843e-28
5.191518118e-28
6.182896562e-28
7.058612584e-28
3.826035982e-28
4.475215126e-28
5.473306633e-28
6.8444687e-28
8.622069189e-28
1.08375965e-27
1.348357195e-27
1.640897618e-27
1.892138378e-27
7.791661552e-28
9.231652521e-28
1.148315095e-27
1.465089406e-27
1.887725563e-27
2.42973191e-27
3.090237365e-27
3.817519837e-27
4.411912916e-27
1.503316783e-27
1.807403993e-27
2.29155749e-27
2.988180855e-27
3.939076118e-27
5.180258306e-27
6.699170514e-27
8.338369403e-27
9.619106671e-27
2.845558751e-27
3.471945269e-27
4.485866249e-27
5.97165903e-27
8.03238833e-27
1.074565778e-26
1.40533756e-26
1.755022067e-26
2.019386033e-26
5.369313173e-27
6.641117815e-27
8.727502187e-27
1.182607802e-26
1.616606561e-26
2.189554548e-26
2.883142176e-26
3.60378928e-26
4.136086208e-26
1.016234911e-26
1.271689803e-26
1.695017634e-26
2.329520187e-26
3.223152802e-26
4.402431132e-26
5.819724396e-26
7.272844757e-26
8.32921556e-26
1.932389837e-26
2.440964213e-26
3.289831581e-26
4.569694196e-26
6.377099062e-26
8.757901612e-26
1.160094703e-25
1.448730384e-25
1.656292022e-25
3.689186591e-26
4.693666861e-26
6.378479636e-26
8.927836158e-26
1.253149541e-25
1.726750222e-25
2.289305597e-25
2.856292003e-25
3.260906669e-25
7.061083776e-26
9.030756546e-26
1.234497406e-25
1.736978498e-25
2.447233247e-25
3.378467401e-25
4.479863264e-25
5.583959547e-25
6.367560921e-25
1.352804974e-25
1.736484867e-25
2.383329121e-25
3.364939903e-25
4.751598167e-25
6.565630717e-25
8.703666782e-25
1.083819397e-24
1.234704546e-24
2.590714447e-25
3.333540896e-25
4.587240807e-25
6.490247053e-25
9.176059139e-25
1.268240442e-24
1.680299133e-24
2.090351906e-24
2.379422837e-24
4.953650547e-25
6.383544788e-25
8.798137101e-25
1.246272178e-24
1.762942299e-24
2.436167067e-24
3.22521033e-24
4.008062486e-24
4.559613419e-24
9.448185468e-25
1.218527254e-24
1.680806368e-24
2.382140476e-24
3.369936898e-24
4.654792971e-24
6.156719882e-24
7.641827642e-24
8.690467983e-24
1.796270091e-24
2.317258641e-24
3.197078335e-24
4.531147063e-24
6.408342264e-24
8.847473089e-24
1.169766944e-23
1.451715011e-23
1.648315127e-23
3.402326905e-24
4.388408748e-24
6.052975026e-24
8.574856214e-24
1.211896441e-23
1.671617842e-23
2.207624064e-23
2.736428617e-23
3.105452183e-23
6.418758576e-24
8.275115022e-24
1.140692492e-23
1.614718862e-23
2.280029894e-23
3.14169951e-23
4.144643369e-23
5.132436609e-23
5.821009297e-23
1.20604286e-23
1.553771702e-23
2.140025727e-23
3.026500051e-23
4.269166668e-23
5.876363213e-23
7.744383334e-23
9.581617354e-23
1.086059832e-22
2.256924045e-23
2.905256103e-23
3.997544745e-23
5.647577924e-23
7.957894053e-23
1.09420938e-22
1.440604845e-22
1.780858293e-22
2.017424222e-22
4.206662375e-23
5.410162732e-23
7.43630989e-23
1.049406803e-22
1.477056107e-22
2.028769213e-22
2.668389354e-22
3.295919982e-22
3.731709102e-22
7.810138731e-23
1.003488578e-22
1.377757142e-22
1.942035845e-22
2.730341742e-22
3.746140666e-22
4.922401983e-22
6.075126786e-22
6.874774879e-22
1.444513597e-22
1.854137119e-22
2.542727546e-22
3.579899762e-22
5.02726019e-22
6.890167112e-22
9.044890263e-22
1.11542172e-21
1.261600431e-21
2.661792659e-22
3.413136958e-22
4.675213392e-22
6.574352888e-22
9.22171995e-22
1.262534288e-21
1.655776587e-21
2.040340763e-21
2.306588661e-21
4.887310554e-22
6.260470133e-22
8.565281885e-22
1.203015812e-21
1.685495976e-21
2.305117909e-21
3.020234348e-21
3.718871545e-21
4.202125866e-21
8.942634255e-22
1.144358201e-21
1.563810837e-21
2.19377107e-21
3.070038007e-21
4.194128019e-21
5.490056304e-21
6.754855251e-21
7.628929325e-21
1.630873517e-21
2.084878986e-21
2.845725203e-21
3.987282309e-21
5.573427879e-21
7.605839159e-21
9.94631769e-21
1.222819185e-20
1.380361447e-20
2.964805169e-21
3.786406853e-21
5.162169855e-21
7.224221614e-21
1.008606934e-20
1.3748701e-20
1.79614828e-20
2.206418614e-20
2.489379117e-20
5.373455408e-21
6.855867781e-21
9.336033064e-21
1.304939066e-20
1.819671041e-20
2.477576204e-20
3.233314e-20
3.968389334e-20
4.474782724e-20
9.710687871e-21
1.23777767e-20
1.683590725e-20
2.350292956e-20
3.273210617e-20
4.45113012e-20
5.802201702e-20
7.114446992e-20
8.017251623e-20
1.749998436e-20
2.228525308e-20
3.027602711e-20
4.221062133e-20
5.870678288e-20
7.972587291e-20
1.037928971e-19
1.271283657e-19
1.431573154e-19
3.14531015e-20
4.001554289e-20
5.429780396e-20
7.559792495e-20
1.049881207e-19
1.423636123e-19
1.850701134e-19
2.263925492e-19
2.547215012e-19
5.638571946e-20
7.166534243e-20
9.711964736e-20
1.350175117e-19
1.872029679e-19
2.53413018e-19
3.288768117e-19
4.017087689e-19
4.515195407e-19
1.008308471e-19
1.280221611e-19
1.73253519e-19
2.404635904e-19
3.327877614e-19
4.495956949e-19
5.823213382e-19
7.100159545e-19
7.970889066e-19
1.798775262e-19
2.281285854e-19
3.08252836e-19
4.270315479e-19
5.897195214e-19
7.948538581e-19
1.027072043e-18
1.249627938e-18
1.400832477e-18
3.201616877e-19
4.055267576e-19
5.469898741e-19
7.561107551e-19
1.041535864e-18
1.399955551e-18
1.803859933e-18
2.189148839e-18
2.449758517e-18
5.686438178e-19
7.191921033e-19
9.680609028e-19
1.334718299e-18
1.833056591e-18
2.455753728e-18
3.153653235e-18
3.815656105e-18
4.261077877e-18
1.008075044e-18
1.272692534e-18
1.708841485e-18
2.348827104e-18
3.214275147e-18
4.289324915e-18
5.486411279e-18
6.614407439e-18
7.368688419e-18
1.784350313e-18
2.247848964e-18
3.009118821e-18
4.120801045e-18
5.615120786e-18
7.458426757e-18
9.495399144e-18
1.140003268e-17
1.266461562e-17
3.155175818e-18
3.964162431e-18
5.287344161e-18
7.208586456e-18
9.772910888e-18
1.291039029e-17
1.634706126e-17
1.953215933e-17
2.162997862e-17
5.577390779e-18
6.984515441e-18
9.274735482e-18
1.257791285e-17
1.6950568e-17
2.225040377e-17
2.799751527e-17
3.327111075e-17
3.67136167e-17
9.865334083e-18
1.230507368e-17
1.625331506e-17
2.190384419e-17
2.931339304e-17
3.819839742e-17
4.772494659e-17
5.637052475e-17
6.195938242e-17
1.748169995e-17
2.170067678e-17
2.848355706e-17
3.810527993e-17
5.058787618e-17
6.537783239e-17
8.103883866e-17
9.508129983e-17
1.040640618e-16
3.107913059e-17
3.836182484e-17
4.99837292e-17
6.630675973e-17
8.723277022e-17
1.117027372e-16
1.372651083e-16
1.598915565e-16
1.742053199e-16
5.552305125e-17
6.808688207e-17
8.797269294e-17
1.155993161e-16
1.505614419e-16
1.908708439e-16
2.323787429e-16
2.686252822e-16
2.912922471e-16
9.985023375e-17
1.215469186e-16
1.555853839e-16
2.02324845e-16
2.606709337e-16
3.269546597e-16
3.942045557e-16
4.521252354e-16
4.879263054e-16
1.810688188e-16
2.186519682e-16
2.770704133e-16
3.563226887e-16
4.538807193e-16
5.630731427e-16
6.722366023e-16
7.649912945e-16
8.216754794e-16
3.316247108e-16
3.970921529e-16
4.979113167e-16
6.33052613e-16
7.971476486e-16
9.78202467e-16
1.156707374e-15
1.306479983e-15
1.397051413e-15
6.142562944e-16
7.292956849e-16
9.048908211e-16
1.137623327e-15
1.416680075e-15
1.72064138e-15
2.016681742e-15
2.262389056e-15
2.409643053e-15
1.151933723e-15
1.356626862e-15
1.666620631e-15
2.073479464e-15
2.55616796e-15
3.076457324e-15
3.578356658e-15
3.991498122e-15
4.23741764e-15
2.189038375e-15
2.559498719e-15
3.117041214e-15
3.843326242e-15
4.698328175e-15
5.613357607e-15
6.490682574e-15
7.209303581e-15
7.635327304e-15
4.218220892e-15
4.90361598e-15
5.930959274e-15
7.263202986e-15
8.82511099e-15
1.04914109e-14
1.208579351e-14
1.339017936e-14
1.416265095e-14
8.247418003e-15
9.550344378e-15
1.150049797e-14
1.4026819e-14
1.698852996e-14
2.015191089e-14
2.318531797e-14
2.567316579e-14
2.714918394e-14
1.637012816e-14
1.892640927e-14
2.275769779e-14
2.773391379e-14
3.359171312e-14
3.988240818e-14
4.595174578e-14
5.09585529e-14
5.394185166e-14
3.299821646e-14
3.818869245e-14
4.600030037e-14
5.620890012e-14
6.832247836e-14
8.14525453e-14
9.424304759e-14
1.048866617e-13
1.112693562e-13
6.755900871e-14
7.847131564e-14
9.500448141e-14
1.168129864e-13
1.429881195e-13
1.717214939e-13
2.000716953e-13
2.239364404e-13
2.383730359e-13
1.404480533e-13
1.641517413e-13
2.003850479e-13
2.48756505e-13
3.076531816e-13
3.733320596e-13
4.391763491e-13
4.954311042e-13
5.298821022e-13
2.962420817e-13
3.492115681e-13
4.31047209e-13
5.418632961e-13
6.790956959e-13
8.350148445e-13
9.943908347e-13
1.133191634e-12
1.219728777e-12
6.331177122e-13
7.541908345e-13
9.435107732e-13
1.204018984e-12
1.532866697e-12
1.914610443e-12
2.313978946e-12
2.670413445e-12
2.898344576e-12
1.368376308e-12
1.649652255e-12
2.095271276e-12
2.719235098e-12
3.523601308e-12
4.480080959e-12
5.508009482e-12
6.453251232e-12
7.077934526e-12
2.984099925e-12
3.644143029e-12
4.704320922e-12
6.216327126e-12
8.209501795e-12
1.064203239e-11
1.33352515e-11
1.589705486e-11
1.765549899e-11
6.549696114e-12
8.105244113e-12
1.063915481e-11
1.432151584e-11
1.928844787e-11
2.551574003e-11
3.262747707e-11
3.963379947e-11
4.463243906e-11
1.443255284e-11
1.809603551e-11
2.414736085e-11
3.310650006e-11
4.546861248e-11
6.13845389e-11
8.011757114e-11
9.919698078e-11
1.132969025e-10
3.185486203e-11
4.044021861e-11
5.481221382e-11
7.647150942e-11
1.07006918e-10
1.473042176e-10
1.960470817e-10
2.471458505e-10
2.8602327e-10
7.028284021e-11
9.023153868e-11
1.240398331e-10
1.758228089e-10
2.502479093e-10
3.506083789e-10
4.748156123e-10
6.080586545e-10
7.116871533e-10
1.547505184e-10
2.005654224e-10
2.790530772e-10
4.009602423e-10
5.790333076e-10
8.23393201e-10
1.131200307e-09
1.46696708e-09
1.732080223e-09
3.395267058e-10
4.432290021e-10
6.22456778e-10
9.039511748e-10
1.320305712e-09
1.899027206e-09
2.63694058e-09
3.450559196e-09
4.098834511e-09
7.411341165e-10
9.718280868e-10
1.373110738e-09
2.008360572e-09
2.955917029e-09
4.283698227e-09
5.988563372e-09
7.878579901e-09
9.390740134e-09
1.606442021e-09
2.109362149e-09
2.987547159e-09
4.383986273e-09
6.476067277e-09
9.418165336e-09
1.320461422e-08
1.740647378e-08
2.076894857e-08
3.448937576e-09
4.520187219e-09
6.39303851e-09
9.37438494e-09
1.3843178e-08
2.012469463e-08
2.81957177e-08
3.712889296e-08
4.42570541e-08
7.311071131e-09
9.533987417e-09
1.34151759e-08
1.958085916e-08
2.879545381e-08
4.16965077e-08
5.819142808e-08
7.634850718e-08
9.076134555e-08
1.524594103e-08
1.972677318e-08
2.752220917e-08
3.984635369e-08
5.815569194e-08
8.36135469e-08
1.15916542e-07
1.511992588e-07
1.790072494e-07
3.115381419e-08
3.99049347e-08
5.504536334e-08
7.881005048e-08
1.138197411e-07
1.620471979e-07
2.226465944e-07
2.882015371e-07
3.394282605e-07
6.214500201e-08
7.866651399e-08
1.070472193e-07
1.511900971e-07
2.155447433e-07
3.032030869e-07
4.120897599e-07
5.285874944e-07
6.187481242e-07
1.206047855e-07
1.507002636e-07
2.019662033e-07
2.808619961e-07
3.945028593e-07
5.473293827e-07
7.347467919e-07
9.328459439e-07
1.084543257e-06
2.270726627e-07
2.798915874e-07
3.69029106e-07
5.046006661e-07
6.973047622e-07
9.528794593e-07
1.261991165e-06
1.584484676e-06
1.828652286e-06
4.138765748e-07
5.030987749e-07
6.52172246e-07
8.760686197e-07
1.189871609e-06
1.599955823e-06
2.088732375e-06
2.591720722e-06
2.968040679e-06
7.292090094e-07
8.741936382e-07
1.1139386e-06
1.469338045e-06
1.960185556e-06
2.591859446e-06
3.333411665e-06
4.085801869e-06
4.641857372e-06
1.241021786e-06
1.467656943e-06
1.838467579e-06
2.380850456e-06
3.118768385e-06
4.053622669e-06
5.134274737e-06
6.215086515e-06
7.003992095e-06
2.039760054e-06
2.380629805e-06
2.932438959e-06
3.728769728e-06
4.795920324e-06
6.126727319e-06
7.641440922e-06
9.134768764e-06
1.02113094e-05
3.2387895e-06
3.732379602e-06
4.523031319e-06
5.648892504e-06
7.135142634e-06
8.959818256e-06
1.100502517e-05
1.299292891e-05
1.440852491e-05
4.971621299e-06
5.660351327e-06
6.752233913e-06
8.28675359e-06
1.028275157e-05
1.269580801e-05
1.536003027e-05
1.791381183e-05
1.971068443e-05
7.38536792e-06
8.312423651e-06
9.767397053e-06
1.178611185e-05
1.437411218e-05
1.745582026e-05
2.080806142e-05
2.397752682e-05
2.618153206e-05
1.063045385e-05
1.18355737e-05
1.370843489e-05
1.627434491e-05
1.951678378e-05
2.331920266e-05
2.739247468e-05
3.118799741e-05
3.379397942e-05
1.484714831e-05
1.636160981e-05
1.869236169e-05
2.184517316e-05
2.576997126e-05
3.029600572e-05
3.50553986e-05
3.939874257e-05
4.230923921e-05
2.014964489e-05
2.199056247e-05
2.479540786e-05
2.853825034e-05
3.311847646e-05
3.828697801e-05
4.356003852e-05
4.812777313e-05
5.077398687e-05
2.660742109e-05
2.877074993e-05
3.203037288e-05
3.631127239e-05
4.143562793e-05
4.703291779e-05
5.242089567e-05
5.649066893e-05
5.877540941e-05
3.421948876e-05
3.666894571e-05
4.030792479e-05
4.498355179e-05
5.039448664e-05
5.598683674e-05
6.070893321e-05
6.438092329e-05
6.652260429e-05
4.286399796e-05
4.550861401e-05
4.934967676e-05
5.409628715e-05
5.92025141e-05
6.408757083e-05
6.84859428e-05
7.200253932e-05
7.408713065e-05
5.216150278e-05
5.480760086e-05
5.846895718e-05
6.263519918e-05
6.717052895e-05
7.173973777e-05
7.597233563e-05
7.940020744e-05
8.144433731e-05
6.104095696e-05
6.331414476e-05
6.652253515e-05
7.039448357e-05
7.468708327e-05
7.908186585e-05
8.318733035e-05
8.652229339e-05
8.851240438e-05
6.892845648e-05
7.104436538e-05
7.406048705e-05
7.775770499e-05
8.188129285e-05
8.611428763e-05
9.006818239e-05
9.327478825e-05
9.518492364e-05
7.637279546e-05
7.838760804e-05
8.12649798e-05
8.479861099e-05
8.873581757e-05
9.276684717e-05
9.651876137e-05
9.955050571e-05
0.0001013512636
8.349824092e-05
8.540852357e-05
8.813197521e-05
9.146767592e-05
9.516963428e-05
9.894178671e-05
0.0001024352871
0.000105245372
0.000106908693
9.026371887e-05
9.20464714e-05
9.458021522e-05
9.767033904e-05
0.0001010818815
0.0001045381879
0.0001077208636
0.0001102678354
0.0001117695729
9.657078777e-05
9.819929145e-05
0.0001005051444
0.0001033032516
0.0001063740745
0.0001094652461
0.0001122936213
0.0001145442177
0.000115865457
0.0001023096973
0.0001037598631
0.0001058045304
0.000108271717
0.0001109613371
0.0001136492678
0.0001160910419
0.0001180214651
0.0001191490899
0.0001073797324
0.0001086326543
0.000110390665
0.0001124981906
0.0001147779696
0.000117037082
0.0001190718771
0.0001206681078
0.0001215948763
0.0001116984987
0.0001127413864
0.0001141961199
0.0001159262429
0.0001177798818
0.0001195972503
0.0001212164329
0.0001224739021
0.0001231981749
0.0001152060628
0.0001160323924
0.0001171761387
0.00011852197
0.0001199450981
0.0001213197917
0.0001225256726
0.0001234484961
0.0001239737301
0.0001178663519
0.0001184755734
0.0001193090253
0.0001202737682
0.0001212729413
0.0001222148512
0.0001230194702
0.0001236193779
0.0001239534487
0.0001196668316
0.0001200637944
0.0001205951722
0.0001211909685
0.0001217822871
0.000122310612
0.0001227342443
0.0001230293161
0.000123183739
0.0001206169898
0.0001208111936
0.0001210551411
0.0001213016643
0.0001215091495
0.0001216506799
0.0001217201951
0.0001217335038
0.0001217226121
0.0001207459709
0.0001207507088
0.0001207270558
0.0001206499719
0.0001205038304
0.0001202911568
0.0001200383406
0.0001197965887
0.0001196367174
0.0001200996163
0.0001199310784
0.0001196635606
0.0001192929601
0.0001188278484
0.0001182975994
0.0001177575295
0.0001172897478
0.0001169984638
0.0001187371711
0.0001184135611
0.0001179285717
0.0001172974594
0.0001165508339
0.0001157420255
0.0001149515725
0.0001142879342
0.0001138833422
0.0001167278816
0.0001162685895
0.000115594019
0.0001147369258
0.0001137475455
0.000112700104
0.0001116966064
0.000110867393
0.0001103675362
0.0001141476731
0.0001135725353
0.0001127367421
0.0001116885049
0.0001104951309
0.0001092486261
0.0001080687715
0.0001071035101
0.0001065258765
0.0001110760629
0.0001104047286
0.0001094356639
0.0001082303999
0.0001068707165
0.000105463326
0.0001041422489
0.0001030690283
0.0001024301638
0.0001075934144
0.0001068448286
0.0001057693286
0.0001044396145
0.0001029493774
0.0001014170832
9.998767909e-05
9.883263882e-05
9.814786469e-05
0.0001037786033
0.0001029706069
0.0001018138502
0.0001003901025
9.88025085e-05
9.717851554e-05
9.567095711e-05
9.445793828e-05
9.374116218e-05
9.970712498e-05
9.885616597e-05
9.764128792e-05
9.61513315e-05
9.449659114e-05
9.281094709e-05
9.125238241e-05
9.000272057e-05
8.926633138e-05
9.54496434e-05
9.457058947e-05
9.331843745e-05
9.178724123e-05
9.009233096e-05
8.837172217e-05
8.678612873e-05
8.551856803e-05
8.47733999e-05
9.107095886e-05
9.017699749e-05
8.890600743e-05
8.735556351e-05
8.564412949e-05
8.39118232e-05
8.23199909e-05
8.105069665e-05
8.030604924e-05
8.662935256e-05
8.573196418e-05
8.445813787e-05
8.2907458e-05
8.119984269e-05
7.94757467e-05
7.789536218e-05
7.663800993e-05
7.590171148e-05
8.217625828e-05
8.128524778e-05
8.002220967e-05
7.848741354e-05
7.680077737e-05
7.510158887e-05
7.354739574e-05
7.23133164e-05
7.159181774e-05
7.775620567e-05
7.687977803e-05
7.563889185e-05
7.413336376e-05
7.248187605e-05
7.082129421e-05
6.93053061e-05
6.810366918e-05
6.740215806e-05
7.340697971e-05
7.255184709e-05
7.134237459e-05
6.987696717e-05
6.827204377e-05
6.666102403e-05
6.51927708e-05
6.403079047e-05
6.33533174e-05
6.915994381e-05
6.833145315e-05
6.716073961e-05
6.574400662e-05
6.419457508e-05
6.264160676e-05
6.122839813e-05
6.011154887e-05
5.946115725e-05
6.504047937e-05
6.42427511e-05
6.31164251e-05
6.175486909e-05
6.026764717e-05
5.877903842e-05
5.742622937e-05
5.635846275e-05
5.573731851e-05
6.106850185e-05
6.030457323e-05
5.922675076e-05
5.792507226e-05
5.650484277e-05
5.508500263e-05
5.379625568e-05
5.27802106e-05
5.218972635e-05
5.725901713e-05
5.653098269e-05
5.550446645e-05
5.42658071e-05
5.291568697e-05
5.156739628e-05
5.034492962e-05
4.938213004e-05
4.882308141e-05
5.36226905e-05
5.293183708e-05
5.195830749e-05
5.078448119e-05
4.950617411e-05
4.823083881e-05
4.707565684e-05
4.616669441e-05
4.563932674e-05
5.016640948e-05
4.951334255e-05
4.859353567e-05
4.74852429e-05
4.62792723e-05
4.507715549e-05
4.398925898e-05
4.313395843e-05
4.263808298e-05
4.689382366e-05
4.627858312e-05
4.541245314e-05
4.43694759e-05
4.32353959e-05
4.210582705e-05
4.108440141e-05
4.028196807e-05
3.98170474e-05
4.380585064e-05
4.322801504e-05
4.241488031e-05
4.143625661e-05
4.037284015e-05
3.931440064e-05
3.835798226e-05
3.760713165e-05
3.717235436e-05
4.090114111e-05
4.03599202e-05
3.959859241e-05
3.868277021e-05
3.768817436e-05
3.669885993e-05
3.580548105e-05
3.510455142e-05
3.469889669e-05
3.817649942e-05
3.767081509e-05
3.69597121e-05
3.610468339e-05
3.517659275e-05
3.42539539e-05
3.342126733e-05
3.276831604e-05
3.239060876e-05
3.562725837e-05
3.515581456e-05
3.449305771e-05
3.369647372e-05
3.283222337e-05
3.197348519e-05
3.119887039e-05
3.059175548e-05
3.024071276e-05
3.324760861e-05
3.280895104e-05
3.219244796e-05
3.145171712e-05
3.064839673e-05
2.985056003e-05
2.913121219e-05
2.856766074e-05
2.824193068e-05
3.103088469e-05
3.062345119e-05
3.005096559e-05
2.936333575e-05
2.861787666e-05
2.787780224e-05
2.721080626e-05
2.668847088e-05
2.638666446e-05
2.896981038e-05
2.859197283e-05
2.806118249e-05
2.742380903e-05
2.673305623e-05
2.604753429e-05
2.542992541e-05
2.494643026e-05
2.466714729e-05
2.705670647e-05
2.670680529e-05
2.621534965e-05
2.562535132e-05
2.498612215e-05
2.43519286e-05
2.378074137e-05
2.333371922e-05
2.307556909e-05
2.528366473e-05
2.496003685e-05
2.450555553e-05
2.396005939e-05
2.336919066e-05
2.278313213e-05
2.225543933e-05
2.184256084e-05
2.160417881e-05
2.364269149e-05
2.334369269e-05
2.292385613e-05
2.242003322e-05
2.187441839e-05
2.133336754e-05
2.084631056e-05
2.04653069e-05
2.024536665e-05
2.212582445e-05
2.184984684e-05
2.146238022e-05
2.099747329e-05
2.049409119e-05
1.999501378e-05
1.954582565e-05
1.919450561e-05
1.899172862e-05
2.072522622e-05
2.047071157e-05
2.011341302e-05
1.968475746e-05
1.922069386e-05
1.876066889e-05
1.834669127e-05
1.802295364e-05
1.783611589e-05
1.943325748e-05
1.919870715e-05
1.886946116e-05
1.847450035e-05
1.804696351e-05
1.762319755e-05
1.724189262e-05
1.694373475e-05
1.677167127e-05
1.8242533e-05
1.802651494e-05
1.772330177e-05
1.735959765e-05
1.696592897e-05
1.657576575e-05
1.62247239e-05
1.595024705e-05
1.579185469e-05
1.714596289e-05
1.694711625e-05
1.666801806e-05
1.633325791e-05
1.597093845e-05
1.561186448e-05
1.528880869e-05
1.503622083e-05
1.489045955e-05
1.613678162e-05
1.595381943e-05
1.569702369e-05
1.538902372e-05
1.505567742e-05
1.472532454e-05
1.44281119e-05
1.419572843e-05
1.40616215e-05
1.520856667e-05
1.504027692e-05
1.480407768e-05
1.452078411e-05
1.421417847e-05
1.391032378e-05
1.363694492e-05
1.342318777e-05
1.3299821e-05
1.435524885e-05
1.420049434e-05
1.39832918e-05
1.372277995e-05
1.344082448e-05
1.316138837e-05
1.290996516e-05
1.271336064e-05
1.259988094e-05
1.357111586e-05
1.342883307e-05
1.322913174e-05
1.298960354e-05
1.273034669e-05
1.247338928e-05
1.224217123e-05
1.206134688e-05
1.195696032e-05
1.285081028e-05
1.272000746e-05
1.253641333e-05
1.231619364e-05
1.207781843e-05
1.184153494e-05
1.162889464e-05
1.146257539e-05
1.136654483e-05
1.218932333e-05
1.206907801e-05
1.190029494e-05
1.169782698e-05
1.147864581e-05
1.1261361e-05
1.106578886e-05
1.091279272e-05
1.082443518e-05
1.15819852e-05
1.147144132e-05
1.131626688e-05
1.113010705e-05
1.092855583e-05
1.072871795e-05
1.05488165e-05
1.040804986e-05
1.032673375e-05
1.102445301e-05
1.092281776e-05
1.078013871e-05
1.060895098e-05
1.042358286e-05
1.023975722e-05
1.007423506e-05
9.944687869e-06
9.869830117e-06
1.05126969e-05
1.041923743e-05
1.028802491e-05
1.013057502e-05
9.960053859e-06
9.790916178e-06
9.638581898e-06
9.519322696e-06
9.4503858e-06
1.004298501e-05
9.957024915e-06
9.836329638e-06
9.691479086e-06
9.534572917e-06
9.37890264e-06
9.23865859e-06
9.128829608e-06
9.06531876e-06
9.611867533e-06
9.532783501e-06
9.421730813e-06
9.288430923e-06
9.14400534e-06
9.000679e-06
8.871515237e-06
8.770327524e-06
8.711787759e-06
9.21616058e-06
9.143378926e-06
9.041163986e-06
8.918450024e-06
8.785461741e-06
8.653446448e-06
8.534434775e-06
8.441163477e-06
8.387176908e-06
8.852929858e-06
8.785923201e-06
8.691806246e-06
8.578791687e-06
8.45628225e-06
8.334629385e-06
8.224917589e-06
8.138897387e-06
8.089080542e-06
8.519474572e-06
8.457758591e-06
8.371060364e-06
8.266931354e-06
8.154021085e-06
8.041860222e-06
7.940666553e-06
7.861287295e-06
7.815288573e-06
8.213311669e-06
8.156441992e-06
8.07653935e-06
7.980549397e-06
7.876431599e-06
7.772964708e-06
7.679572606e-06
7.606275152e-06
7.563772407e-06
7.932160588e-06
7.879729825e-06
7.806051547e-06
7.717516466e-06
7.621451908e-06
7.525947852e-06
7.439700959e-06
7.371973244e-06
7.3326715e-06
7.673928611e-06
7.625563531e-06
7.557586349e-06
7.475879476e-06
7.387191183e-06
7.298980515e-06
7.219277962e-06
7.156651296e-06
7.120280602e-06
7.436696882e-06
7.392055758e-06
7.32930061e-06
7.25384829e-06
7.171916636e-06
7.090386713e-06
7.016678703e-06
6.958724294e-06
6.92503771e-06
7.218707155e-06
7.177477259e-06
7.119505774e-06
7.049783126e-06
6.974041235e-06
6.89863164e-06
6.830415309e-06
6.776741024e-06
6.745512739e-06
7.018349281e-06
6.980244549e-06
6.926655752e-06
6.862182713e-06
6.792112162e-06
6.722310431e-06
6.659125997e-06
6.609373332e-06
6.580396921e-06
6.834149454e-06
6.798908299e-06
6.749335547e-06
6.689673184e-06
6.6248e-06
6.560137653e-06
6.501564829e-06
6.455406105e-06
6.428492906e-06
6.66475921e-06
6.632142494e-06
6.586250622e-06
6.530997704e-06
6.470888655e-06
6.410937505e-06
6.356592181e-06
6.313727941e-06
6.288705551e-06
6.508945168e-06
6.478734318e-06
6.43621699e-06
6.385006816e-06
6.329265969e-06
6.273634713e-06
6.223165881e-06
6.183322493e-06
6.160033383e-06
6.365579481e-06
6.337574748e-06
6.298152016e-06
6.250649478e-06
6.198915022e-06
6.14724609e-06
6.100333015e-06
6.063260451e-06
6.041560692e-06
6.23363099e-06
6.207649841e-06
6.171065887e-06
6.126964765e-06
6.078906081e-06
6.030872735e-06
5.987222345e-06
5.952692147e-06
5.932450227e-06
6.112157037e-06
6.088032672e-06
6.054053728e-06
6.013074197e-06
5.968389167e-06
5.923692834e-06
5.883037319e-06
5.850840724e-06
5.831936477e-06
6.000295898e-06
5.977875891e-06
5.946288333e-06
5.908174675e-06
5.866587205e-06
5.82495503e-06
5.787049643e-06
5.756995872e-06
5.739319486e-06
5.897259822e-06
5.876404871e-06
5.847013462e-06
5.811531969e-06
5.772789722e-06
5.733972324e-06
5.698593374e-06
5.670508057e-06
5.653959172e-06
5.802328616e-06
5.782911397e-06
5.755537687e-06
5.722474739e-06
5.686347063e-06
5.650116488e-06
5.617059496e-06
5.590783243e-06
5.575270127e-06
5.714843748e-06
5.696747871e-06
5.67122873e-06
5.640389042e-06
5.606665076e-06
5.572812923e-06
5.541890953e-06
5.517278047e-06
5.502716846e-06
5.634202934e-06
5.617321988e-06
5.593508269e-06
5.564713289e-06
5.533200239e-06
5.501535964e-06
5.472578095e-06
5.449495309e-06
5.435809364e-06
5.559855153e-06
5.544091835e-06
5.521847155e-06
5.494933613e-06
5.465455186e-06
5.43580455e-06
5.408654496e-06
5.386980019e-06
5.374099253e-06
5.491296059e-06
5.476561384e-06
5.455761015e-06
5.430579597e-06
5.402974573e-06
5.375178248e-06
5.349693105e-06
5.329315572e-06
5.317175935e-06
5.428063738e-06
5.414276315e-06
5.394806181e-06
5.371220326e-06
5.345341267e-06
5.31925356e-06
5.295302679e-06
5.276120294e-06
5.264663259e-06
5.369734756e-06
5.356820132e-06
5.338575884e-06
5.31646069e-06
5.292172765e-06
5.267660469e-06
5.245124427e-06
5.227044173e-06
5.216216289e-06
5.315920439e-06
5.303810498e-06
5.286696673e-06
5.265937895e-06
5.243117804e-06
5.220059143e-06
5.198828811e-06
5.181765731e-06
5.171518214e-06
5.266263326e-06
5.254895726e-06
5.238824971e-06
5.219318087e-06
5.197853066e-06
5.176136721e-06
5.156112398e-06
5.139988932e-06
5.130277286e-06
5.220433717e-06
5.209751364e-06
5.194643693e-06
5.176293028e-06
5.156079902e-06
5.135604085e-06
5.116694677e-06
5.101440029e-06
5.09222369e-06
5.178126218e-06
5.168076756e-06
5.153858832e-06
5.136576698e-06
5.117520956e-06
5.098192494e-06
5.0803147e-06
5.065864208e-06
5.057106185e-06
5.139056204e-06
5.129591497e-06
5.11619591e-06
5.099901731e-06
5.081916577e-06
5.063649966e-06
5.046727422e-06
5.03302189e-06
5.024688378e-06
5.102956093e-06
5.094031685e-06
5.081396182e-06
5.06601556e-06
5.049020879e-06
5.031737249e-06
5.015699575e-06
5.002684513e-06
4.994744455e-06
5.069571322e-06
5.061145838e-06
5.049212468e-06
5.034676134e-06
5.018597325e-06
5.002223234e-06
4.987004919e-06
4.974629642e-06
4.967054187e-06
5.038655917e-06
5.03069038e-06
5.019404508e-06
5.005647096e-06
4.990413688e-06
4.974879683e-06
4.960418713e-06
4.948635215e-06
4.941397041e-06
5.009967558e-06
5.002424583e-06
4.991733726e-06
4.978692304e-06
4.964236274e-06
4.94947512e-06
4.935711273e-06
4.924472801e-06
4.917545244e-06
4.983262052e-06
4.976104884e-06
4.965957299e-06
4.953569592e-06
4.939823309e-06
4.92576779e-06
4.912640505e-06
4.901899755e-06
4.895255694e-06
4.958287156e-06
4.951478509e-06
4.941821496e-06
4.930023724e-06
4.916917431e-06
4.903497646e-06
4.890943365e-06
4.880650223e-06
4.874260667e-06
4.934775705e-06
4.928276381e-06
4.919054249e-06
4.90777852e-06
4.895237292e-06
4.88237736e-06
4.870326275e-06
4.860425029e-06
4.854257372e-06
4.912438092e-06
4.906205347e-06
4.897357001e-06
4.886528221e-06
4.874468332e-06
4.862082452e-06
4.850454603e-06
4.840880583e-06
4.834896491e-06
4.890954153e-06
4.884939793e-06
4.876395932e-06
4.865928202e-06
4.854252893e-06
4.842240733e-06
4.83094143e-06
4.821617062e-06
4.815769979e-06
4.869964599e-06
4.864112822e-06
4.85579274e-06
4.845585255e-06
4.834179901e-06
4.822421344e-06
4.811335944e-06
4.80216624e-06
4.796398539e-06
4.849062211e-06
4.843307199e-06
4.835115238e-06
4.825047719e-06
4.813774474e-06
4.802123789e-06
4.791111908e-06
4.781979472e-06
4.776219303e-06
4.827783063e-06
4.822046376e-06
4.813868083e-06
4.803795866e-06
4.792487887e-06
4.780767475e-06
4.769656791e-06
4.760416486e-06
4.754574408e-06
4.805598111e-06
4.799785957e-06
4.791484072e-06
4.781232974e-06
4.769688444e-06
4.757682367e-06
4.746262251e-06
4.736735736e-06
4.730701291e-06
4.781905571e-06
4.775906051e-06
4.767316472e-06
4.756677671e-06
4.744653849e-06
4.732101471e-06
4.720116761e-06
4.710087204e-06
4.703725614e-06
4.756024545e-06
4.749705012e-06
4.740632945e-06
4.729358141e-06
4.716565818e-06
4.703155937e-06
4.690301288e-06
4.679508627e-06
4.67265788e-06
4.727190434e-06
4.720395125e-06
4.710611697e-06
4.698408905e-06
4.684507686e-06
4.669873673e-06
4.655789002e-06
4.643926244e-06
4.636394878e-06
4.694552723e-06
4.687100896e-06
4.676340524e-06
4.662870949e-06
4.647465901e-06
4.631182447e-06
4.615450114e-06
4.602161238e-06
4.59372721e-06
4.657175817e-06
4.648860635e-06
4.636819573e-06
4.621696057e-06
4.604336352e-06
4.585918557e-06
4.568063029e-06
4.552943172e-06
4.543354248e-06
4.614043705e-06
4.604632167e-06
4.590968664e-06
4.573756339e-06
4.553936641e-06
4.532842266e-06
4.512333122e-06
4.494931814e-06
4.483907965e-06
4.564069346e-06
4.553303627e-06
4.537640236e-06
4.51786006e-06
4.495025492e-06
4.470661321e-06
4.446920544e-06
4.426748807e-06
4.413987161e-06
4.506109842e-06
4.493710435e-06
4.475639068e-06
4.452775035e-06
4.426330636e-06
4.398063943e-06
4.3704785e-06
4.347020677e-06
4.332203537e-06
4.438988628e-06
4.424659722e-06
4.403750092e-06
4.377260913e-06
4.346586549e-06
4.313762677e-06
4.281703336e-06
4.254434431e-06
4.237240836e-06
4.361526022e-06
4.344963564e-06
4.320775648e-06
4.290111715e-06
4.254583297e-06
4.216550219e-06
4.179397385e-06
4.147806497e-06
4.12792765e-06
4.272579503e-06
4.253482337e-06
4.22558342e-06
4.190209661e-06
4.149227317e-06
4.105367736e-06
4.062544693e-06
4.026164738e-06
4.003323314e-06
4.171094834e-06
4.149179186e-06
4.117165795e-06
4.076590738e-06
4.029614109e-06
3.979385033e-06
3.930398297e-06
3.888841538e-06
3.86281446e-06
4.056168534e-06
4.031185861e-06
3.994710519e-06
3.948521264e-06
3.895111313e-06
3.838090161e-06
3.782575634e-06
3.735573624e-06
3.706217248e-06
3.927121098e-06
3.898878904e-06
3.857681005e-06
3.805582972e-06
3.745448658e-06
3.681383651e-06
3.619155999e-06
3.566601349e-06
3.533877249e-06
3.783578635e-06
3.751963365e-06
3.705902655e-06
3.647761911e-06
3.580808743e-06
3.509669967e-06
3.440771165e-06
3.382757359e-06
3.346756153e-06
3.625558475e-06
3.590558955e-06
3.539649224e-06
3.475534035e-06
3.401910263e-06
3.32393639e-06
3.248678173e-06
3.185532638e-06
3.146492724e-06
3.453551946e-06
3.415281276e-06
3.359721065e-06
3.289938404e-06
3.210073622e-06
3.125808445e-06
3.04480274e-06
2.977108045e-06
2.935426022e-06
3.268595538e-06
3.227308981e-06
3.16750564e-06
3.092627942e-06
3.007258596e-06
2.917571479e-06
2.83174302e-06
2.760341129e-06
2.716570746e-06
3.072320606e-06
3.028426901e-06
2.965010269e-06
2.885887707e-06
2.796063945e-06
2.702148023e-06
2.612723272e-06
2.538698584e-06
2.493535946e-06
2.866971571e-06
2.821034852e-06
2.754856141e-06
2.672608412e-06
2.579674591e-06
2.483013181e-06
2.391473295e-06
2.316100424e-06
2.27034554e-06
2.655381041e-06
2.608108936e-06
2.540217322e-06
2.456191957e-06
2.361718342e-06
2.263982218e-06
2.171925322e-06
2.09651559e-06
2.050961249e-06
2.440885265e-06
2.393091463e-06
2.324664816e-06
2.240318651e-06
2.14590671e-06
2.048647033e-06
1.957340174e-06
1.882673726e-06
1.837671273e-06
2.227128412e-06
2.179636885e-06
2.111802081e-06
2.028385173e-06
1.935125233e-06
1.83884594e-06
1.747727292e-06
1.671648275e-06
1.62510051e-06
2.017596228e-06
1.971006644e-06
1.904390095e-06
1.822139735e-06
1.729231965e-06
1.630824953e-06
1.533468915e-06
1.440092263e-06
1.377470249e-06
1.814356046e-06
1.768494107e-06
1.702143195e-06
1.618270926e-06
1.520210619e-06
1.405794272e-06
1.290182774e-06
1.189363772e-06
1.124930153e-06
1.614253058e-06
1.566997629e-06
1.496054286e-06
1.39835382e-06
1.285182874e-06
1.164848384e-06
1.050174213e-06
9.548893553e-07
8.957464919e-07
1.396467707e-06
1.341628326e-06
1.261663941e-06
1.162030023e-06
1.051552106e-06
9.393721057e-07
8.357210949e-07
7.516365602e-07
7.003325745e-07
1.161334265e-06
1.107564161e-06
1.0316825e-06
9.4036812e-07
8.415212628e-07
7.433466159e-07
6.542243142e-07
5.829446921e-07
5.399240915e-07
9.408479492e-07
8.928965644e-07
8.261941071e-07
7.4716033e-07
6.627625739e-07
5.799888439e-07
5.056685289e-07
4.46780966e-07
4.115112829e-07
7.488469371e-07
7.080902486e-07
6.518087336e-07
5.85671604e-07
5.156218637e-07
4.474663719e-07
3.867302558e-07
3.389400297e-07
3.104953898e-07
5.884433301e-07
5.547431421e-07
5.083971265e-07
4.542045727e-07
3.971147293e-07
3.418851626e-07
2.929599323e-07
2.546969936e-07
2.320593038e-07
4.57808073e-07
4.304063534e-07
3.92821251e-07
3.490239871e-07
3.030772026e-07
2.588453532e-07
2.19883068e-07
1.896018457e-07
1.718028154e-07
3.531415979e-07
3.311008799e-07
3.009329415e-07
2.658851467e-07
2.292649475e-07
1.941910773e-07
1.634857628e-07
1.397889356e-07
1.259632273e-07
2.701939876e-07
2.526058572e-07
2.285860226e-07
2.007739482e-07
1.71846833e-07
1.443034276e-07
1.203602613e-07
1.020276981e-07
9.141916542e-08
2.049889277e-07
1.910564323e-07
1.720808453e-07
1.501981078e-07
1.275613299e-07
1.061522908e-07
8.768481832e-08
7.36568675e-08
6.559557459e-08
1.540995804e-07
1.431527428e-07
1.282931173e-07
1.112389218e-07
9.370596869e-08
7.72449762e-08
6.31542341e-08
5.255080752e-08
4.652153688e-08
1.146850305e-07
1.061663519e-07
9.464655993e-08
8.149482253e-08
6.806137851e-08
5.554660606e-08
4.495160848e-08
3.70694749e-08
3.264862443e-08
8.441846248e-08
7.786096425e-08
6.902773654e-08
5.899521855e-08
4.883488042e-08
3.946957013e-08
3.16436674e-08
2.589988027e-08
2.271671004e-08
6.138409456e-08
5.639438239e-08
4.971084435e-08
4.218385951e-08
3.463004623e-08
2.775653703e-08
2.208090482e-08
1.796832913e-08
1.571726931e-08
4.405787394e-08
4.032795541e-08
3.535658991e-08
2.98133771e-08
2.431036148e-08
1.935609729e-08
1.531372126e-08
1.242137241e-08
1.085792173e-08
3.12260569e-08
2.849366818e-08
2.487640949e-08
2.087064127e-08
1.693207765e-08
1.342436485e-08
1.059611855e-08
8.597808452e-09
7.531239852e-09
2.190000682e-08
1.993542905e-08
1.734971224e-08
1.450715941e-08
1.173804397e-08
9.298002314e-09
7.35374399e-09
5.997353845e-09
5.28281525e-09
1.523251655e-08
1.384557276e-08
1.203001513e-08
1.004856536e-08
8.135649359e-09
6.46774445e-09
5.154492529e-09
4.250302908e-09
3.780641223e-09
1.054181833e-08
9.580060203e-09
8.327641705e-09
6.970507716e-09
5.671974008e-09
4.551787058e-09
3.680734348e-09
3.089594059e-09
2.787496832e-09
7.292378008e-09
6.63712499e-09
5.788211237e-09
4.874875346e-09
4.008954155e-09
3.270410881e-09
2.704116091e-09
2.32638723e-09
2.137352446e-09
5.073919625e-09
4.635315868e-09
4.070063646e-09
3.466481305e-09
2.899961289e-09
2.423119311e-09
2.06383769e-09
1.829749025e-09
1.716168551e-09
3.579805632e-09
3.291586329e-09
2.922294963e-09
2.531366931e-09
2.168919057e-09
1.869100209e-09
1.648806718e-09
1.510497762e-09
1.446926476e-09
2.58622637e-09
2.400713442e-09
2.164724015e-09
1.917723247e-09
1.692624806e-09
1.511297918e-09
1.383592758e-09
1.308854455e-09
1.278387562e-09
1.933428128e-09
1.817095429e-09
1.670630003e-09
1.519949834e-09
1.386456368e-09
1.283954429e-09
1.217778611e-09
1.185322023e-09
1.176921782e-09
1.509718293e-09
1.439490259e-09
1.352594315e-09
1.265917375e-09
1.193270811e-09
1.143209192e-09
1.118144841e-09
1.114145407e-09
1.120731799e-09
1.23848577e-09
1.198795908e-09
1.151372843e-09
1.107177275e-09
1.075078554e-09
1.060225277e-09
1.063091396e-09
1.078735131e-09
1.095841084e-09
1.068099273e-09
1.048646487e-09
1.027466771e-09
1.011686148e-09
1.00698655e-09
1.016298503e-09
1.038752682e-09
1.068529573e-09
1.093407462e-09
9.643234771e-10
9.584195866e-10
9.549389758e-10
9.58556044e-10
9.729079761e-10
9.994585868e-10
1.036337692e-09
1.076905027e-09
1.107920231e-09
9.04800847e-10
9.081898808e-10
9.170031978e-10
9.343627964e-10
9.625897425e-10
1.002145076e-09
1.050365223e-09
1.099777571e-09
1.136005492e-09
8.751449895e-10
8.851819475e-10
9.029544351e-10
9.306028146e-10
9.695950424e-10
1.019677202e-09
1.077491448e-09
1.134691916e-09
1.175650209e-09
8.662404784e-10
8.813290888e-10
9.060697941e-10
9.4198688e-10
9.899798562e-10
1.049243253e-09
1.115764829e-09
1.1802674e-09
1.225765094e-09
8.724019841e-10
8.91628575e-10
9.222237557e-10
9.653201883e-10
1.02142068e-09
1.089258474e-09
1.164172116e-09
1.235893354e-09
1.285969619e-09
8.901781835e-10
9.130714157e-10
9.489748213e-10
9.987670656e-10
1.06265618e-09
1.138960501e-09
1.222359348e-09
1.301525185e-09
1.356374983e-09
9.175566173e-10
9.439334559e-10
9.849722092e-10
1.041381958e-09
1.113136619e-09
1.198165361e-09
1.290462515e-09
1.377518236e-09
1.437453373e-09
9.534513017e-10
9.83322968e-10
1.029581093e-09
1.092818734e-09
1.172819527e-09
1.267125584e-09
1.368969806e-09
1.464532017e-09
1.529957684e-09
9.973814237e-10
1.030900281e-09
1.082656803e-09
1.153172381e-09
1.242051645e-09
1.346413164e-09
1.458644539e-09
1.563473091e-09
1.634874226e-09
1.049286204e-09
1.086730055e-09
1.144441871e-09
1.222883149e-09
1.321471396e-09
1.436855645e-09
1.560480298e-09
1.675462636e-09
1.753396404e-09
1.109468644e-09
1.151219524e-09
1.215480946e-09
1.302656341e-09
1.411955615e-09
1.539499272e-09
1.675676096e-09
1.801819266e-09
1.886911264e-09
1.178505563e-09
1.22503068e-09
1.296555628e-09
1.39341791e-09
1.514588822e-09
1.655588838e-09
1.805623666e-09
1.94405093e-09
2.036993547e-09
1.257190646e-09
1.309035493e-09
1.388649914e-09
1.496289761e-09
1.630646921e-09
1.786557778e-09
1.951901886e-09
2.103851837e-09
2.205403706e-09
1.346505343e-09
1.404291927e-09
1.492932242e-09
1.612577557e-09
1.761589819e-09
1.934024258e-09
2.116274987e-09
2.283101695e-09
2.394087477e-09
1.447605104e-09
1.51203296e-09
1.610747791e-09
1.743766086e-09
1.909059131e-09
2.099790299e-09
2.300692209e-09
2.483865291e-09
2.605175212e-09
1.561814786e-09
1.633663338e-09
1.743616763e-09
1.891518758e-09
2.074878305e-09
2.285841809e-09
2.50728716e-09
2.708390928e-09
2.840979608e-09
1.690629224e-09
1.770760587e-09
1.893235702e-09
2.057678841e-09
2.261053187e-09
2.49434791e-09
2.738375505e-09
2.95910648e-09
3.10399067e-09
1.835716322e-09
1.925077867e-09
2.061479773e-09
2.244270656e-09
2.469771554e-09
2.727658276e-09
2.996449876e-09
3.238612075e-09
3.39686698e-09
1.998920767e-09
2.09854693e-09
2.250404446e-09
2.453499359e-09
2.703400373e-09
2.988297423e-09
3.284171073e-09
3.549668616e-09
3.722422557e-09
2.182266933e-09
2.29327984e-09
2.462245313e-09
2.687748136e-09
2.964479726e-09
3.27895496e-09
3.604354686e-09
3.895181428e-09
4.083608818e-09
2.387959798e-09
2.511568277e-09
2.699414909e-09
2.949571703e-09
3.255712287e-09
3.60247066e-09
3.959951876e-09
4.278177506e-09
4.483489736e-09
2.618382806e-09
2.755879381e-09
2.964495495e-09
3.24168503e-09
3.579947211e-09
3.961813121e-09
4.354023018e-09
4.701775164e-09
4.925209018e-09
2.876091684e-09
3.028847181e-09
3.260226826e-09
3.566946258e-09
3.940157217e-09
4.360050529e-09
4.78970231e-09
5.169143367e-09
5.411946409e-09
3.163803276e-09
3.33325883e-09
3.589488255e-09
3.92833309e-09
4.339407808e-09
4.800311796e-09
5.270151357e-09
5.683449894e-09
5.946862857e-09
3.484375953e-09
3.672030626e-09
3.955268381e-09
4.328905347e-09
4.780813573e-09
5.285738119e-09
5.798505128e-09
6.247799092e-09
6.533033756e-09
3.840778833e-09
4.04817349e-09
4.36062639e-09
4.771761013e-09
5.267486443e-09
5.819420205e-09
6.377800113e-09
6.865156645e-09
7.173367477e-09
4.236059036e-09
4.464756378e-09
4.808648432e-09
5.259982907e-09
5.802471093e-09
6.404323231e-09
7.010887506e-09
7.538251427e-09
7.870506662e-09
4.673295562e-09
4.924855035e-09
5.302388854e-09
5.796570392e-09
6.388666053e-09
7.043196529e-09
7.700333306e-09
8.269467543e-09
8.626712529e-09
5.155541648e-09
5.431488523e-09
5.844798493e-09
6.384357614e-09
7.028730582e-09
7.738468882e-09
8.448302572e-09
9.060720344e-09
9.443735776e-09
5.68575392e-09
5.987542551e-09
6.43863962e-09
7.025918211e-09
7.724978329e-09
8.492131314e-09
9.256432644e-09
9.91332187e-09
1.03226774e-08
6.266708114e-09
6.595679153e-09
7.086387248e-09
7.723456766e-09
8.479258493e-09
9.305608945e-09
1.012569839e-08
1.082784426e-08
1.126385779e-08
6.900900774e-09
7.258232631e-09
7.790117076e-09
8.478687427e-09
9.292824826e-09
1.017962107e-08
1.105626463e-08
1.180396544e-08
1.226665269e-08
7.590437459e-09
7.977092363e-09
8.551380971e-09
9.292701058e-09
1.01661945e-08
1.111403273e-08
1.204733226e-08
1.284031453e-08
1.33293359e-08
8.336908389e-09
8.753573748e-09
9.371071692e-09
1.016582331e-08
1.109900029e-08
1.210770297e-08
1.309698579e-08
1.393431058e-08
1.444891784e-08
9.141253278e-09
9.588279315e-09
1.024927934e-08
1.109746642e-08
1.208983859e-08
1.315833032e-08
1.420203601e-08
1.508200755e-08
1.562099132e-08
1.000361812e-08
1.048095334e-08
1.118514371e-08
1.208598028e-08
1.313612132e-08
1.426231078e-08
1.535787631e-08
1.627795331e-08
1.683959294e-08
1.092320807e-08
1.143033468e-08
1.21767083e-08
1.312851012e-08
1.423394219e-08
1.541460098e-08
1.655835464e-08
1.751506914e-08
1.809708834e-08
1.189814186e-08
1.243401405e-08
1.322078279e-08
1.42208687e-08
1.537795064e-08
1.660860469e-08
1.779567272e-08
1.878456167e-08
1.938409189e-08
1.292531642e-08
1.348830491e-08
1.431282606e-08
1.535742488e-08
1.656125225e-08
1.783609043e-08
1.906032305e-08
2.007587779e-08
2.068943361e-08
1.400029765e-08
1.458814412e-08
1.544684897e-08
1.653101695e-08
1.777534329e-08
1.908715123e-08
2.034107561e-08
2.137671598e-08
2.200018639e-08
1.511723523e-08
1.572700489e-08
1.661534059e-08
1.773290294e-08
1.901009039e-08
2.035021849e-08
2.162502779e-08
2.267310838e-08
2.330176842e-08
1.626878677e-08
1.689683875e-08
1.780923468e-08
1.895275857e-08
2.02537676e-08
2.161214374e-08
2.289773226e-08
2.394958945e-08
2.457813752e-08
1.744608491e-08
1.808806295e-08
1.90179276e-08
2.017873594e-08
2.149316494e-08
2.285836372e-08
2.414341975e-08
2.518946927e-08
2.581209607e-08
1.863875613e-08
1.928960444e-08
2.022936073e-08
2.139759703e-08
2.27137842e-08
2.40731659e-08
2.534533567e-08
2.637523217e-08
2.698572832e-08
1.983500341e-08
2.048901385e-08
2.143018193e-08
2.259493803e-08
2.390013966e-08
2.524007486e-08
2.648621314e-08
2.748908521e-08
2.808099597e-08
2.10217652e-08
2.167266273e-08
2.260600073e-08
2.375552143e-08
2.503618327e-08
2.634238153e-08
2.754890769e-08
2.851368469e-08
2.908052207e-08
2.21849646e-08
2.282603922e-08
2.374175452e-08
2.486373523e-08
2.610587662e-08
2.736384097e-08
2.851722258e-08
2.943307243e-08
2.996859662e-08
2.33098572e-08
2.393415202e-08
2.482219719e-08
2.590419357e-08
2.709392697e-08
2.828955973e-08
2.937694928e-08
3.023384956e-08
3.073243359e-08
2.438148227e-08
2.498204952e-08
2.583252029e-08
2.686249113e-08
2.798670131e-08
2.910708634e-08
3.011713532e-08
3.09065976e-08
3.136368671e-08
2.538517945e-08
2.595541725e-08
2.675907066e-08
2.772607615e-08
2.877328251e-08
2.98076665e-08
3.073153555e-08
3.144749573e-08
3.186016722e-08
2.630705906e-08
2.684115233e-08
2.759007325e-08
2.848515409e-08
2.94465716e-08
3.03875446e-08
3.12200957e-08
3.185994997e-08
3.222755554e-08
2.713396699e-08
2.762747399e-08
2.831594219e-08
2.913322712e-08
3.000405032e-08
3.084891311e-08
3.159003277e-08
3.215575071e-08
3.248059786e-08
2.785162593e-08
2.830234548e-08
2.892806074e-08
2.966625744e-08
3.044729557e-08
3.1199679e-08
3.185570066e-08
3.235487874e-08
3.264278594e-08
2.84363727e-08
2.884601721e-08
2.941244389e-08
3.007755577e-08
3.077793614e-08
3.145008317e-08
3.203533928e-08
3.24819735e-08
3.274251129e-08
2.882738049e-08
2.920601998e-08
2.972841326e-08
3.034049561e-08
3.098413006e-08
3.160203881e-08
3.214190853e-08
3.255723421e-08
3.280331243e-08
3.92114096e-29
1.508647634e-28
3.527772647e-28
7.13682274e-28
1.366730646e-27
2.567638739e-27
4.810917102e-27
9.050105327e-27
1.712337464e-26
3.256513121e-26
6.215287717e-26
1.188390864e-25
2.27282361e-25
4.342234079e-25
8.278365926e-25
1.573644601e-24
2.980940947e-24
5.625311734e-24
1.057372143e-23
1.979634808e-23
3.691733253e-23
6.857872929e-23
1.269106803e-22
2.339915575e-22
4.298783535e-22
7.870252641e-22
1.436108373e-21
2.612170181e-21
4.736866371e-21
8.564724535e-21
1.544264402e-20
2.776930598e-20
4.980686811e-20
8.911265814e-20
1.590615235e-19
2.832881939e-19
5.035177184e-19
8.934011922e-19
1.58306901e-18
2.802992166e-18
4.963038913e-18
8.796561153e-18
1.562638466e-17
2.786263219e-17
4.994743907e-17
9.017172236e-17
1.642125741e-16
3.021012772e-16
5.621047572e-16
1.058701407e-15
2.019660784e-15
3.904049398e-15
7.649548553e-15
1.519775491e-14
3.062285678e-14
6.258362961e-14
1.296950966e-13
2.723605003e-13
5.789128408e-13
1.243407064e-12
2.693198431e-12
5.869739396e-12
1.284422899e-11
2.816185231e-11
6.176443457e-11
1.353131831e-10
2.957656347e-10
6.441740576e-10
1.395592397e-09
3.000222377e-09
6.379361035e-09
1.336399149e-08
2.746628713e-08
5.515335214e-08
1.078041177e-07
2.044789975e-07
3.754808517e-07
6.664237939e-07
1.142247458e-06
1.890241207e-06
3.020900822e-06
4.665693307e-06
6.971079318e-06
1.00887268e-05
1.416242386e-05
1.931245284e-05
2.561743497e-05
3.309008762e-05
4.163129606e-05
5.090655024e-05
5.996230722e-05
6.792765686e-05
7.542057398e-05
8.259455866e-05
8.941887164e-05
9.579737129e-05
0.0001016192954
0.0001067815696
0.0001111989357
0.0001148084938
0.0001175713243
0.0001194723061
0.0001205186881
0.000120737777
0.0001201740004
0.0001188856095
0.0001169412514
0.0001144166076
0.0001113912561
0.0001079458717
0.0001041598361
0.000100109292
9.586564404e-05
9.149448409e-05
8.705490058e-05
8.259912207e-05
7.81724389e-05
7.381334726e-05
6.955386219e-05
6.541995144e-05
6.143204914e-05
5.760561297e-05
5.395169595e-05
5.047751318e-05
4.718698659e-05
4.408125628e-05
4.115915114e-05
3.841761496e-05
3.585208636e-05
3.34568332e-05
3.122524301e-05
2.915007233e-05
2.722365811e-05
2.543809479e-05
2.378538053e-05
2.225753648e-05
2.084670214e-05
1.954521029e-05
1.834564438e-05
1.724088091e-05
1.62241194e-05
1.528890181e-05
1.442912348e-05
1.36390371e-05
1.291325118e-05
1.224672394e-05
1.1634754e-05
1.107296835e-05
1.05573086e-05
1.008401594e-05
9.649615307e-06
9.250899123e-06
8.884911017e-06
8.548929652e-06
8.240452914e-06
7.957182592e-06
7.697009664e-06
7.458000233e-06
7.238382208e-06
7.036532705e-06
6.85096623e-06
6.680323597e-06
6.523361597e-06
6.378943392e-06
6.2460296e-06
6.12367004e-06
6.010996124e-06
5.907213826e-06
5.811597229e-06
5.723482576e-06
5.642262813e-06
5.567382565e-06
5.498333513e-06
5.434650112e-06
5.375905612e-06
5.321708313e-06
5.271697996e-06
5.225542454e-06
5.182934031e-06
5.143586086e-06
5.107229276e-06
5.073607562e-06
5.042473814e-06
5.013584933e-06
4.986696401e-06
4.96155618e-06
4.937897961e-06
4.915433749e-06
4.893845868e-06
4.872778526e-06
4.851829113e-06
4.830539519e-06
4.808387786e-06
4.784780499e-06
4.759046366e-06
4.730431503e-06
4.698096998e-06
4.661119413e-06
4.618494971e-06
4.569148301e-06
4.5119468e-06
4.445721789e-06
4.369297842e-06
4.281531638e-06
4.181361528e-06
4.067868429e-06
3.94034761e-06
3.798389297e-06
3.641963916e-06
3.471505456e-06
3.287984359e-06
3.092960148e-06
2.888603826e-06
2.677679112e-06
2.463468522e-06
2.249601092e-06
2.039641171e-06
1.835957454e-06
1.636235604e-06
1.422202614e-06
1.186940883e-06
9.638706896e-07
7.685024502e-07
6.047366737e-07
4.710768765e-07
3.638270682e-07
2.787310912e-07
2.117615706e-07
1.594306214e-07
1.188424325e-07
8.762616198e-08
6.38322699e-08
4.589343214e-08
3.257545457e-08
2.287343952e-08
1.592187436e-08
1.102126082e-08
7.619965752e-09
5.293831465e-09
3.724767824e-09
2.679881601e-09
1.992462967e-09
1.545656728e-09
1.259126029e-09
1.078617078e-09
9.680891696e-10
9.03966021e-10
8.710523478e-10
8.597040918e-10
8.638936541e-10
8.799470292e-10
9.057073081e-10
9.39992131e-10
9.822517922e-10
1.032367631e-09
1.090590212e-09
1.157455667e-09
1.233720766e-09
1.320331088e-09
1.418405813e-09
1.529232395e-09
1.654266878e-09
1.79513705e-09
1.953646458e-09
2.131777856e-09
2.33169483e-09
2.555740579e-09
2.806432803e-09
3.086453635e-09
3.398631926e-09
3.74591514e-09
4.131337537e-09
4.557976552e-09
5.028897877e-09
5.547087403e-09
6.115369806e-09
6.73631301e-09
7.412118996e-09
8.144501763e-09
8.934554026e-09
9.782605198e-09
1.068807446e-08
1.164932424e-08
1.266352222e-08
1.372652574e-08
1.48327996e-08
1.597533208e-08
1.714559291e-08
1.833354055e-08
1.952769059e-08
2.071525741e-08
2.188238202e-08
2.301445449e-08
2.409653386e-08
2.511382773e-08
2.605211352e-08
2.689763396e-08
2.763509051e-08
2.823902595e-08
2.864470779e-08
)
;

boundaryField
{
    outlet
    {
        type            inletOutlet;
        inletValue      uniform 0;
        value           nonuniform List<scalar> 10(2.882738049e-08 2.920601998e-08 2.972841326e-08 3.034049561e-08 3.098413006e-08 3.160203881e-08 3.214190853e-08 3.255723421e-08 3.280331243e-08 2.864470779e-08);
    }
    inlet
    {
        type            fixedValue;
        value           uniform 0;
    }
    front
    {
        type            wedge;
    }
    wall
    {
        type            zeroGradient;
    }
    back
    {
        type            wedge;
    }
}


// ************************************************************************* //
