/*--------------------------------*- C++ -*----------------------------------*\
| =========                 |                                                 |
| \\      /  F ield         | OpenFOAM: The Open Source CFD Toolbox           |
|  \\    /   O peration     | Version:  2212                                  |
|   \\  /    A nd           | Website:  www.openfoam.com                      |
|    \\/     M anipulation  |                                                 |
\*---------------------------------------------------------------------------*/
FoamFile
{
    version     2.0;
    format      ascii;
    arch        "LSB;label=32;scalar=64";
    class       volScalarField;
    location    "20.00000000";
    object      C4H2_0;
}
// * * * * * * * * * * * * * * * * * * * * * * * * * * * * * * * * * * * * * //

dimensions      [0 0 0 0 0 0 0];

internalField   nonuniform List<scalar> 
3000
(
4.449288683e-20
4.997948386e-20
5.825812846e-20
6.928920482e-20
8.29603095e-20
9.89004728e-20
1.161501526e-19
1.326111288e-19
1.442503152e-19
1.670446239e-19
1.883995876e-19
2.206078743e-19
2.636195551e-19
3.173909006e-19
3.816271047e-19
4.552149175e-19
5.344627827e-19
6.046467178e-19
3.741798301e-19
4.253320995e-19
5.032181395e-19
6.089609197e-19
7.444575953e-19
9.116782643e-19
1.109961085e-18
1.328202502e-18
1.514667437e-18
7.127220675e-19
8.186442627e-19
9.82292773e-19
1.209197637e-18
1.507391919e-18
1.884458487e-18
2.33833804e-18
2.832754121e-18
3.231781063e-18
1.265654019e-18
1.471604556e-18
1.794810684e-18
2.251683458e-18
2.863704809e-18
3.648038793e-18
4.591574702e-18
5.593631607e-18
6.362838621e-18
2.176458456e-18
2.563024898e-18
3.17838473e-18
4.061806153e-18
5.260408934e-18
6.804373961e-18
8.647576582e-18
1.055761919e-17
1.19707047e-17
3.695002452e-18
4.405097925e-18
5.54863947e-18
7.208853717e-18
9.478160907e-18
1.24016671e-17
1.585840911e-17
1.937047632e-17
2.190457095e-17
6.253456025e-18
7.538480507e-18
9.626269257e-18
1.268075942e-17
1.687220048e-17
2.226084758e-17
2.857623472e-17
3.489910474e-17
3.938512633e-17
1.060082313e-17
1.290159705e-17
1.666377043e-17
2.219564995e-17
2.979989224e-17
3.954931468e-17
5.089297746e-17
6.213185137e-17
7.001781602e-17
1.803456544e-17
2.212159021e-17
2.883502676e-17
3.873805001e-17
5.235895434e-17
6.977624736e-17
8.992937291e-17
1.097504021e-16
1.235555465e-16
3.080476398e-17
3.802291844e-17
4.991705026e-17
6.749719578e-17
9.167761049e-17
1.225278015e-16
1.580772412e-16
1.92864247e-16
2.169749289e-16
5.281632481e-17
6.551123769e-17
8.647563156e-17
1.175004041e-16
1.601623062e-16
2.144918033e-16
2.769078104e-16
3.377723395e-16
3.798282034e-16
9.085100975e-17
1.131131399e-16
1.499325294e-16
2.044622108e-16
2.794177955e-16
3.747261626e-16
4.839574663e-16
5.901976459e-16
6.635544172e-16
1.566887279e-16
1.956499988e-16
2.601588263e-16
3.557462301e-16
4.870919251e-16
6.538674288e-16
8.444954843e-16
1.029268165e-15
1.157688709e-15
2.70781388e-16
3.388687652e-16
4.517019654e-16
6.189825035e-16
8.48821776e-16
1.140327754e-15
1.472282518e-15
1.790669565e-15
2.018571212e-15
4.686037876e-16
5.874338836e-16
7.845026425e-16
1.076847332e-15
1.478775087e-15
1.989356639e-15
2.574232752e-15
3.144679626e-15
3.528127968e-15
8.116471945e-16
1.018734898e-15
1.362312629e-15
1.872089734e-15
2.572803905e-15
3.462127369e-15
4.47816232e-15
5.462223033e-15
6.135226218e-15
1.406544594e-15
1.76699196e-15
2.365135805e-15
3.252621005e-15
4.472152097e-15
6.018948045e-15
7.784312512e-15
9.492143481e-15
1.066231743e-14
2.438303094e-15
3.065130654e-15
4.10546721e-15
5.649039959e-15
7.769730281e-15
1.04585769e-14
1.352603268e-14
1.649230218e-14
1.8524466e-14
4.228014198e-15
5.317474466e-15
7.125848491e-15
9.809031394e-15
1.349504836e-14
1.816764183e-14
2.349677765e-14
2.86486869e-14
3.217731835e-14
7.33305862e-15
9.225956204e-15
1.236824974e-14
1.703078198e-14
2.343555865e-14
3.155347356e-14
4.081023793e-14
4.975717217e-14
5.588382122e-14
1.272111127e-14
1.600928263e-14
2.146820748e-14
2.956834513e-14
4.069474181e-14
5.47956029e-14
7.087200834e-14
8.640738693e-14
9.704406192e-14
2.207235218e-14
2.77835827e-14
3.726567921e-14
5.133563067e-14
7.06612083e-14
9.51505006e-14
1.230664275e-13
1.500382624e-13
1.685032888e-13
3.830439599e-14
4.82235779e-14
6.469233583e-14
8.912902104e-14
1.226914618e-13
1.652167281e-13
2.136846846e-13
2.605065474e-13
2.925573416e-13
6.648411349e-14
8.371104167e-14
1.123126165e-13
1.547502619e-13
2.130306258e-13
2.868648093e-13
3.710032422e-13
4.522711333e-13
5.078960722e-13
1.154111331e-13
1.453290667e-13
1.949992201e-13
2.686910729e-13
3.698797201e-13
4.980508176e-13
6.440799026e-13
7.850993045e-13
8.816090377e-13
2.003675619e-13
2.523248468e-13
3.38577769e-13
4.665271762e-13
6.421845316e-13
8.646270152e-13
1.117991796e-12
1.362596965e-12
1.529959485e-12
3.47891359e-13
4.381205956e-13
5.878871608e-13
8.100080491e-13
1.114865121e-12
1.500785973e-12
1.940184793e-12
2.364227407e-12
2.654266382e-12
6.040545115e-13
7.607358658e-13
1.020749216e-12
1.406263339e-12
1.935165797e-12
2.604385684e-12
3.365929262e-12
4.100453256e-12
4.602610327e-12
1.04880389e-12
1.320838257e-12
1.77214866e-12
2.441013475e-12
3.358153567e-12
4.517836941e-12
5.836511899e-12
7.107409266e-12
7.975640609e-12
1.820764047e-12
2.292950022e-12
3.076001319e-12
4.235859135e-12
5.825054001e-12
7.832688454e-12
1.011319752e-11
1.230869557e-11
1.380706813e-11
3.160038461e-12
3.979266163e-12
5.337101133e-12
7.346785106e-12
1.009761438e-11
1.356847675e-11
1.750555358e-11
2.129025232e-11
2.386960376e-11
5.481859153e-12
6.902174265e-12
9.254604042e-12
1.273281874e-11
1.748743291e-11
2.347682249e-11
3.025805035e-11
3.676392691e-11
4.118945036e-11
9.50286641e-12
1.196267262e-11
1.603299492e-11
2.204327371e-11
3.024496317e-11
4.055481002e-11
5.219937693e-11
6.334228993e-11
7.090330291e-11
1.645669612e-11
2.07103042e-11
2.774049268e-11
3.810377282e-11
5.22144064e-11
6.990422633e-11
8.982247067e-11
1.088200038e-10
1.216699811e-10
2.846016626e-11
3.580044316e-11
4.791384433e-11
6.573220564e-11
8.992635802e-11
1.201550746e-10
1.540607453e-10
1.862671541e-10
2.079661428e-10
4.91316191e-11
6.176375015e-11
8.257088069e-11
1.130961408e-10
1.544018744e-10
2.057964385e-10
2.631719974e-10
3.174025646e-10
3.537673659e-10
8.462811041e-11
1.062909409e-10
1.418905273e-10
1.939475593e-10
2.640961035e-10
3.509432567e-10
4.473548501e-10
5.379495534e-10
5.983617919e-10
1.453722175e-10
1.823594608e-10
2.429721569e-10
3.312593301e-10
4.496388499e-10
5.953371382e-10
7.56027315e-10
9.060073307e-10
1.005388423e-09
2.489033086e-10
3.117201674e-10
4.143174537e-10
5.630679035e-10
7.613621625e-10
1.003762653e-09
1.269123583e-09
1.514929879e-09
1.676668688e-09
4.245429001e-10
5.305542336e-10
7.030228444e-10
9.517342744e-10
1.281078252e-09
1.680595621e-09
2.114353373e-09
2.512833044e-09
2.773052436e-09
7.209528612e-10
8.98548165e-10
1.186175184e-09
1.598417341e-09
2.140232779e-09
2.791937108e-09
3.493172382e-09
4.13170871e-09
4.545390252e-09
1.218248741e-09
1.51327853e-09
1.988668504e-09
2.665371714e-09
3.547472544e-09
4.598795167e-09
5.71930907e-09
6.730295815e-09
7.379960765e-09
2.047188221e-09
2.532727003e-09
3.310684367e-09
4.409816995e-09
5.829919996e-09
7.506152773e-09
9.275190341e-09
1.085645911e-08
1.186434676e-08
3.419189162e-09
4.210062438e-09
5.469505898e-09
7.234686645e-09
9.494160665e-09
1.213464122e-08
1.489365765e-08
1.733701927e-08
1.888203439e-08
5.672670933e-09
6.946659138e-09
8.962301136e-09
1.176370034e-08
1.531529113e-08
1.942411144e-08
2.367517069e-08
2.740597969e-08
2.974712939e-08
9.34361414e-09
1.137183359e-08
1.455919373e-08
1.895111545e-08
2.44655726e-08
3.078191387e-08
3.725453093e-08
4.288619346e-08
4.639483969e-08
1.527149281e-08
1.846118702e-08
2.343957584e-08
3.024047144e-08
3.869859158e-08
4.829349419e-08
5.803638096e-08
6.64450898e-08
7.164915974e-08
2.475609882e-08
2.97100147e-08
3.738952295e-08
4.779199969e-08
6.061073917e-08
7.5019418e-08
8.952581675e-08
1.019526348e-07
1.095970369e-07
3.978657969e-08
4.738435063e-08
5.908475385e-08
7.480558744e-08
9.40097862e-08
1.154117116e-07
1.367900074e-07
1.549799145e-07
1.661089143e-07
6.337168582e-08
7.488033642e-08
9.249236391e-08
1.159758268e-07
1.444309813e-07
1.758941516e-07
2.070995572e-07
2.334905347e-07
2.495598894e-07
1.000103451e-07
1.172333582e-07
1.434362095e-07
1.78128443e-07
2.198551675e-07
2.656666719e-07
3.108154053e-07
3.487954758e-07
3.718252095e-07
1.563549339e-07
1.818325719e-07
2.203861557e-07
2.711040645e-07
3.31701644e-07
3.978141804e-07
4.626094584e-07
5.168665291e-07
5.496500122e-07
2.421366539e-07
2.794151494e-07
3.355516704e-07
4.089769318e-07
4.961915687e-07
5.908250492e-07
6.831352932e-07
7.601355642e-07
8.065278102e-07
3.714223284e-07
4.254094398e-07
5.063562635e-07
6.117024988e-07
7.362015758e-07
8.706664324e-07
1.001314859e-06
1.109957061e-06
1.175268877e-06
5.643296018e-07
6.417719382e-07
7.574545758e-07
9.073623797e-07
1.083771418e-06
1.273574261e-06
1.457411032e-06
1.609925128e-06
1.701473758e-06
8.493407283e-07
9.594558349e-07
1.12342822e-06
1.335153674e-06
1.583442032e-06
1.849774913e-06
2.107132752e-06
2.32031172e-06
2.448183665e-06
1.266359909e-06
1.421667021e-06
1.652337085e-06
1.949322784e-06
2.296643737e-06
2.668373582e-06
3.027026607e-06
3.323898942e-06
3.501994844e-06
1.870700041e-06
2.08810057e-06
2.410327071e-06
2.8242544e-06
3.307357403e-06
3.823645533e-06
4.321401374e-06
4.733455528e-06
4.980886911e-06
2.738193892e-06
3.04035628e-06
3.487497036e-06
4.06092146e-06
4.72925368e-06
5.442927833e-06
6.130966704e-06
6.701016204e-06
7.043902915e-06
3.971624203e-06
4.388724148e-06
5.005207691e-06
5.794862885e-06
6.714449253e-06
7.696207618e-06
8.643224874e-06
9.428940303e-06
9.902610504e-06
5.708642163e-06
6.280493058e-06
7.124957038e-06
8.205767756e-06
9.463891296e-06
1.080732773e-05
1.210442947e-05
1.318245758e-05
1.383397847e-05
8.131279832e-06
8.909853703e-06
1.005883588e-05
1.152859469e-05
1.323918445e-05
1.506648392e-05
1.683263327e-05
1.830308529e-05
1.919396169e-05
1.147704197e-05
1.252932408e-05
1.408140141e-05
1.606593937e-05
1.837541678e-05
2.084339337e-05
2.323102923e-05
2.522197376e-05
2.643076621e-05
1.605137156e-05
1.74624133e-05
1.954256622e-05
2.220109417e-05
2.529425124e-05
2.860021889e-05
3.180050589e-05
3.447198161e-05
3.609653379e-05
2.224101973e-05
2.411696364e-05
2.688081323e-05
3.041095487e-05
3.451627546e-05
3.890309494e-05
4.315015431e-05
4.669715719e-05
4.88561043e-05
3.052753755e-05
3.299830334e-05
3.6635756e-05
4.127767326e-05
4.667140276e-05
5.243098003e-05
5.800443025e-05
6.265835035e-05
6.549161348e-05
4.149979634e-05
4.472105953e-05
4.94588295e-05
5.549779072e-05
6.2506047e-05
6.998059467e-05
7.720581425e-05
8.323390261e-05
8.690195699e-05
5.586420639e-05
6.001829314e-05
6.612078199e-05
7.388757029e-05
8.288588587e-05
9.246640826e-05
0.0001017121138
0.0001094147353
0.0001140965571
7.44512144e-05
7.974658713e-05
8.751469364e-05
9.738339943e-05
0.0001087932856
0.0001209149887
0.0001325879735
0.000142293622
0.0001481833572
9.821676656e-05
0.0001048858836
0.0001146534863
0.0001270364545
0.00014131885
0.0001564534688
0.000170990623
0.0001830489081
0.0001903514619
0.0001282377363
0.0001365332179
0.0001486612898
0.0001640012622
0.000181647023
0.0002002923413
0.0002181502796
0.000232923142
0.0002418486597
0.0001657007938
0.000175889992
0.000190758536
0.0002095182964
0.0002310361663
0.0002537032573
0.0002753461257
0.0002931978059
0.0003039560412
0.0002118847677
0.0002242429894
0.0002422411833
0.0002648912299
0.0002907938549
0.0003179925578
0.000343878807
0.0003651655569
0.0003779595603
0.0002681371197
0.00028293987
0.0003044549573
0.0003314598517
0.0003622486376
0.0003944727669
0.0004250414344
0.0004501005546
0.0004651206042
0.000335845567
0.0003533602423
0.0003787657477
0.00041056982
0.0004467199332
0.0004844319097
0.000520089086
0.0005492287445
0.0005666466792
0.0004164058494
0.0004368833377
0.0004665274967
0.0005035413511
0.0005454865155
0.000589102894
0.0006302091502
0.0006636988761
0.0006836627961
0.0005111888473
0.0005348555386
0.0005690499929
0.0006116369378
0.0006597557105
0.0007096340719
0.0007564931502
0.000794555475
0.0008171852197
0.0006215062225
0.0006485565099
0.0006875661785
0.0007360306162
0.0007906341682
0.0008470617099
0.0008999109863
0.0009427144996
0.0009680979565
0.0007485774899
0.0007791674131
0.0008232018061
0.0008777792415
0.000939101329
0.001002285587
0.001061288403
0.001108942398
0.001137132768
0.0008934993977
0.0009277413995
0.0009769476076
0.001037796779
0.001105985871
0.00117604778
0.001241288082
0.001293839021
0.001324853162
0.001057218067
0.001095177021
0.001149634459
0.001216831782
0.001291945817
0.001368915473
0.001440394766
0.001497824679
0.001531642608
0.001240504443
0.001282195114
0.001341912408
0.001415448636
0.001497452397
0.001581267439
0.001658904437
0.001721131398
0.001757697
0.001443933245
0.001489319186
0.001554233029
0.001634012779
0.001722778144
0.001813284974
0.001896917719
0.001963798292
0.002003021123
0.001667865725
0.001716859741
0.001786835988
0.00187267972
0.001967988879
0.002064946957
0.002154337502
0.002225670881
0.002267428531
0.001912436625
0.001964902921
0.002039740102
0.002131389128
0.002232940975
0.002336030127
0.002430871762
0.002506405273
0.002550544235
0.002177546
0.00223330416
0.002312739593
0.002409864278
0.002517284449
0.00262611601
0.002726044487
0.00280548694
0.002851845799
0.00246285689
0.002521687805
0.002605406451
0.002707617761
0.002820472756
0.002934605495
0.00303922445
0.003122272307
0.003170677208
0.002767800123
0.002829453964
0.002917100065
0.003023963996
0.003141781984
0.003260755556
0.003369653591
0.003455987956
0.003506258224
0.003091588152
0.003155794961
0.003246991162
0.003358060769
0.00348036037
0.00360369877
0.003716452544
0.00380574855
0.003857701667
0.003433267087
0.00349975474
0.003594119936
0.003708938969
0.003835230573
0.003962454798
0.004078641798
0.004170577823
0.0042240343
0.003791750789
0.003860245682
0.003957398278
0.004075513502
0.004205314013
0.004335955264
0.004455165132
0.004549430933
0.004604218538
0.004165834874
0.004236069891
0.004335638969
0.004456612516
0.004589458256
0.004723069683
0.004844913812
0.004941217192
0.00499717431
0.004554231189
0.004625952852
0.004727587812
0.004851007925
0.004986465346
0.005122631535
0.005246750525
0.005344822298
0.005401800328
0.004955603912
0.005028578197
0.005131956434
0.005257445859
0.005395119589
0.005533463395
0.005659532123
0.005759129279
0.005816994056
0.005368605023
0.005442621551
0.005547453841
0.005674675483
0.00581421345
0.005954400018
0.006082130316
0.006183037429
0.006241669716
0.005791907069
0.005866781549
0.00597281501
0.006101474772
0.006242570407
0.006384308531
0.006513449646
0.0066154787
0.006674773834
0.006224231464
0.006299806459
0.006406825238
0.006536672214
0.006679063797
0.006822104067
0.006952440339
0.007055428739
0.00711529556
0.006664369675
0.006740513129
0.006848336101
0.006979159539
0.007122626826
0.007266758863
0.007398107367
0.007501915977
0.007562275584
0.007111195772
0.007187799539
0.007296278106
0.007427904567
0.007572265397
0.007717313851
0.007849520575
0.007954030801
0.008014815
0.007563679257
0.007640656302
0.007749670419
0.00788195895
0.008027064014
0.008172883524
0.00830581902
0.008410929617
0.008472079245
0.008020888988
0.008098170112
0.008207623727
0.008340460496
0.008486187713
0.008632657599
0.008766212521
0.008871836405
0.008933299685
0.008481992333
0.008559522759
0.008669339133
0.008802632009
0.008948880946
0.009095900051
0.009229980906
0.009336042173
0.009397773204
0.008946250719
0.009023986794
0.00913410403
0.009267777478
0.009414464183
0.009561946159
0.009696471488
0.009802902777
0.009864860214
0.009413012684
0.009490918908
0.009601285937
0.009735276484
0.009882328951
0.01003019818
0.01016509529
0.01027183554
0.01033398148
0.009881705507
0.009959751984
0.01007032515
0.01020457756
0.010351932
0.01050012014
0.01063532233
0.01074231506
0.0108046143
0.01035182625
0.01042998666
0.01054072697
0.01067519101
0.0108227883
0.01097123183
0.01110667686
0.011213869
0.01127628824
0.01082293227
0.01090118203
0.01101205283
0.01114668115
0.01129446564
0.01144310412
0.01157873239
0.01168607302
0.01174858038
0.01129463284
0.01137294814
0.01148391392
0.0116186606
0.01176657808
0.01191535268
0.01205110624
0.01215854602
0.01222111075
0.01176658189
0.01184493891
0.01195596428
0.01209078358
0.01223878029
0.01238763287
0.01252345479
0.01263094556
0.01269353787
0.01223847125
0.0123168457
0.01242789467
0.0125627404
0.01271076237
0.01285963505
0.01299546909
0.01310296366
0.01316555458
0.01271002478
0.0127883916
0.01289942732
0.01303425253
0.01318224535
0.01333108031
0.01346687081
0.0135743229
0.01363688427
0.01318099337
0.01325932675
0.01337031144
0.01350506836
0.01365297722
0.01380171673
0.01393740864
0.01404477292
0.01410727738
0.0136511509
0.01372942429
0.01384031937
0.01397495962
0.01412272943
0.01427131604
0.01440685511
0.01451408726
0.01457650832
0.01412029084
0.01419847716
0.01430924349
0.01444371829
0.01459129403
0.01473967083
0.01487500377
0.01498206064
0.01504437268
0.01458822356
0.01466629539
0.01477689351
0.01491115408
0.01505848111
0.01520659203
0.01534166675
0.0154485065
0.01551068486
0.01505477407
0.01513270389
0.01524309443
0.01537709232
0.01552411671
0.01567190685
0.0158066727
0.01591325491
0.01597527593
0.01551978033
0.01559754077
0.01570768468
0.01584137213
0.01598804107
0.01613545696
0.01626986494
0.01637615076
0.01643799181
0.01598309179
0.01606065586
0.01617051477
0.01630384504
0.01645010709
0.01659709696
0.01673109991
0.01683705214
0.01689869169
0.01644456828
0.01652190955
0.01663144602
0.01676437368
0.0169101791
0.01705669313
0.01719024587
0.01729582906
0.01735724667
0.01690407912
0.01698117191
0.01709034967
0.01722283085
0.01736813178
0.01751412225
0.01764718171
0.01775236222
0.01781353857
0.01736150236
0.0174383219
0.01754710601
0.01767909861
0.01782384928
0.01796927072
0.01810179604
0.01820654205
0.01826745894
0.01781672417
0.0178932467
0.01800160374
0.01813306756
0.01827722443
0.01842203373
0.01855398627
0.01865826782
0.01871890817
0.01826963835
0.01834584123
0.01845373938
0.01858463627
0.0187281581
0.01887231456
0.01900365796
0.01910744694
0.01916779475
0.0187201459
0.01879600765
0.01890341678
0.01903371068
0.01917655859
0.01932002395
0.01945072415
0.01955399426
0.01961403462
0.01916815452
0.01924365487
0.01935054662
0.01948020362
0.01962234117
0.01976507962
0.01989510478
0.01999783153
0.02005755058
0.0196135784
0.01968869835
0.01979504611
0.01992403451
0.02006542762
0.02020740575
0.02033672625
0.02043888689
0.02049827175
0.020056338
0.02013105977
0.02023683871
0.02036512889
0.02050574583
0.0206469326
0.02077552096
0.02087709442
0.02093613322
0.02049635966
0.02057066668
0.02067585367
0.02080341812
0.02094322944
0.0210835961
0.02121142692
0.02131239377
0.02137107557
0.02093357525
0.02100745216
0.02111202576
0.02123883904
0.02137781754
0.02151733757
0.02164438746
0.02174472983
0.02180304456
0.02136792199
0.02144135459
0.02154529505
0.02167133368
0.02180945434
0.02194810335
0.02207435084
0.02217405233
0.02223199081
0.02179934219
0.02187231744
0.02197560658
0.02210084902
0.02223808886
0.02237584454
0.02250126997
0.02260031564
0.02265786946
0.02222778302
0.02230028896
0.02240291014
0.02252733669
0.02266367473
0.02280051669
0.02292510218
0.0230234784
0.02308063994
0.02265319629
0.022725222
0.02282716005
0.02295075274
0.02308616989
0.02322207962
0.02334580893
0.02344350336
0.02350026572
0.02307553819
0.02314707376
0.02324831489
0.02337105744
0.02350553639
0.02364049713
0.02376335558
0.02386035708
0.02391671402
0.02349476913
0.02356580557
0.02366633731
0.023788215
0.02392174014
0.02405573678
0.02417771117
0.02427400974
0.02432995568
0.02391085344
0.02398138267
0.02408119381
0.0242021934
0.02433475071
0.02446776973
0.02458884822
0.02468443492
0.02473996488
0.02432375926
0.02439377402
0.02449285452
0.02461296417
0.02474454113
0.02487657045
0.02499674254
0.02509160942
0.02514671898
0.02473345827
0.02480295211
0.02490129301
0.02502050221
0.02515108771
0.02528211663
0.02540137301
0.02549551307
0.02555019834
0.02513992551
0.02520889271
0.02530648611
0.02542478556
0.02555436981
0.02568438893
0.02580272144
0.02589612855
0.02595038613
0.02554313924
0.02561157477
0.02570841373
0.02582579528
0.02595436971
0.02608337084
0.02620077239
0.02629344123
0.02634726818
0.02594308069
0.02601098017
0.02610705864
0.02622351524
0.02635107244
0.0264790485
0.02659551299
0.026687439
0.02674083282
0.02633973393
0.02640709359
0.02650240638
0.02661793195
0.02674446558
0.02687141055
0.0269869328
0.02707811215
0.02713107074
0.02673308571
0.02679990233
0.02689444502
0.02700903445
0.02713453916
0.02726044798
0.02737502369
0.0274654532
0.02751797482
0.02712312526
0.02718939616
0.02728316508
0.02739681408
0.02752128547
0.027646154
0.02775977967
0.02784945676
0.02790154004
0.02750984418
0.02757556716
0.0276685593
0.02778126443
0.02790469895
0.02802852389
0.02814119675
0.02823011944
0.02828176332
0.0278932363
0.02795840959
0.02805062258
0.02816238114
0.02828477604
0.02840755488
0.02851927286
0.02860743969
0.0286586434
0.02827329748
0.02833791977
0.02842935182
0.02854016178
0.02866151507
0.028783246
0.02889400769
0.02898141769
0.02903218076
0.02865002555
0.02871409588
0.02880474575
0.02891460575
0.02903491611
0.02915559803
0.02926540259
0.02935205525
0.02940237746
0.02902342016
0.02908693795
0.02917680488
0.02928571415
0.0294049809
0.02952461332
0.02963346048
0.02971935572
0.02976923709
0.02939348263
0.02945644763
0.02954553135
0.02965348967
0.02977171272
0.02989029572
0.02999818572
0.03008332384
0.03013276461
0.02976021589
0.02982262816
0.02991092881
0.03001793646
0.03013511628
0.03025265048
0.03035958403
0.0304439657
0.03049296632
0.03012362434
0.03018548421
0.03027300234
0.03037906009
0.03049519764
0.03061168416
0.0307176624
0.03080128863
0.03084984973
0.03048371377
0.03054502184
0.03063175835
0.0307368674
0.03085196411
0.03096740451
0.031072429
0.03115530111
0.0312034235
0.03084049123
0.03090124834
0.03098720449
0.03109136642
0.03120542416
0.03131982043
0.03142389309
0.03150601268
0.03155369735
0.03119396497
0.03125417219
0.03133934953
0.03144256631
0.03155558734
0.03166894186
0.03177206495
0.0318534339
0.03190068197
0.03154414437
0.03160380297
0.03168820333
0.03179047728
0.0319024642
0.03201477971
0.03211695582
0.03219757624
0.03224438897
0.03189103979
0.03195015123
0.03203377672
0.03213511045
0.03224606624
0.0323573458
0.03245857781
0.03253845202
0.03258483081
0.03223466259
0.03229322849
0.03237608146
0.03247647788
0.03258640579
0.03269665276
0.03279694381
0.03287607437
0.03292202072
0.03257502496
0.03263304711
0.03271513013
0.03281459241
0.03292349599
0.033032714
0.03313206748
0.03321045711
0.03325597264
0.03291213991
0.03296962025
0.03305093609
0.03314946763
0.03325735068
0.03336554364
0.03346396315
0.03354161475
0.03358670117
0.03324602121
0.03330296179
0.03338351339
0.03348111783
0.03358798439
0.0336951564
0.03379264575
0.03386956239
0.0339142215
0.03357668325
0.03363308627
0.03371287675
0.0338095579
0.03391541221
0.0340215676
0.03411813079
0.03419431565
0.03423854933
0.03390414106
0.0339600088
0.03403904143
0.03413480329
0.03423964979
0.03434479306
0.03444043424
0.03451589064
0.03455970084
0.03422841021
0.03428374505
0.03436202322
0.03445686995
0.03456071323
0.03466484904
0.03475957251
0.03483430388
0.0348776926
0.03454950671
0.03460431113
0.03468183835
0.03477577423
0.03487861903
0.03498175219
0.03507556236
0.03514957221
0.03519254152
0.03486744701
0.03492172352
0.0349985034
0.03509153283
0.03519338401
0.03529551943
0.03538842081
0.03546171273
0.03550426472
0.03518224784
0.03523599905
0.03531203526
0.03540416273
0.03550502523
0.03560616791
0.03569816508
0.03577074271
0.03581287951
0.03549392619
0.03554715473
0.03562245101
0.03571368106
0.0358135599
0.03591371489
0.03600481247
0.03607667948
0.03611840323
0.0358024992
0.03585520771
0.03592976783
0.03602010505
0.03611900525
0.03621817763
0.03630838025
0.03637954032
0.03642085316
0.036107984
0.03616017515
0.03623400287
0.03632345183
0.03642137842
0.03651957322
0.0366088855
0.03667934226
0.0367202463
0.03641039763
0.03646207405
0.0365351731
0.03662373832
0.03672069625
0.03681791846
0.03690634491
0.03697610194
0.03701659927
0.03670975682
0.03676092109
0.03683329512
0.03692098103
0.03701697513
0.03711322959
0.0372007746
0.03726983534
0.03730992796
0.03700607779
0.03705673241
0.03712838495
0.03721519579
0.03731023071
0.03740552202
0.03749218976
0.0375605575
0.03760024729
0.03729937598
0.03734952332
0.03742045769
0.03750639747
0.03760047753
0.03769481
0.03778060435
0.03784828208
0.03788757078
0.03758966571
0.03763930794
0.0377095272
0.03779459955
0.03788772868
0.03798110617
0.03806603056
0.03813302095
0.03817191007
0.03787695975
0.03792609878
0.03799560558
0.03807981366
0.03817199522
0.03826442098
0.03834847827
0.0384147835
0.03845327427
0.03816126877
0.03820990615
0.03827870263
0.03836204894
0.03845328552
0.03854476202
0.0386279543
0.03869357592
0.03873166916
0.03844260065
0.03849073748
0.03855882509
0.03864131125
0.03873160446
0.03882213311
0.03890446148
0.03896940019
0.03900709626
0.0387209597
0.03876859643
0.03883597574
0.03891760226
0.03900695242
0.03909653327
0.03917799752
0.03924225297
0.03927955156
0.03899634557
0.03904348189
0.03911015231
0.03919091824
0.03927932401
0.03936795537
0.03944855364
0.03951212411
0.03954902411
0.03926875206
0.03931538666
0.03938134612
0.03946124869
0.03954870663
0.03963638462
0.03971611295
0.03977899501
0.03981549425
0.03953816565
0.03958429592
0.03964954054
0.03972857465
0.03981507869
0.03990179666
0.03998064849
0.04004283654
0.04007893158
0.03980456374
0.03985018551
0.0399147091
0.03999286679
0.0400784076
0.04016415549
0.040242121
0.0403036068
0.04033929259
0.04006791265
0.04011301981
0.04017681337
0.04025408315
0.04033864738
0.04042341096
0.04050047638
0.04056124844
0.040596518
0.04032816537
0.04037274943
0.04043580054
0.04051216665
0.04059573612
0.04067949609
0.04075564287
0.0408156858
0.04085052982
0.04058525901
0.04062930866
0.04069160079
0.04076704235
0.04084959307
0.0409323241
0.04100752801
0.04106682177
0.04110122814
0.04083911205
0.04088261261
0.04094412437
0.04101861446
0.04110011559
0.04118178527
0.04125601537
0.04131453447
0.04134848785
0.04108962143
0.0411325543
0.04119325863
0.04126676327
0.04134717604
0.0414277437
0.04150096134
0.041558674
0.04159215529
0.04133665954
0.04137900158
0.04143886493
0.04151134207
0.0415906186
0.04167003418
0.04174219188
0.04179905917
0.04183204502
0.04158007127
0.04162179423
0.04168077567
0.04175217414
0.04183025633
0.04190845922
0.04197949965
0.04203547466
0.04206793697
0.04181967122
0.04186074115
0.04191879157
0.0419890501
0.04206586852
0.04214278651
0.04221264151
0.04226766858
0.0422995741
0.04205524124
0.042095618
0.04215267938
0.0422217257
0.04229719867
0.042372747
0.04244133679
0.04249535091
0.04252666084
0.04228652851
0.04232616529
0.04238217016
0.04244992038
0.04252395327
0.04259803395
0.04266526648
0.04271819288
0.04274886268
0.04251324435
0.04255208746
0.04260695846
0.04267331662
0.04274580147
0.04281830299
0.04288407381
0.04293582775
0.04296580705
0.04273506417
0.04277305289
0.0428267027
0.04289156075
0.04296237624
0.04303317365
0.043097366
0.04314785301
0.04317708578
0.04295162845
0.04298869518
0.0430410268
0.04310426491
0.04317327692
0.04324223246
0.04330471798
0.04335383451
0.04338225943
0.04316254523
0.04319861597
0.04324952335
0.04331101087
0.04337807355
0.04344503789
0.04350567791
0.04355331236
0.04358086355
0.04336739426
0.04340238931
0.04345175852
0.04351135545
0.04357631301
0.0436411272
0.04369977459
0.043745809
0.04377241699
0.04356573273
0.04359956786
0.04364727873
0.04370483786
0.04376752706
0.04383002518
0.04388652699
0.0439308392
0.04395643227
0.04375710291
0.04378969086
0.04383561917
0.04389098884
0.0439512422
0.04401125479
0.04406545553
0.04410792188
0.04413242774
0.04394104149
0.04397229377
0.044016314
0.04406934154
0.04412699127
0.04418434943
0.044236095
0.04427659358
0.04429994129
0.04411709044
0.04414691961
0.04418890811
0.04423944385
0.04429432636
0.04434886652
0.04439800864
0.04443642293
0.04445854512
0.0442848093
0.04431313146
0.04435297006
0.04440087178
0.04445283274
0.04450440178
0.0445508029
0.04458702577
0.04460786093
0.04444378839
0.04447052582
0.04450810572
0.04455324345
0.04460214312
0.04465060391
0.04469414223
0.04472807995
0.0447475749
0.04459366239
0.04461874645
0.04465397219
0.04469623308
0.04474195171
0.04478718856
0.04482776313
0.0448593394
0.0448774516
0.04473412392
0.04475749775
0.04479029117
0.04482958427
0.04487202735
0.04491395122
0.04495148664
0.04498064633
0.04499734605
0.04486493619
0.04488655735
0.04491686124
0.0449531219
0.04499222486
0.04503077806
0.04506522865
0.04509194102
0.04510721317
0.04498594428
0.04500578702
0.04503356828
0.04506676185
0.04510249402
0.04513765403
0.0451690072
0.04519326848
0.04520711411
0.04509708425
0.04511514129
0.04514039338
0.04517051804
0.04520288555
0.04523466767
0.04526294617
0.04528478149
0.04529721909
0.04519838949
0.04521467323
0.04523741767
0.04526450612
0.04529355341
0.04532201209
0.04534727446
0.04536673585
0.04537779832
0.045289994
0.04530453694
0.04532482384
0.04534894374
0.04537475321
0.04539997922
0.04542231576
0.04543948113
0.04544921735
0.04537213235
0.04538498678
0.04540289367
0.045424144
0.04544683171
0.04546895068
0.04548848451
0.04550345763
0.04551193127
0.04544513181
0.04545636696
0.04547199556
0.04549050596
0.04551022183
0.04552939285
0.04554627677
0.04555918428
0.04556647201
0.0455094032
0.04551910533
0.04553258112
0.04554850926
0.04556543305
0.0455818441
0.04559625619
0.04560724389
0.04561343303
0.04556543547
0.04557370546
0.04558517412
0.04559870122
0.04561303732
0.04562689979
0.04563903813
0.04564826657
0.04565345246
0.04561378272
0.04562073315
0.04563035629
0.04564168188
0.04565365337
0.04566519581
0.0456752726
0.04568291224
0.04568719537
0.04565504922
0.04566080115
0.04566875169
0.04567808783
0.04568793
0.04569739151
0.04570562694
0.04571185338
0.04571533654
0.04568987341
0.04569455296
0.04570101022
0.04570857556
0.04571652938
0.04572415309
0.0457307694
0.04573575854
0.04573854403
0.04571891141
0.04572264634
0.04572779127
0.0457338053
0.04574011114
0.04574613787
0.04575135358
0.04575527716
0.04575746421
0.04574282116
0.04574573768
0.04574974838
0.04575442599
0.04575931774
0.04576398021
0.04576800501
0.04577102673
0.04577270934
0.04576224766
0.04576446751
0.04576751509
0.04577106171
0.04577476165
0.04577827961
0.04578131015
0.04578358247
0.04578484767
0.04577780977
0.04577944768
0.04578169281
0.04578430045
0.04578701512
0.04578959142
0.04579180802
0.04579346979
0.04579439633
0.04579008921
0.04579125091
0.04579284118
0.04579468535
0.04579660245
0.04579842024
0.04579998456
0.04580115943
0.04580181701
0.04579962209
0.04580040292
0.04580147092
0.04580270853
0.0458039949
0.04580521591
0.04580626968
0.04580706529
0.04580751418
0.0458068931
0.04580737712
0.04580803934
0.04580880755
0.04580960816
0.04581037196
0.04581103663
0.04581154454
0.04581183564
0.04581233207
0.04581259172
0.04581294815
0.04581336414
0.04581380206
0.0458142263
0.04581460346
0.04581489968
0.04581507496
0.04581631298
0.04581640919
0.04581654362
0.04581670505
0.04581688219
0.04581706359
0.04581723612
0.04581738216
0.04581747534
0.04581915497
0.04581913767
0.0458191185
0.04581910464
0.04581910317
0.04581911908
0.04581915274
0.04581919697
0.04581923415
0.04582112511
0.04582103409
0.04582091557
0.04582078891
0.0458206731
0.04582058352
0.04582052885
0.04582050808
0.04582051001
0.04582244245
0.04582230843
0.04582213224
0.04582194049
0.04582175897
0.04582160876
0.04582150378
0.04582144628
0.0458214275
0.04582328298
0.04582312881
0.04582292581
0.04582270411
0.04582249247
0.04582231533
0.04582218726
0.04582211214
0.04582208292
0.04582378496
0.04582362688
0.04582341869
0.04582319206
0.04582297605
0.0458227944
0.04582266167
0.04582258198
0.0458225493
0.04582405445
0.04582390373
0.04582370593
0.04582349082
0.04582328631
0.04582311451
0.0458229888
0.04582291279
0.04582288092
0.04582417283
0.04582403612
0.04582385723
0.04582366331
0.04582347968
0.04582332605
0.04582321399
0.04582314624
0.04582311766
0.04582419784
0.04582407856
0.04582392298
0.04582375502
0.04582359683
0.04582346524
0.04582336985
0.04582331254
0.04582328844
0.04582417019
0.04582406946
0.04582393856
0.04582379792
0.04582366625
0.04582355758
0.04582347955
0.04582343318
0.0458234139
0.04582411752
0.04582403488
0.04582392788
0.04582381359
0.04582370742
0.04582362066
0.04582355918
0.04582352326
0.04582350861
0.0458240575
0.0458239915
0.04582390646
0.04582381626
0.04582373326
0.04582366634
0.04582361975
0.04582359321
0.04582358274
0.04582400085
0.04582394957
0.04582388389
0.04582381482
0.04582375207
0.04582370236
0.04582366866
0.0458236502
0.04582364332
0.04582395344
0.04582391477
0.04582386561
0.04582381452
0.0458237689
0.04582373369
0.04582371078
0.04582369908
0.0458236952
0.04582391792
0.04582388976
0.04582385433
0.04582381814
0.04582378666
0.04582376337
0.0458237493
0.04582374313
0.04582374172
0.04582389487
0.04582387528
0.04582385104
0.04582382693
0.04582380689
0.04582379322
0.04582378629
0.04582378458
0.04582378516
0.04582388368
0.04582387096
0.04582385567
0.04582384122
0.0458238303
0.0458238243
0.04582382306
0.04582382494
0.04582382713
0.04582388318
0.04582387589
0.04582386766
0.04582386083
0.04582385712
0.0458238572
0.0458238605
0.04582386526
0.04582386878
0.04582389195
0.0458238889
0.04582388621
0.04582388536
0.04582388733
0.04582389223
0.04582389917
0.04582390628
0.0458239109
0.04582390862
0.04582390887
0.0458239105
0.04582391434
0.0458239208
0.04582392955
0.04582393946
0.04582394853
0.04582395409
0.04582393193
0.04582393476
0.04582393978
0.04582394734
0.04582395739
0.04582396928
0.04582398166
0.04582399242
0.04582399882
0.04582396085
0.04582396572
0.04582397344
0.04582398398
0.04582399697
0.04582401148
0.04582402598
0.04582403824
0.04582404541
0.04582399455
0.04582400107
0.04582401097
0.04582402397
0.04582403943
0.04582405622
0.0458240726
0.04582408624
0.04582409415
0.04582403241
0.04582404028
0.04582405201
0.04582406711
0.04582408473
0.04582410354
0.04582412168
0.04582413663
0.04582414525
0.04582407396
0.04582408299
0.04582409631
0.04582411326
0.04582413282
0.04582415352
0.04582417332
0.04582418956
0.04582419891
0.04582411887
0.04582412892
0.04582414368
0.04582416232
0.04582418371
0.04582420621
0.04582422764
0.04582424517
0.04582425525
0.04582416693
0.04582417792
0.04582419401
0.04582421426
0.0458242374
0.04582426168
0.04582428474
0.04582430357
0.0458243144
0.04582421798
0.04582422988
0.04582424724
0.04582426906
0.04582429393
0.04582431997
0.04582434468
0.04582436484
0.04582437644
0.04582427195
0.04582428472
0.04582430334
0.04582432671
0.04582435331
0.04582438113
0.04582440751
0.04582442903
0.04582444143
0.04582432877
0.04582434242
0.04582436229
0.04582438721
0.04582441556
0.04582444519
0.04582447327
0.04582449618
0.04582450939
0.04582438842
0.04582440294
0.04582442407
0.04582445055
0.04582448067
0.04582451213
0.04582454194
0.04582456627
0.04582458031
0.04582445086
0.04582446625
0.04582448865
0.04582451671
0.04582454861
0.04582458193
0.0458246135
0.04582463926
0.04582465415
0.04582451605
0.04582453232
0.045824556
0.04582458564
0.04582461933
0.04582465451
0.04582468785
0.04582471505
0.04582473078
0.04582458392
0.04582460108
0.04582462603
0.04582465726
0.04582469274
0.04582472978
0.04582476485
0.04582479348
0.04582481005
0.04582465441
0.04582467244
0.04582469865
0.04582473145
0.04582476869
0.04582480754
0.04582484433
0.04582487434
0.04582489172
0.04582472737
0.04582474626
0.0458247737
0.04582480802
0.04582484696
0.04582488757
0.04582492599
0.04582495732
0.04582497547
0.04582480265
0.04582482235
0.04582485098
0.04582488674
0.0458249273
0.04582496954
0.04582500948
0.04582504203
0.04582506089
0.04582488
0.04582490048
0.04582493019
0.0458249673
0.04582500932
0.04582505305
0.04582509435
0.04582512797
0.04582514743
0.04582495913
0.0458249803
0.045825011
0.04582504928
0.04582509259
0.04582513758
0.04582518
0.04582521448
0.04582523443
0.04582503966
0.04582506141
0.04582509293
0.04582513219
0.04582517651
0.04582522247
0.04582526571
0.04582530079
0.04582532106
0.0458251211
0.04582514331
0.04582517544
0.04582521538
0.04582526038
0.04582530692
0.04582535059
0.04582538592
0.04582540629
0.04582520286
0.04582522534
0.04582525781
0.04582529808
0.04582534332
0.04582538996
0.04582543356
0.0458254687
0.0458254889
0.04582528422
0.04582530674
0.0458253392
0.04582537935
0.04582542428
0.0458254704
0.0458255133
0.04582554771
0.04582556739
0.0458253643
0.04582538657
0.0458254186
0.04582545805
0.04582550199
0.04582554682
0.04582558826
0.04582562126
0.04582564001
0.04582544203
0.04582546371
0.04582549477
0.04582553283
0.04582557494
0.04582561755
0.04582565657
0.04582568735
0.04582570465
0.04582551616
0.04582553682
0.04582556626
0.04582560208
0.04582564133
0.04582568059
0.04582571605
0.0458257436
0.04582575884
0.04582558519
0.0458256043
0.04582563134
0.04582566389
0.04582569905
0.04582573358
0.0458257641
0.04582578724
0.04582579967
0.04582564738
0.04582566431
0.045825688
0.04582571604
0.04582574562
0.04582577379
0.04582579772
0.04582581501
0.04582582375
0.04582570064
0.04582571464
0.04582573385
0.0458257559
0.04582577814
0.045825798
0.04582581338
0.04582582313
0.04582582713
0.04582574259
0.04582575276
0.04582576615
0.04582578046
0.04582579326
0.04582580249
0.04582580702
0.04582580722
0.04582580525
0.04582577042
0.0458257757
0.04582578168
0.04582578619
0.04582578709
0.04582578297
0.04582577392
0.04582576223
0.04582575284
0.04582578091
0.04582578005
0.04582577676
0.04582576903
0.04582575513
0.04582573449
0.04582570867
0.04582568236
0.04582566385
0.04582577033
0.04582576187
0.04582574712
0.04582572431
0.04582569224
0.04582565136
0.04582560508
0.04582556096
0.04582553137
0.04582573439
0.04582571664
0.0458256879
0.04582564671
0.04582559254
0.04582552712
0.04582545608
0.04582539048
0.04582534755
0.04582566823
0.0458256392
0.04582559352
0.04582553014
0.04582544933
0.0458253544
0.04582525367
0.04582516235
0.04582510349
0.04582556627
0.04582552369
0.04582545767
0.04582536769
0.04582525502
0.04582512489
0.04582498881
0.04582486693
0.04582478916
0.0458254222
0.04582536346
0.04582527321
0.04582515158
0.04582500109
0.04582482923
0.04582465136
0.04582449342
0.04582439338
0.04582522891
0.04582515102
0.04582503209
0.04582487306
0.04582467797
0.045824457
0.04582423003
0.04582402983
0.04582390372
0.04582497842
0.04582487798
0.04582472533
0.0458245224
0.04582427503
0.04582399664
0.04582371238
0.04582346297
0.04582330658
0.04582466183
0.04582453501
0.04582434296
0.04582408883
0.04582378062
0.04582343552
0.04582308486
0.04582277856
0.04582258722
0.04582426931
0.04582411184
0.04582387407
0.04582356061
0.04582318204
0.04582276
0.04582233296
0.04582196137
0.04582173004
0.04582379012
0.04582359727
0.04582330679
0.04582292509
0.04582246577
0.04582195569
0.0458214415
0.04582099564
0.04582071895
0.04582321266
0.04582297928
0.04582262853
0.04582216896
0.04582161778
0.04582100785
0.04582039519
0.04581986574
0.04581953817
0.0458225247
0.0458222453
0.04582182625
0.04582127868
0.04582062406
0.04581990214
0.04581917955
0.04581855722
0.0458181734
0.04582171373
0.04582138262
0.04582088703
0.0458202412
0.04581947157
0.04581862583
0.0458177824
0.04581705864
0.04581661379
0.04582076766
0.04582037923
0.04581979905
0.04581904515
0.04581814981
0.04581716969
0.04581619623
0.04581536428
0.04581485496
0.04581967599
0.04581922511
0.04581855322
0.04581768289
0.04581665327
0.0458155311
0.04581442182
0.04581347839
0.0458129036
0.04581843206
0.0458179148
0.04581714603
0.04581615388
0.0458149855
0.04581371883
0.04581247397
0.04581142164
0.04581078447
0.04581703737
0.04581645197
0.04581558472
0.04581447049
0.04581316576
0.04581176067
0.04581039006
0.04580924061
0.04580855048
0.04581551045
0.04581485879
0.04581389719
0.04581266869
0.04581124051
0.0458097158
0.04580824324
0.04580702171
0.04580629702
0.04581390643
0.04581319583
0.04581215247
0.04581082901
0.04580930466
0.04580769574
0.04580616268
0.04580491043
0.04580418071
0.04581236321
0.04581160846
0.04581050675
0.04580912121
0.04580754336
0.04580590177
0.04580436506
0.04580313666
0.04580244025
0.04581121239
0.04581043598
0.04580930894
0.04580790315
0.04580631998
0.04580469665
0.04580320553
0.04580204323
0.04580140831
4.196261117e-20
1.571498166e-19
3.505606898e-19
6.642433599e-19
1.172400182e-18
2.003295763e-18
3.379845151e-18
5.687385181e-18
9.593050481e-18
1.625191267e-17
2.76659413e-17
4.730794091e-17
8.120643422e-17
1.398289254e-16
2.413435751e-16
4.172618518e-16
7.222117261e-16
1.25092019e-15
2.167719845e-15
3.757794602e-15
6.516162914e-15
1.13021977e-14
1.960799145e-14
3.402449124e-14
5.905117435e-14
1.025021953e-13
1.779481252e-13
3.08954522e-13
5.364329361e-13
9.313761953e-13
1.616886781e-12
2.806198557e-12
4.868125911e-12
8.439347672e-12
1.461626638e-11
2.528129588e-11
4.365477362e-11
7.522283343e-11
1.292867517e-10
2.215305729e-10
3.782409697e-10
6.431791544e-10
1.088658931e-09
1.833207796e-09
3.069382563e-09
5.107005562e-09
8.439437316e-09
1.384369554e-08
2.252950466e-08
3.635802494e-08
5.815848068e-08
9.21807219e-08
1.447344819e-07
2.250817561e-07
3.46654819e-07
5.287162324e-07
7.985993231e-07
1.194673938e-06
1.770217881e-06
2.598387336e-06
3.778482024e-06
5.443681236e-06
7.770371175e-06
1.09890744e-05
1.539681146e-05
2.137046809e-05
2.938042697e-05
4.000340072e-05
5.393314391e-05
7.198760426e-05
9.511115155e-05
0.0001243708139
0.0001609459199
0.0002061111196
0.0002612133386
0.0003276436828
0.0004068055438
0.000500080867
0.000608796271
0.0007341892743
0.0008773771885
0.001039328659
0.001220838446
0.001422505693
0.001644715943
0.001887627293
0.002151161361
0.002435000031
0.0027385893
0.003061152222
0.003401736167
0.003759255946
0.004132504367
0.004520187001
0.004920958883
0.005333460756
0.005756352669
0.006188343095
0.006628211216
0.007074819485
0.007527127118
0.007984194251
0.008445181188
0.008909343886
0.009376026871
0.009844654653
0.0103147225
0.01078578689
0.01125745678
0.01172938614
0.01220126706
0.01267282376
0.01314380755
0.0136139927
0.01408317296
0.0145511589
0.01501777561
0.01548286101
0.0159462644
0.01640784536
0.01686747287
0.01732502458
0.01778038617
0.01823345094
0.01868411933
0.01913229848
0.01957790197
0.0200208497
0.02046106741
0.02089848641
0.02133304335
0.02176468001
0.02219334304
0.02261898375
0.02304155785
0.0234610253
0.02387735001
0.02429049971
0.0247004457
0.02510716269
0.02551062858
0.0259108243
0.02630773363
0.02670134305
0.02709164155
0.02747862049
0.02786227347
0.02824259617
0.02861958623
0.02899324311
0.029363568
0.02973056366
0.03009423437
0.03045458577
0.03081162482
0.03116535966
0.03151579955
0.0318629548
0.03220683664
0.03254745721
0.03288482947
0.03321896708
0.03354988441
0.03387759643
0.03420211865
0.03452346707
0.03484165807
0.03515670839
0.03546863498
0.03577745496
0.03608318549
0.03638584358
0.03668544601
0.03698200902
0.03727554814
0.03756607776
0.03785361077
0.038138158
0.03841972757
0.03869832406
0.03897394749
0.03924659215
0.03951624509
0.03978288446
0.04004647749
0.04030697827
0.04056432526
0.0408184385
0.04106921679
0.04131653463
0.04156023933
0.04180014816
0.04203604592
0.04226768289
0.0424947737
0.04271699706
0.04293399672
0.04314538379
0.04335074073
0.04354962694
0.04374158618
0.04392615577
0.04410287729
0.0442713087
0.04443103745
0.04458169406
0.04472296564
0.04485460866
0.04497646039
0.04508844816
0.04519059609
0.04528302864
0.0453659709
0.0454397421
0.04550474491
0.04556146126
0.04561043954
0.0456522799
0.04568761821
0.04571710969
0.04574141284
0.04576117472
0.04577701739
0.04578952676
0.04579924384
0.04580665864
0.0458122065
0.04581626689
0.04581916419
0.04582117034
0.04582250876
0.04582335921
0.04582386315
0.04582412911
0.04582424067
0.04582425714
0.04582422038
0.04582415879
0.04582409056
0.04582402662
0.04582397297
0.04582393223
0.04582390491
0.04582389032
0.04582388712
0.04582389378
0.0458239088
0.04582393083
0.04582395875
0.04582399165
0.04582402885
0.04582406985
0.04582411427
0.04582416187
0.0458242125
0.04582426606
0.04582432247
0.04582438171
0.04582444374
0.04582450852
0.04582457599
0.04582464606
0.04582471863
0.04582479352
0.04582487051
0.04582494931
0.04582502956
0.04582511078
0.04582519241
0.04582527373
0.0458253539
0.04582543189
0.04582550647
0.0458255762
0.04582563936
0.04582569396
0.04582573764
0.0458257677
0.04582578097
0.04582577385
0.04582574216
0.04582568115
0.04582558538
0.04582544871
0.0458252642
0.04582502404
0.04582471955
0.04582434111
0.04582387818
0.04582331936
0.04582265259
0.04582186548
0.0458209459
0.04581988315
0.04581867008
0.04581730722
0.04581581149
0.04581423558
0.04581271397
0.04581157448
)
;

boundaryField
{
    outlet
    {
        type            inletOutlet;
        inletValue      uniform 0;
        value           nonuniform List<scalar> 10(0.04581121239 0.04581043598 0.04580930894 0.04580790315 0.04580631998 0.04580469665 0.04580320553 0.04580204323 0.04580140831 0.04581157448);
    }
    inlet
    {
        type            fixedValue;
        value           uniform 0;
    }
    front
    {
        type            wedge;
    }
    wall
    {
        type            zeroGradient;
    }
    back
    {
        type            wedge;
    }
}


// ************************************************************************* //
