/*--------------------------------*- C++ -*----------------------------------*\
| =========                 |                                                 |
| \\      /  F ield         | OpenFOAM: The Open Source CFD Toolbox           |
|  \\    /   O peration     | Version:  2212                                  |
|   \\  /    A nd           | Website:  www.openfoam.com                      |
|    \\/     M anipulation  |                                                 |
\*---------------------------------------------------------------------------*/
FoamFile
{
    version     2.0;
    format      ascii;
    arch        "LSB;label=32;scalar=64";
    class       volScalarField;
    location    "20.00000000";
    object      CH2CO_0;
}
// * * * * * * * * * * * * * * * * * * * * * * * * * * * * * * * * * * * * * //

dimensions      [0 0 0 0 0 0 0];

internalField   nonuniform List<scalar> 
3000
(
4.479930811e-20
5.032367558e-20
5.865931096e-20
6.976632545e-20
8.353154192e-20
9.958143741e-20
1.169498648e-19
1.335241597e-19
1.452434705e-19
1.68195033e-19
1.89696999e-19
2.221269977e-19
2.65434755e-19
3.195762408e-19
3.842546221e-19
4.583489891e-19
5.381423768e-19
6.088094447e-19
3.767565696e-19
4.282609288e-19
5.06683066e-19
6.131536754e-19
7.495829689e-19
9.179546069e-19
1.117602194e-18
1.337345752e-18
1.525094104e-18
7.176296097e-19
8.242808027e-19
9.890555882e-19
1.217522048e-18
1.517768514e-18
1.897430031e-18
2.354433112e-18
2.852251636e-18
3.254024514e-18
1.27436763e-18
1.481735398e-18
1.807165592e-18
2.267182141e-18
2.883414737e-18
3.673145473e-18
4.623173368e-18
5.632124711e-18
6.4066239e-18
2.191440143e-18
2.58066627e-18
3.200259827e-18
4.089759043e-18
5.296607689e-18
6.851194096e-18
8.707076133e-18
1.063025744e-17
1.205306279e-17
3.720432244e-18
4.435412488e-18
5.586820234e-18
7.258454297e-18
9.543370249e-18
1.248698398e-17
1.596750001e-17
1.950372069e-17
2.205524223e-17
6.296484877e-18
7.590347437e-18
9.692494967e-18
1.276799149e-17
1.698825658e-17
2.241395897e-17
2.87727722e-17
3.51391179e-17
3.965598383e-17
1.067375018e-17
1.299034537e-17
1.677838845e-17
2.234830503e-17
3.000483152e-17
3.982128468e-17
5.124293584e-17
6.255907474e-17
7.049925186e-17
1.815860672e-17
2.227373127e-17
2.903332375e-17
3.900442933e-17
5.271897238e-17
7.02559983e-17
9.054765895e-17
1.105049361e-16
1.244049731e-16
3.101659803e-17
3.828437295e-17
5.026026777e-17
6.79612597e-17
9.230788602e-17
1.23370129e-16
1.591639146e-16
1.941900199e-16
2.184664163e-16
5.317946276e-17
6.596163528e-17
8.70701272e-17
1.183081425e-16
1.612632656e-16
2.159661679e-16
2.788111492e-16
3.400939793e-16
3.824388721e-16
9.147556027e-17
1.138906956e-16
1.509631369e-16
2.058675817e-16
2.813382994e-16
3.773016626e-16
4.872836289e-16
5.942538911e-16
6.681147684e-16
1.577657332e-16
1.969947548e-16
2.619468954e-16
3.581911767e-16
4.904394659e-16
6.583610109e-16
8.502989565e-16
1.036341257e-15
1.165644242e-15
2.726423956e-16
3.411976418e-16
4.548061755e-16
6.23236162e-16
8.546547159e-16
1.148163627e-15
1.482399141e-15
1.802974069e-15
2.032441185e-15
4.718240491e-16
5.914706296e-16
7.898934327e-16
1.084246761e-15
1.488936022e-15
2.003025558e-15
2.591920045e-15
3.166285678e-15
3.552368721e-15
8.17224383e-16
1.025734892e-15
1.37167316e-15
1.884952608e-15
2.590480833e-15
3.48591403e-15
4.508929174e-15
5.499750318e-15
6.17737686e-15
1.416208896e-15
1.779132597e-15
2.381385748e-15
3.274967979e-15
4.50287714e-15
6.060299288e-15
7.837791345e-15
9.557354573e-15
1.073556715e-14
2.455055565e-15
3.086189357e-15
4.133672837e-15
5.687849543e-15
7.823108318e-15
1.053042625e-14
1.361895404e-14
1.660560031e-14
1.865172397e-14
4.257061515e-15
5.354005995e-15
7.174802829e-15
9.876417968e-15
1.358775596e-14
1.829244746e-14
2.365819111e-14
2.884549053e-14
3.239836119e-14
7.383436113e-15
9.289336886e-15
1.245321616e-14
1.714777706e-14
2.359655019e-14
3.177022928e-14
4.109058052e-14
5.009897299e-14
5.626770699e-14
1.280850117e-14
1.611925998e-14
2.161568365e-14
2.9771463e-14
4.097428899e-14
5.517201099e-14
7.13588471e-14
8.700093951e-14
9.771067844e-14
2.222397767e-14
2.797443962e-14
3.752167004e-14
5.168826958e-14
7.114659614e-14
9.580410657e-14
1.239117885e-13
1.510688929e-13
1.69660755e-13
3.856752087e-14
4.855483833e-14
6.513672092e-14
8.97412622e-14
1.235342431e-13
1.663516141e-13
2.151524944e-13
2.62295973e-13
2.945669213e-13
6.694080492e-14
8.428606461e-14
1.130841027e-13
1.558132499e-13
2.144939372e-13
2.888352807e-13
3.735516509e-13
4.553777606e-13
5.113847793e-13
1.162039008e-13
1.463273383e-13
1.963386712e-13
2.705367049e-13
3.724204037e-13
5.014718897e-13
6.48504025e-13
7.904920647e-13
8.876647056e-13
2.017438847e-13
2.540580572e-13
3.40903438e-13
4.697317091e-13
6.465956243e-13
8.705660237e-13
1.125671117e-12
1.371956428e-12
1.540468526e-12
3.502809977e-13
4.411300028e-13
5.919252865e-13
8.155718793e-13
1.122522951e-12
1.511094609e-12
1.953511559e-12
2.380466823e-12
2.672498006e-12
6.08203682e-13
7.659612473e-13
1.027760572e-12
1.415922704e-12
1.948458069e-12
2.622274665e-12
3.389049096e-12
4.128618347e-12
4.634224604e-12
1.056007938e-12
1.329910845e-12
1.784321189e-12
2.45778027e-12
3.381219962e-12
4.548868897e-12
5.876601481e-12
7.156228296e-12
8.030423281e-12
1.833270488e-12
2.308699786e-12
3.097129658e-12
4.264954227e-12
5.865064839e-12
7.886489177e-12
1.018266242e-11
1.239324072e-11
1.390190518e-11
3.181743998e-12
4.00659875e-12
5.373760311e-12
7.397248238e-12
1.016697218e-11
1.36616749e-11
1.762579436e-11
2.143648909e-11
2.403355732e-11
5.519512566e-12
6.949583413e-12
9.318171349e-12
1.282027689e-11
1.760754911e-11
2.363807803e-11
3.046588413e-11
3.70164476e-11
4.147236863e-11
9.568138786e-12
1.204484067e-11
1.61431208e-11
2.219468239e-11
3.04527068e-11
4.083336888e-11
5.255791881e-11
6.377736909e-11
7.139031637e-11
1.656973181e-11
2.085255661e-11
2.793103331e-11
3.836549567e-11
5.257305091e-11
7.038437684e-11
9.043943358e-11
1.09567455e-10
1.225056949e-10
2.865564879e-11
3.604634374e-11
4.824294808e-11
6.618369824e-11
9.054403292e-11
1.209803815e-10
1.551189401e-10
1.875465651e-10
2.093945977e-10
4.946908363e-11
6.218798069e-11
8.313802883e-11
1.138729576e-10
1.554624079e-10
2.072099863e-10
2.649796414e-10
3.195827029e-10
3.561972836e-10
8.520937831e-11
1.070210035e-10
1.428651121e-10
1.95279708e-10
2.659100824e-10
3.533537649e-10
4.504275841e-10
5.416445588e-10
6.024717532e-10
1.463706863e-10
1.836119819e-10
2.446410068e-10
3.335345986e-10
4.52727236e-10
5.99426291e-10
7.612202132e-10
9.122304098e-10
1.012294129e-09
2.506128106e-10
3.138611344e-10
4.171631271e-10
5.669353023e-10
7.665916004e-10
1.010657098e-09
1.277840754e-09
1.525335463e-09
1.688185236e-09
4.27458563e-10
5.341980418e-10
7.078512788e-10
9.582710452e-10
1.289877237e-09
1.692138866e-09
2.128876101e-09
2.530092944e-09
2.792099792e-09
7.259037638e-10
9.047188734e-10
1.194321491e-09
1.609395253e-09
2.154932408e-09
2.811113384e-09
3.517165627e-09
4.160088271e-09
4.57661153e-09
1.226613453e-09
1.523669582e-09
2.002324787e-09
2.683676172e-09
3.571836317e-09
4.630380992e-09
5.758592522e-09
6.776524615e-09
7.430652692e-09
2.061241297e-09
2.550114701e-09
3.33341535e-09
4.440097843e-09
5.869956296e-09
7.557704976e-09
9.338896847e-09
1.09310303e-08
1.194584309e-08
3.442651668e-09
4.23895599e-09
5.507049271e-09
7.284355029e-09
9.559351864e-09
1.221797564e-08
1.49959523e-08
1.745610647e-08
1.901174041e-08
5.711573935e-09
6.994309025e-09
9.023792746e-09
1.18444346e-08
1.542042822e-08
1.955748841e-08
2.383777297e-08
2.759423582e-08
2.995148535e-08
9.407634176e-09
1.144977347e-08
1.465901623e-08
1.908110399e-08
2.463345722e-08
3.099322942e-08
3.751037585e-08
4.318079972e-08
4.67136019e-08
1.537598656e-08
1.858755587e-08
2.360010588e-08
3.044770403e-08
3.896396076e-08
4.862488182e-08
5.843487699e-08
6.69015622e-08
7.214154082e-08
2.492515573e-08
2.991299951e-08
3.7645149e-08
4.81190213e-08
6.102587947e-08
7.553379239e-08
9.01403058e-08
1.02653069e-07
1.103504423e-07
4.005753724e-08
4.770721348e-08
5.948765692e-08
7.531624567e-08
9.465242148e-08
1.162019096e-07
1.377281728e-07
1.560445111e-07
1.672511892e-07
6.380174355e-08
7.538866766e-08
9.312070922e-08
1.167646702e-07
1.454151108e-07
1.770953875e-07
2.085175555e-07
2.350932263e-07
2.512758869e-07
1.006862622e-07
1.180255073e-07
1.444056396e-07
1.793335686e-07
2.213455387e-07
2.674728689e-07
3.129361428e-07
3.511838696e-07
3.743776287e-07
1.574075545e-07
1.830548797e-07
2.21865979e-07
2.72924434e-07
3.339323326e-07
4.004979307e-07
4.65743926e-07
5.203843523e-07
5.534024428e-07
2.437638128e-07
2.812852466e-07
3.377884127e-07
4.116957269e-07
4.994884255e-07
5.947582966e-07
6.877008878e-07
7.65239088e-07
8.119606615e-07
3.739278175e-07
4.282547053e-07
5.097103722e-07
6.157197019e-07
7.410070246e-07
8.763330333e-07
1.007832318e-06
1.117196196e-06
1.18294876e-06
5.68195404e-07
6.460995227e-07
7.624644433e-07
9.132456997e-07
1.090671328e-06
1.281558952e-06
1.466440544e-06
1.619814248e-06
1.711865981e-06
8.553686438e-07
9.660896495e-07
1.130934257e-06
1.343734162e-06
1.593208112e-06
1.860716024e-06
2.119088165e-06
2.33296289e-06
2.46112417e-06
1.275953513e-06
1.432023849e-06
1.66373802e-06
1.96190257e-06
2.310340814e-06
2.682887088e-06
3.041815304e-06
3.338317438e-06
3.515714999e-06
1.886417977e-06
2.104741448e-06
2.428107436e-06
2.843057015e-06
3.326617879e-06
3.842284089e-06
4.337942029e-06
4.746599183e-06
4.990754593e-06
2.764784858e-06
3.068026912e-06
3.516236606e-06
4.089983122e-06
4.756910669e-06
5.46640789e-06
6.146935684e-06
6.707081054e-06
7.041367681e-06
4.017799576e-06
4.436140616e-06
5.05333544e-06
5.841664434e-06
6.755946705e-06
7.726543019e-06
8.655882632e-06
9.419836161e-06
9.875375404e-06
5.78981334e-06
6.363134722e-06
7.207606166e-06
8.284171184e-06
9.530359359e-06
1.085108201e-05
1.211399216e-05
1.315118718e-05
1.376930681e-05
8.273500119e-06
9.054155105e-06
1.020246678e-05
1.166412675e-05
1.335359796e-05
1.514192014e-05
1.685041305e-05
1.825273091e-05
1.908818385e-05
1.172269047e-05
1.277903913e-05
1.433127244e-05
1.630481907e-05
1.858360811e-05
2.099383131e-05
2.329532976e-05
2.518396822e-05
2.630911605e-05
1.646740548e-05
1.788811073e-05
1.997419195e-05
2.262444146e-05
2.568269467e-05
2.891618778e-05
3.200364698e-05
3.453774908e-05
3.604789042e-05
2.293042191e-05
2.482936537e-05
2.761630443e-05
3.115537478e-05
3.523830765e-05
3.955550269e-05
4.367938334e-05
4.706638464e-05
4.908623716e-05
3.164424712e-05
3.41658054e-05
3.786548449e-05
4.256284228e-05
4.798260692e-05
5.371601319e-05
5.919735125e-05
6.370437919e-05
6.639531096e-05
4.326711983e-05
4.659141719e-05
5.14682869e-05
5.766054052e-05
6.480766873e-05
7.237429676e-05
7.96170846e-05
8.558173217e-05
8.914863772e-05
5.859656655e-05
6.294396464e-05
6.932146858e-05
7.742028615e-05
8.677256092e-05
9.66830989e-05
0.000106182991
0.0001140205963
0.0001187164724
7.857852478e-05
8.421236386e-05
9.24765337e-05
0.0001029724824
0.0001150983642
0.0001279596238
0.0001403051289
0.0001505089417
0.0001566347285
0.0001043097179
0.0001115360823
0.0001221344071
0.0001355941424
0.00015114756
0.0001676545774
0.0001835171095
0.0001966483507
0.0002045463879
0.0001370302656
0.0001461934043
0.0001596269422
0.0001766811561
0.0001963847329
0.0002172996754
0.0002374103628
0.0002540778045
0.000264121304
0.0001781026608
0.0001895747338
0.0002063816028
0.0002277015599
0.0002523161278
0.0002784322815
0.0003035448135
0.000324375315
0.0003369516747
0.0002289728143
0.000243137009
0.0002638660946
0.0002901276976
0.0003204073528
0.0003524976325
0.0003833358022
0.0004089143225
0.0004243567927
0.0002911097847
0.0003083367332
0.0003335119332
0.0003653484357
0.000401983881
0.0004407392829
0.0004779155683
0.0005086946725
0.0005272532577
0.0003659236937
0.0003865424169
0.000416619791
0.0004545664962
0.0004981226497
0.0005440573093
0.0005879787508
0.0006242397459
0.0006460607552
0.0004546659844
0.0004789318448
0.0005142558031
0.0005586906254
0.0006095003852
0.0006628663259
0.0007136836671
0.0007554817232
0.0007805643977
0.0005583240991
0.0005863827509
0.0006271124796
0.0006781581807
0.0007362719938
0.0007970136045
0.000854569972
0.0009016993309
0.0009298809294
0.0006774526064
0.0007092874263
0.0007553552538
0.0008128535286
0.0008779875076
0.0009457018058
0.001009513404
0.00106149597
0.001092449299
0.0008120428717
0.0008474660229
0.0008985545314
0.0009620332791
0.001033559244
0.00110748532
0.001176735673
0.001232830189
0.001266075007
0.0009614563594
0.001000098692
0.001055633132
0.00112430585
0.001201250717
0.001280286258
0.001353858436
0.001413094539
0.001448022823
0.001124376335
0.001165690728
0.001224845553
0.001297638448
0.001378723308
0.001461478328
0.00153800671
0.001599237333
0.001635148891
0.001298810801
0.001342094315
0.001403834324
0.001479425246
0.001563125992
0.001647992485
0.001725943913
0.001787912734
0.00182405711
0.001482147537
0.001526575607
0.001589705627
0.001666603715
0.00175123597
0.0018364756
0.001914233644
0.001975644278
0.002011260817
0.00167126234
0.001715935004
0.001779167809
0.001855794297
0.001939610437
0.002023456845
0.002099407851
0.002158983026
0.002193323396
0.001862672348
0.001906668171
0.001968701801
0.00204348495
0.002124776146
0.002205531648
0.002278142265
0.002334661166
0.002366938998
0.002052720836
0.002095153411
0.002154750612
0.002226220991
0.002303419944
0.002379555493
0.002447460592
0.002499913114
0.002529760366
0.002237774538
0.002277846046
0.002333907768
0.002400784636
0.002472563633
0.002542822466
0.00260513048
0.002653045998
0.002680210969
0.002414410188
0.002451457869
0.002503082332
0.002564330546
0.002629741341
0.002693501293
0.002749780442
0.002792874128
0.002817218862
0.002579563966
0.002613108371
0.002659732959
0.002714888448
0.002773554095
0.002830498033
0.002880543917
0.002918711658
0.002940202723
0.002731163458
0.002761045351
0.002802482643
0.002851353828
0.002903143818
0.002953214901
0.002997045686
0.003030351314
0.003049048842
0.002868079845
0.002894275088
0.002930521687
0.002973149308
0.003018170986
0.00306154123
0.003099369884
0.003128020447
0.003144062248
0.002989760199
0.00301236819
0.003043589881
0.003080213307
0.00311877708
0.003155806699
0.003188002088
0.003212315931
0.003225898508
0.003096207533
0.003115430563
0.003141931804
0.00317294755
0.003205520453
0.003236709813
0.003263752641
0.003284124816
0.003295483564
0.003187918553
0.003204035422
0.003226221571
0.003252136727
0.003279291779
0.003305231457
0.003327670148
0.003344538922
0.003353929488
0.003265790303
0.003279128208
0.003297466294
0.003318852055
0.003341219236
0.003362543249
0.003380953888
0.003394771158
0.003402453362
0.003331009905
0.003341917966
0.003356900455
0.00337435027
0.003392573542
0.003409919458
0.003424872565
0.003436079963
0.003442305099
0.003384941465
0.003393768287
0.003405882857
0.003419978271
0.00343468134
0.003448659343
0.003460694817
0.003469706191
0.003474707951
0.003429021956
0.003436098485
0.003445805326
0.003457090885
0.003468852744
0.003480024288
0.003489634745
0.003496824922
0.00350081376
0.003464674417
0.003470302495
0.003478019443
0.003486986735
0.003496326688
0.003505191989
0.00351281353
0.003518512512
0.003521672939
0.003493243049
0.003497689079
0.003503783683
0.003510863279
0.003518233978
0.003525226873
0.003531235942
0.00353572742
0.003538217577
0.003515950232
0.003519443038
0.003524230229
0.0035297899
0.003535576599
0.003541064979
0.003545779689
0.00354930269
0.003551255539
0.003533873383
0.003536605131
0.003540348927
0.003544696296
0.003549220421
0.003553510422
0.003557194834
0.00355994736
0.003561472887
0.003547937785
0.003550066878
0.003552984649
0.003556372594
0.00355989791
0.003563240294
0.003566110345
0.003568254087
0.003569442031
0.00355892099
0.003560576017
0.003562844086
0.00356547753
0.003568217537
0.003570815047
0.003573045128
0.003574710556
0.003575633293
0.003567464648
0.003568748708
0.003570508382
0.003572551456
0.003574677045
0.003576691839
0.003578421347
0.003579712698
0.003580428041
0.003574090307
0.003575085243
0.003576448673
0.003578031605
0.003579678313
0.00358123897
0.003582578396
0.003583578273
0.003584132031
0.003579216611
0.003579986883
0.003581042396
0.003582267745
0.003583542309
0.003584750064
0.003585786393
0.003586559818
0.003586988049
0.003583176166
0.003583772239
0.003584588989
0.003585537055
0.003586523048
0.003587457169
0.003588258503
0.003588856383
0.003589187322
0.003586231028
0.003586692227
0.003587324112
0.003588057489
0.00358882006
0.003589542341
0.003590161776
0.003590623799
0.003590879457
0.003588586285
0.003588943155
0.003589432042
0.003589999356
0.003590589122
0.003591147579
0.003591626372
0.003591983375
0.003592180855
0.003590401596
0.003590677802
0.003591056133
0.003591495069
0.003591951264
0.003592383115
0.003592753241
0.003593029126
0.003593181681
0.00359180074
0.003592014591
0.003592307466
0.003592647183
0.003593000162
0.003593334202
0.003593620402
0.003593833655
0.003593951537
0.003592879388
0.003593045033
0.00359327185
0.003593534882
0.003593808106
0.003594066588
0.003594287977
0.003594452881
0.003594544007
0.003593711317
0.003593839685
0.003594015426
0.00359421918
0.003594430768
0.003594630876
0.00359480221
0.003594929789
0.003595000266
0.003594353332
0.003594452862
0.003594589099
0.003594747014
0.003594910955
0.003595065952
0.003595198619
0.003595297375
0.003595351914
0.003594849126
0.003594926338
0.003595032008
0.003595154462
0.003595281553
0.003595401676
0.003595504462
0.003595580952
0.003595623183
0.003595232294
0.003595292225
0.003595374228
0.003595469236
0.003595567816
0.003595660964
0.003595740647
0.003595799929
0.003595832651
0.003595528659
0.0035955752
0.003595638872
0.003595712626
0.003595789133
0.003595861407
0.003595923217
0.003595969192
0.003595994564
0.003595758076
0.003595794237
0.003595843701
0.003595900986
0.003595960397
0.003596016506
0.003596064482
0.003596100159
0.003596119845
0.003595935815
0.003595963926
0.003596002372
0.003596046889
0.003596093048
0.003596136633
0.003596173893
0.003596201597
0.003596216881
0.003596073631
0.003596095494
0.003596125391
0.003596160002
0.003596195885
0.00359622976
0.003596258715
0.003596280241
0.003596292115
0.003596180577
0.003596197587
0.003596220847
0.00359624777
0.003596275678
0.003596302021
0.003596324534
0.003596341269
0.0035963505
0.00359626363
0.003596276871
0.003596294974
0.003596315927
0.003596337642
0.003596358138
0.003596375652
0.00359638867
0.00359639585
0.003596328175
0.003596338486
0.003596352582
0.003596368894
0.003596385799
0.003596401752
0.003596415384
0.003596425516
0.003596431105
0.00359637837
0.003596386402
0.003596397382
0.003596410087
0.003596423252
0.003596435675
0.00359644629
0.00359645418
0.003596458531
0.00359641743
0.003596423689
0.003596432244
0.003596442143
0.0035964524
0.003596462078
0.003596470347
0.003596476493
0.003596479883
0.003596447842
0.003596452721
0.003596459389
0.003596467104
0.003596475097
0.00359648264
0.003596489084
0.003596493874
0.003596496516
0.003596471533
0.003596475337
0.003596480536
0.00359648655
0.003596492782
0.003596498661
0.003596503685
0.003596507419
0.003596509479
0.003596489997
0.003596492963
0.003596497017
0.003596501707
0.003596506566
0.003596511151
0.003596515069
0.003596517981
0.003596519587
0.003596504392
0.003596506705
0.003596509868
0.003596513526
0.003596517316
0.003596520892
0.003596523947
0.003596526218
0.003596527472
0.003596515619
0.003596517424
0.00359651989
0.003596522744
0.003596525701
0.00359652849
0.003596530874
0.003596532646
0.003596533624
0.003596524377
0.003596525785
0.00359652771
0.003596529936
0.003596532243
0.00359653442
0.003596536279
0.003596537662
0.003596538425
0.003596531211
0.00359653231
0.003596533812
0.003596535549
0.003596537349
0.003596539047
0.003596540498
0.003596541577
0.003596542173
0.003596536545
0.003596537402
0.003596538574
0.00359653993
0.003596541334
0.003596542659
0.003596543791
0.003596544633
0.003596545098
0.003596540708
0.003596541377
0.003596542291
0.003596543349
0.003596544444
0.003596545478
0.003596546362
0.003596547019
0.003596547382
0.003596543957
0.003596544479
0.003596545192
0.003596546017
0.003596546872
0.003596547679
0.003596548368
0.003596548881
0.003596549164
0.003596546492
0.003596546899
0.003596547456
0.0035965481
0.003596548767
0.003596549396
0.003596549934
0.003596550334
0.003596550555
0.003596548471
0.003596548789
0.003596549223
0.003596549725
0.003596550245
0.003596550736
0.003596551156
0.003596551467
0.00359655164
0.003596550015
0.003596550263
0.003596550601
0.003596550993
0.003596551399
0.003596551781
0.003596552108
0.003596552352
0.003596552486
0.00359655122
0.003596551413
0.003596551677
0.003596551982
0.003596552298
0.003596552596
0.003596552851
0.003596553041
0.003596553145
0.003596552159
0.003596552309
0.003596552515
0.003596552753
0.003596552999
0.003596553231
0.00359655343
0.003596553578
0.003596553659
0.003596552891
0.003596553008
0.003596553168
0.003596553353
0.003596553545
0.003596553726
0.003596553881
0.003596553996
0.003596554059
0.003596553461
0.003596553552
0.003596553677
0.003596553821
0.003596553971
0.003596554112
0.003596554232
0.003596554321
0.003596554371
0.003596553905
0.003596553976
0.003596554074
0.003596554186
0.003596554302
0.003596554412
0.003596554505
0.003596554575
0.003596554613
0.003596554251
0.003596554307
0.003596554382
0.003596554469
0.00359655456
0.003596554645
0.003596554718
0.003596554772
0.003596554801
0.00359655452
0.003596554563
0.003596554622
0.00359655469
0.00359655476
0.003596554827
0.003596554883
0.003596554925
0.003596554948
0.00359655473
0.003596554763
0.003596554809
0.003596554862
0.003596554916
0.003596554968
0.003596555012
0.003596555045
0.003596555063
0.003596554893
0.003596554919
0.003596554955
0.003596554996
0.003596555038
0.003596555078
0.003596555113
0.003596555138
0.003596555152
0.00359655502
0.003596555041
0.003596555068
0.003596555101
0.003596555134
0.003596555165
0.003596555192
0.003596555212
0.003596555222
0.00359655512
0.003596555136
0.003596555158
0.003596555183
0.003596555209
0.003596555233
0.003596555254
0.00359655527
0.003596555278
0.003596555199
0.003596555211
0.003596555228
0.003596555248
0.003596555269
0.003596555288
0.003596555305
0.003596555317
0.003596555324
0.003596555261
0.003596555271
0.003596555284
0.0035965553
0.003596555317
0.003596555332
0.003596555346
0.003596555356
0.003596555361
0.003596555311
0.003596555319
0.00359655533
0.003596555343
0.003596555357
0.003596555369
0.00359655538
0.003596555389
0.003596555393
0.003596555353
0.003596555359
0.003596555368
0.003596555379
0.00359655539
0.003596555401
0.003596555411
0.003596555418
0.003596555421
0.003596555388
0.003596555393
0.003596555401
0.00359655541
0.00359655542
0.00359655543
0.003596555438
0.003596555444
0.003596555447
0.003596555419
0.003596555424
0.003596555431
0.003596555439
0.003596555448
0.003596555457
0.003596555464
0.00359655547
0.003596555473
0.003596555447
0.003596555452
0.003596555458
0.003596555466
0.003596555475
0.003596555483
0.00359655549
0.003596555496
0.003596555499
0.003596555475
0.003596555479
0.003596555486
0.003596555493
0.003596555502
0.00359655551
0.003596555518
0.003596555523
0.003596555526
0.003596555502
0.003596555507
0.003596555513
0.003596555521
0.00359655553
0.003596555539
0.003596555547
0.003596555553
0.003596555556
0.003596555531
0.003596555536
0.003596555543
0.003596555551
0.00359655556
0.00359655557
0.003596555578
0.003596555585
0.003596555588
0.003596555562
0.003596555567
0.003596555575
0.003596555584
0.003596555594
0.003596555604
0.003596555614
0.003596555621
0.003596555624
0.003596555596
0.003596555602
0.00359655561
0.00359655562
0.003596555631
0.003596555643
0.003596555653
0.003596555661
0.003596555665
0.003596555634
0.00359655564
0.003596555649
0.00359655566
0.003596555673
0.003596555686
0.003596555698
0.003596555707
0.003596555711
0.003596555676
0.003596555683
0.003596555693
0.003596555706
0.00359655572
0.003596555735
0.003596555748
0.003596555758
0.003596555764
0.003596555723
0.003596555731
0.003596555743
0.003596555757
0.003596555773
0.00359655579
0.003596555805
0.003596555816
0.003596555822
0.003596555777
0.003596555786
0.003596555799
0.003596555815
0.003596555833
0.003596555852
0.003596555869
0.003596555882
0.003596555889
0.003596555837
0.003596555847
0.003596555862
0.003596555881
0.003596555901
0.003596555922
0.003596555941
0.003596555956
0.003596555964
0.003596555905
0.003596555917
0.003596555934
0.003596555954
0.003596555977
0.003596556001
0.003596556023
0.003596556039
0.003596556048
0.003596555982
0.003596555995
0.003596556014
0.003596556037
0.003596556063
0.00359655609
0.003596556114
0.003596556133
0.003596556143
0.003596556068
0.003596556083
0.003596556104
0.00359655613
0.00359655616
0.003596556189
0.003596556217
0.003596556238
0.003596556249
0.003596556165
0.003596556181
0.003596556205
0.003596556235
0.003596556267
0.003596556301
0.003596556331
0.003596556355
0.003596556368
0.003596556273
0.003596556292
0.003596556318
0.003596556351
0.003596556388
0.003596556425
0.00359655646
0.003596556486
0.0035965565
0.003596556394
0.003596556415
0.003596556445
0.003596556481
0.003596556522
0.003596556564
0.003596556602
0.003596556632
0.003596556648
0.003596556529
0.003596556552
0.003596556586
0.003596556627
0.003596556672
0.003596556719
0.003596556762
0.003596556795
0.003596556812
0.00359655668
0.003596556705
0.003596556742
0.003596556788
0.003596556839
0.003596556891
0.003596556938
0.003596556975
0.003596556995
0.003596556847
0.003596556876
0.003596556917
0.003596556968
0.003596557024
0.003596557082
0.003596557135
0.003596557176
0.003596557197
0.003596557033
0.003596557065
0.003596557111
0.003596557167
0.00359655723
0.003596557294
0.003596557352
0.003596557398
0.003596557422
0.003596557239
0.003596557274
0.003596557325
0.003596557388
0.003596557457
0.003596557528
0.003596557593
0.003596557643
0.00359655767
0.003596557468
0.003596557507
0.003596557563
0.003596557632
0.003596557709
0.003596557787
0.003596557859
0.003596557915
0.003596557944
0.00359655772
0.003596557763
0.003596557825
0.003596557902
0.003596557987
0.003596558074
0.003596558153
0.003596558214
0.003596558247
0.003596557999
0.003596558047
0.003596558115
0.0035965582
0.003596558294
0.00359655839
0.003596558477
0.003596558545
0.003596558581
0.003596558307
0.00359655836
0.003596558435
0.003596558529
0.003596558632
0.003596558738
0.003596558834
0.003596558909
0.003596558949
0.003596558646
0.003596558704
0.003596558788
0.003596558891
0.003596559005
0.003596559121
0.003596559227
0.00359655931
0.003596559353
0.00359655902
0.003596559084
0.003596559176
0.003596559289
0.003596559415
0.003596559542
0.003596559659
0.00359655975
0.003596559798
0.003596559431
0.003596559501
0.003596559602
0.003596559727
0.003596559865
0.003596560006
0.003596560134
0.003596560234
0.003596560287
0.003596559883
0.00359655996
0.003596560071
0.003596560208
0.00359656036
0.003596560514
0.003596560655
0.003596560765
0.003596560823
0.003596560379
0.003596560464
0.003596560586
0.003596560736
0.003596560903
0.003596561072
0.003596561226
0.003596561347
0.003596561411
0.003596560924
0.003596561017
0.00359656115
0.003596561315
0.003596561498
0.003596561683
0.003596561853
0.003596561984
0.003596562055
0.00359656152
0.003596561622
0.003596561769
0.003596561949
0.003596562149
0.003596562353
0.003596562538
0.003596562683
0.003596562759
0.003596562174
0.003596562285
0.003596562446
0.003596562643
0.003596562862
0.003596563085
0.003596563288
0.003596563446
0.00359656353
0.003596562889
0.003596563011
0.003596563186
0.003596563402
0.003596563642
0.003596563886
0.003596564108
0.00359656428
0.003596564372
0.003596563671
0.003596563804
0.003596563996
0.003596564232
0.003596564494
0.00359656476
0.003596565003
0.003596565192
0.003596565292
0.003596564525
0.003596564671
0.00359656488
0.003596565138
0.003596565425
0.003596565715
0.00359656598
0.003596566186
0.003596566295
0.003596565458
0.003596565617
0.003596565845
0.003596566127
0.003596566439
0.003596566756
0.003596567045
0.00359656727
0.003596567389
0.003596566475
0.003596566648
0.003596566898
0.003596567205
0.003596567546
0.003596567891
0.003596568206
0.003596568451
0.003596568581
0.003596567584
0.003596567773
0.003596568044
0.003596568379
0.003596568751
0.003596569127
0.00359656947
0.003596569737
0.003596569879
0.003596568791
0.003596568997
0.003596569293
0.003596569658
0.003596570062
0.003596570472
0.003596570846
0.003596571136
0.00359657129
0.003596570105
0.003596570329
0.003596570652
0.003596571048
0.003596571488
0.003596571934
0.003596572341
0.003596572657
0.003596572824
0.003596571535
0.003596571778
0.003596572129
0.00359657256
0.003596573038
0.003596573523
0.003596573965
0.003596574309
0.003596574491
0.003596573088
0.003596573352
0.003596573733
0.003596574202
0.003596574722
0.003596575248
0.003596575729
0.003596576102
0.0035965763
0.003596574774
0.003596575061
0.003596575475
0.003596575984
0.003596576548
0.00359657712
0.003596577642
0.003596578047
0.003596578262
0.003596576604
0.003596576916
0.003596577364
0.003596577917
0.003596578529
0.00359657915
0.003596579716
0.003596580155
0.003596580388
0.003596578587
0.003596578926
0.003596579412
0.003596580011
0.003596580676
0.003596581349
0.003596581962
0.003596582439
0.003596582692
0.003596580737
0.003596581103
0.003596581631
0.00359658228
0.003596583
0.003596583729
0.003596584395
0.003596584911
0.003596585185
0.003596583063
0.00359658346
0.003596584032
0.003596584735
0.003596585515
0.003596586305
0.003596587026
0.003596587585
0.003596587882
0.003596585581
0.003596586011
0.003596586629
0.00359658739
0.003596588234
0.00359658909
0.00359658987
0.003596590476
0.003596590798
0.003596588302
0.003596588767
0.003596589436
0.00359659026
0.003596591173
0.003596592099
0.003596592944
0.0035965936
0.003596593948
0.003596591242
0.003596591745
0.003596592469
0.003596593359
0.003596594347
0.003596595348
0.003596596262
0.003596596972
0.003596597348
0.003596594417
0.00359659496
0.003596595742
0.003596596704
0.003596597772
0.003596598855
0.003596599843
0.003596600611
0.003596601018
0.003596597842
0.003596598429
0.003596599273
0.003596600313
0.003596601467
0.003596602637
0.003596603705
0.003596604535
0.003596604976
0.003596601535
0.003596602168
0.00359660308
0.003596604203
0.003596605449
0.003596606713
0.003596607867
0.003596608765
0.003596609241
0.003596605515
0.003596606198
0.003596607182
0.003596608394
0.00359660974
0.003596611105
0.003596612352
0.003596613322
0.003596613837
0.0035966098
0.003596610538
0.003596611599
0.003596612907
0.00359661436
0.003596615833
0.00359661718
0.003596618228
0.003596618785
0.003596614414
0.003596615209
0.003596616353
0.003596617764
0.003596619332
0.003596620923
0.003596622377
0.003596623509
0.003596624112
0.003596619376
0.003596620233
0.003596621468
0.003596622989
0.00359662468
0.003596626397
0.003596627967
0.003596629191
0.003596629842
0.003596624712
0.003596625636
0.003596626966
0.003596628607
0.003596630431
0.003596632284
0.003596633979
0.003596635301
0.003596636005
0.003596630447
0.003596631442
0.003596632876
0.003596634645
0.003596636612
0.003596638611
0.003596640441
0.003596641869
0.00359664263
0.003596636607
0.003596637679
0.003596639224
0.003596641131
0.003596643252
0.003596645409
0.003596647384
0.003596648927
0.00359664975
0.003596643221
0.003596644376
0.003596646041
0.003596648096
0.003596650384
0.00359665271
0.003596654843
0.00359665651
0.0035966574
0.003596650321
0.003596651565
0.003596653359
0.003596655573
0.00359665804
0.00359666055
0.003596662853
0.003596664654
0.003596665617
0.003596657939
0.003596659279
0.003596661211
0.003596663598
0.003596666257
0.003596668966
0.003596671452
0.003596673398
0.003596674441
0.003596666109
0.003596667553
0.003596669635
0.003596672207
0.003596675075
0.003596677997
0.003596680682
0.003596682786
0.003596683914
0.003596674871
0.003596676425
0.003596678669
0.003596681441
0.003596684534
0.003596687688
0.003596690588
0.003596692862
0.003596694083
0.003596684264
0.003596685938
0.003596688355
0.003596691344
0.00359669468
0.003596698083
0.003596701216
0.003596703675
0.003596704999
0.00359669433
0.003596696134
0.003596698739
0.003596701961
0.003596705559
0.003596709234
0.003596712619
0.003596715279
0.003596716713
0.003596705117
0.003596707061
0.003596709868
0.003596713343
0.003596717225
0.003596721193
0.003596724851
0.003596727729
0.003596729284
0.003596716675
0.003596718769
0.003596721795
0.003596725543
0.003596729733
0.003596734018
0.003596737973
0.003596741088
0.003596742774
0.003596729056
0.003596731313
0.003596734576
0.003596738618
0.003596743142
0.003596747771
0.003596752048
0.003596755421
0.00359675725
0.003596742317
0.003596744751
0.00359674827
0.003596752632
0.003596757516
0.003596762519
0.003596767146
0.003596770799
0.003596772785
0.003596756521
0.003596759145
0.003596762942
0.00359676765
0.003596772925
0.003596778334
0.003596783341
0.0035967873
0.003596789457
0.003596771733
0.003596774564
0.003596778661
0.003596783744
0.003596789444
0.003596795294
0.003596800715
0.003596805008
0.003596807351
0.003596788025
0.00359679108
0.003596795502
0.003596800993
0.003596807155
0.003596813484
0.003596819355
0.003596824011
0.003596826559
0.003596805474
0.003596808772
0.003596813548
0.003596819481
0.003596826143
0.003596832994
0.003596839356
0.003596844407
0.003596847179
0.003596824163
0.003596827725
0.003596832885
0.003596839298
0.003596846504
0.003596853922
0.003596860819
0.003596866303
0.003596869318
0.003596844182
0.00359684803
0.003596853606
0.003596860541
0.00359686834
0.003596876374
0.003596883854
0.00359688981
0.003596893094
0.003596865626
0.003596869785
0.003596875814
0.003596883316
0.003596891759
0.003596900467
0.003596908582
0.003596915055
0.003596918633
0.0035968886
0.003596893097
0.003596899618
0.003596907737
0.003596916882
0.003596926323
0.003596935133
0.003596942169
0.003596946069
0.003596913216
0.00359691808
0.003596925136
0.003596933927
0.003596943837
0.003596954078
0.003596963645
0.003596971299
0.003596975552
0.003596939595
0.003596944858
0.003596952497
0.003596962019
0.003596972764
0.003596983877
0.003596994272
0.003597002602
0.003597007242
0.003596967868
0.003596973566
0.003596981839
0.003596992159
0.003597003812
0.003597015878
0.003597027179
0.003597036247
0.003597041313
0.003596998175
0.003597004347
0.003597013312
0.0035970245
0.003597037146
0.003597050252
0.003597062543
0.003597072421
0.003597077954
0.00359703067
0.003597037358
0.003597047077
0.003597059213
0.003597072941
0.003597087184
0.003597100557
0.003597111323
0.003597117369
0.003597065517
0.003597072768
0.003597083308
0.003597096479
0.003597111389
0.003597126875
0.003597141433
0.00359715317
0.00359715978
0.003597102894
0.003597110759
0.003597122196
0.003597136495
0.003597152697
0.003597169541
0.003597185396
0.003597198199
0.003597205427
0.003597142993
0.003597151528
0.003597163943
0.003597179476
0.003597197089
0.003597215419
0.003597232694
0.003597246664
0.003597254572
0.003597186023
0.003597195288
0.003597208772
0.003597225651
0.003597244806
0.003597264762
0.003597283591
0.003597298841
0.003597307495
0.003597232207
0.00359724227
0.00359725692
0.00359727527
0.003597296112
0.003597317846
0.003597338377
0.00359735503
0.003597364503
0.003597281788
0.003597292722
0.003597308647
0.003597328604
0.003597351289
0.003597374969
0.003597397364
0.003597415554
0.003597425928
0.003597335028
0.003597346914
0.003597364229
0.003597385943
0.003597410645
0.003597436453
0.00359746089
0.003597480766
0.003597492127
0.003597392209
0.003597405134
0.00359742397
0.003597447604
0.00359747451
0.003597502649
0.003597529322
0.003597551046
0.00359756349
0.003597453636
0.003597467696
0.003597488194
0.003597513926
0.003597543245
0.003597573934
0.003597603055
0.003597626803
0.003597640434
0.003597519638
0.003597534938
0.003597557252
0.003597585279
0.003597617235
0.003597650716
0.003597682518
0.003597708484
0.003597723414
0.00359759057
0.003597607226
0.003597631524
0.00359766206
0.003597696902
0.003597733437
0.003597768174
0.003597796566
0.003597812919
0.003597666816
0.003597684952
0.003597711419
0.003597744698
0.003597782696
0.003597822574
0.003597860522
0.003597891568
0.003597909476
0.003597748787
0.003597768542
0.00359779738
0.003597833658
0.003597875108
0.00359791864
0.0035979601
0.003597994046
0.003598013655
0.003597836931
0.003597858454
0.003597889883
0.003597929439
0.003597974663
0.003598022191
0.003598067486
0.003598104599
0.003598126071
0.003597931727
0.003597955183
0.003597989443
0.003598032582
0.003598081928
0.003598133821
0.003598183304
0.003598223877
0.003598247393
0.003598033692
0.00359805926
0.003598096613
0.003598143665
0.003598197515
0.003598254171
0.003598308225
0.003598352583
0.003598378348
0.003598143385
0.003598171258
0.00359821199
0.003598263314
0.003598322078
0.003598383931
0.003598442978
0.003598491484
0.003598519731
0.003598261404
0.003598291794
0.003598336212
0.003598392198
0.003598456322
0.003598523847
0.003598588356
0.003598641422
0.003598672412
0.00359838839
0.003598421527
0.003598469966
0.003598531035
0.003598601006
0.003598674729
0.003598745227
0.003598803316
0.003598837337
0.003598525034
0.003598561166
0.003598613989
0.003598680601
0.003598756955
0.003598837462
0.00359891454
0.003598978166
0.003599015532
0.003598672074
0.00359871147
0.003598769072
0.003598841733
0.003598925066
0.003599013017
0.003599097338
0.003599167064
0.003599208107
0.003598830301
0.003598873255
0.003598936073
0.003599015345
0.00359910633
0.003599202467
0.003599294776
0.003599371239
0.003599416357
0.003599000567
0.003599047407
0.003599115924
0.00359920244
0.003599301834
0.003599406995
0.003599508133
0.003599592096
0.003599641921
0.003599183799
0.003599234886
0.003599309647
0.003599404117
0.003599512768
0.003599627884
0.003599738791
0.003599831126
0.003599886126
0.003599381003
0.003599436744
0.003599518358
0.003599621574
0.003599740421
0.003599866521
0.00359998824
0.003600089892
0.003600150409
0.00359959328
0.003599654129
0.003599743272
0.003599856107
0.00359998618
0.003600124397
0.003600258131
0.003600369792
0.003600436264
0.003599821829
0.003599888286
0.003599985697
0.003600109102
0.003600251522
0.003600403126
0.003600549924
0.003600672381
0.003600745299
0.003600067941
0.003600140552
0.003600247039
0.003600382049
0.003600538066
0.003600704359
0.003600865207
0.00360099933
0.003601079232
0.003600333004
0.003600412365
0.003600528811
0.0036006766
0.003600847603
0.003601029673
0.003601205682
0.003601352425
0.003601439899
0.003600618507
0.003600705286
0.003600832702
0.003600994577
0.003601181687
0.003601380768
0.003601573163
0.00360173357
0.003601829252
0.003600926148
0.003601021116
0.003601160587
0.003601337576
0.003601542023
0.00360175947
0.003601969586
0.003602144787
0.003602249364
0.003601257854
0.003601361688
0.003601514055
0.003601707298
0.003601930439
0.003602167727
0.003602397009
0.003602588221
0.003602702432
0.003601615259
0.003601728584
0.003601894809
0.003602105563
0.00360234888
0.003602607604
0.00360285761
0.003603066142
0.003603190774
0.003602000001
0.003602123529
0.003602304677
0.003602534314
0.003602799409
0.003603081291
0.003603353693
0.003603580941
0.003603716835
0.003602413858
0.003602548372
0.003602745604
0.003602995607
0.00360328421
0.003603591096
0.00360388768
0.003604135133
0.003604283181
0.003602858727
0.00360300508
0.00360321965
0.003603491621
0.003603805585
0.003604139447
0.003604462115
0.003604731352
0.0036048925
0.003603336627
0.003603495738
0.003603728997
0.00360402465
0.003604365954
0.003604728892
0.00360507966
0.00360537235
0.003605547595
0.003603849695
0.003604022548
0.003604275941
0.003604597104
0.003604967852
0.003605362089
0.003605743087
0.00360606099
0.003606251379
0.00360440018
0.003604587829
0.003604862892
0.003605211505
0.003605613922
0.003606041804
0.003606455273
0.003606800236
0.003607006866
0.003604990448
0.003605194006
0.003605492367
0.003605870479
0.003606306911
0.003606770902
0.003607219189
0.00360759314
0.003607817155
0.003605622964
0.00360584361
0.003606166982
0.003606576748
0.003607049652
0.003607552328
0.003608037882
0.003608442823
0.003608685407
0.003606300295
0.003606539263
0.003606889444
0.003607333113
0.003607845052
0.003608389092
0.003608914445
0.003609352444
0.003609614813
0.003607025086
0.003607283667
0.003607662525
0.003608142438
0.003608696065
0.003609284228
0.003609851981
0.003610325151
0.00361060854
0.00360780005
0.003608079577
0.003608489046
0.00360900761
0.003609605646
0.003610240749
0.003610853541
0.003611364007
0.003611669655
0.003608627932
0.003608929775
0.003609371829
0.003609931495
0.003610576692
0.003611261565
0.003611922023
0.003612471882
0.003612800993
0.00360951147
0.003609837011
0.003610313639
0.003610916857
0.003611611943
0.003612349357
0.003613060019
0.003613651265
0.003614004966
0.003610453324
0.003610803929
0.00361131708
0.00361196623
0.003612713817
0.003613506379
0.003614269573
0.003614903983
0.003615283241
0.003611455961
0.003611832932
0.003612384442
0.003613081723
0.003613884164
0.003614734136
0.003615551788
0.003616230735
0.003616636235
0.003612521471
0.003612925966
0.00361351743
0.003614264687
0.003615123845
0.003616032868
0.00361690619
0.003617630354
0.003618062299
0.003613651243
0.003614084148
0.003614716726
0.003615515168
0.003616432054
0.003617400705
0.00361832971
0.003619098612
0.003619556407
0.003614845362
0.003615307103
0.003615981208
0.003616830976
0.003617805177
0.003618832282
0.003619815018
0.003620626294
0.003621108053
0.003616101454
0.003616591689
0.003617306509
0.003618206006
0.003619234825
0.003620316409
0.00362134781
0.003622196121
0.003622697919
0.003617412253
0.003617929422
0.003618682219
0.003619627138
0.003620704338
0.003621832129
0.003622902373
0.00362377785
0.003624292651
0.003618760109
0.003619300807
0.003620085955
0.003621067994
0.003622182195
0.00362334175
0.003624434245
0.003625320596
0.003625836948
0.003620103955
0.003620662226
0.003621470166
0.003622475675
0.003623608857
0.003624778048
0.003625868008
0.003626741235
0.0036272423
0.003621346327
0.003621913267
0.003622730208
0.003623740365
0.00362486875
0.00362601955
0.003627076548
0.003627907642
0.003628372905
0.003622249325
0.003622815116
0.003623626916
0.003624624184
0.003625728081
0.003626840171
0.003627844891
0.003628617108
0.003629034691
4.225161368e-20
1.58232112e-19
3.529748539e-19
6.688172503e-19
1.180472067e-18
2.017086024e-18
3.403106924e-18
5.72652066e-18
9.659047446e-18
1.636369734e-17
2.785619753e-17
4.763321608e-17
8.176469807e-17
1.407900653e-16
2.430022963e-16
4.201293387e-16
7.271744394e-16
1.259515318e-15
2.18261343e-15
3.783611658e-15
6.560928751e-15
1.137984062e-14
1.974268877e-14
3.425821711e-14
5.945680895e-14
1.032062925e-13
1.791704519e-13
3.110767103e-13
5.40117628e-13
9.377736608e-13
1.627992842e-12
2.825473665e-12
4.901563766e-12
8.497315056e-12
1.471666072e-11
2.545494376e-11
4.39546195e-11
7.573949974e-11
1.301747354e-10
2.23052063e-10
3.808386075e-10
6.475958792e-10
1.096133608e-09
1.845791342e-09
3.09044307e-09
5.14202532e-09
8.497253154e-09
1.393840051e-08
2.26833198e-08
3.660557674e-08
5.855311723e-08
9.280386496e-08
1.457098057e-07
2.265978437e-07
3.490041926e-07
5.323681675e-07
8.043426263e-07
1.203899792e-06
1.785470806e-06
2.62439152e-06
3.82389882e-06
5.523814806e-06
7.911003626e-06
1.123185547e-05
1.580695784e-05
2.204737048e-05
3.047143257e-05
4.172076777e-05
5.657416774e-05
7.595748259e-05
0.0001009473167
0.0001327655904
0.0001727611007
0.0002223736324
0.0002830768532
0.0003562989443
0.0004433247079
0.0005451897129
0.0006625240543
0.0007953995294
0.0009432634525
0.00110488397
0.001278344845
0.001461093953
0.001650045732
0.00184173057
0.002032478084
0.002218615552
0.002396658026
0.002563464386
0.002716801751
0.002855474136
0.002978868394
0.003086937223
0.00318013952
0.003259347985
0.003325738206
0.003380673714
0.00342559936
0.003461951762
0.003491091918
0.003514260164
0.003532551519
0.003546907528
0.003558120133
0.003566843301
0.003573608863
0.003578843873
0.003582887714
0.003586007833
0.003588413569
0.003590267908
0.003591697224
0.003592799199
0.003593649168
0.003594305139
0.003594811736
0.00359520327
0.003595506117
0.003595740559
0.003595922197
0.00359606304
0.003596172335
0.003596257215
0.003596323179
0.003596374478
0.003596414397
0.003596445478
0.00359646969
0.003596488559
0.003596503271
0.003596514744
0.003596523695
0.003596530679
0.003596536129
0.003596540383
0.003596543704
0.003596546295
0.003596548317
0.003596549895
0.003596551126
0.003596552086
0.003596552834
0.003596553417
0.003596553871
0.003596554225
0.0035965545
0.003596554714
0.003596554881
0.003596555011
0.003596555112
0.003596555193
0.003596555256
0.003596555307
0.003596555349
0.003596555385
0.003596555416
0.003596555445
0.003596555473
0.0035965555
0.003596555529
0.00359655556
0.003596555593
0.003596555631
0.003596555672
0.00359655572
0.003596555773
0.003596555832
0.0035965559
0.003596555976
0.003596556061
0.003596556157
0.003596556265
0.003596556385
0.003596556519
0.003596556668
0.003596556834
0.003596557019
0.003596557223
0.00359655745
0.0035965577
0.003596557977
0.003596558283
0.00359655862
0.003596558991
0.003596559399
0.003596559848
0.00359656034
0.003596560881
0.003596561474
0.003596562123
0.003596562833
0.00359656361
0.003596564458
0.003596565385
0.003596566395
0.003596567497
0.003596568697
0.003596570002
0.003596571423
0.003596572966
0.003596574642
0.00359657646
0.003596578432
0.003596580568
0.003596582881
0.003596585383
0.003596588088
0.003596591011
0.003596594167
0.003596597572
0.003596601244
0.0035966052
0.003596609462
0.003596614048
0.003596618982
0.003596624288
0.003596629989
0.003596636114
0.003596642691
0.003596649749
0.003596657323
0.003596665446
0.003596674157
0.003596683494
0.003596693502
0.003596704225
0.003596715712
0.003596728018
0.003596741199
0.003596755315
0.003596770432
0.003596786621
0.003596803958
0.003596822526
0.003596842413
0.003596863714
0.003596886532
0.003596910979
0.003596937174
0.003596965246
0.003596995335
0.003597027591
0.003597062179
0.003597099273
0.003597139063
0.003597181755
0.003597227571
0.00359727675
0.003597329551
0.003597386252
0.003597447155
0.003597512583
0.003597582889
0.00359765845
0.003597739674
0.003597827
0.003597920902
0.003598021891
0.003598130517
0.003598247371
0.003598373087
0.003598508344
0.003598653871
0.00359881045
0.003598978919
0.003599160186
0.00359935524
0.003599565158
0.003599791116
0.003600034387
0.003600296332
0.003600578413
0.003600882282
0.003601209855
0.003601562846
0.00360194285
0.003602351606
0.003602790981
0.003603262961
0.003603769651
0.00360431327
0.00360489615
0.003605520732
0.003606189552
0.00360690523
0.003607670455
0.003608487958
0.003609360468
0.003610290648
0.003611280996
0.003612333662
0.003613450152
0.003614630758
0.003615873444
0.003617171486
0.003618508059
0.003619843239
0.003621080932
0.003621983718
)
;

boundaryField
{
    outlet
    {
        type            inletOutlet;
        inletValue      uniform 0;
        value           nonuniform List<scalar> 10(0.003622249325 0.003622815116 0.003623626916 0.003624624184 0.003625728081 0.003626840171 0.003627844891 0.003628617108 0.003629034691 0.003621983718);
    }
    inlet
    {
        type            fixedValue;
        value           uniform 0;
    }
    front
    {
        type            wedge;
    }
    wall
    {
        type            zeroGradient;
    }
    back
    {
        type            wedge;
    }
}


// ************************************************************************* //
