/*--------------------------------*- C++ -*----------------------------------*\
| =========                 |                                                 |
| \\      /  F ield         | OpenFOAM: The Open Source CFD Toolbox           |
|  \\    /   O peration     | Version:  2212                                  |
|   \\  /    A nd           | Website:  www.openfoam.com                      |
|    \\/     M anipulation  |                                                 |
\*---------------------------------------------------------------------------*/
FoamFile
{
    version     2.0;
    format      ascii;
    arch        "LSB;label=32;scalar=64";
    class       volScalarField;
    location    "20.00000000";
    object      CH4_0;
}
// * * * * * * * * * * * * * * * * * * * * * * * * * * * * * * * * * * * * * //

dimensions      [0 0 0 0 0 0 0];

internalField   nonuniform List<scalar> 
3000
(
0.0004199879352
0.0004199879352
0.0004199879352
0.0004199879352
0.0004199879352
0.0004199879352
0.0004199879352
0.0004199879352
0.0004199879352
0.0004199879352
0.0004199879352
0.0004199879352
0.0004199879352
0.0004199879352
0.0004199879352
0.0004199879352
0.0004199879352
0.0004199879352
0.0004199879352
0.0004199879352
0.0004199879352
0.0004199879352
0.0004199879352
0.0004199879352
0.0004199879352
0.0004199879352
0.0004199879352
0.0004199879352
0.0004199879352
0.0004199879352
0.0004199879352
0.0004199879352
0.0004199879352
0.0004199879352
0.0004199879352
0.0004199879352
0.0004199879352
0.0004199879352
0.0004199879352
0.0004199879352
0.0004199879352
0.0004199879352
0.0004199879352
0.0004199879352
0.0004199879352
0.0004199879352
0.0004199879352
0.0004199879352
0.0004199879352
0.0004199879352
0.0004199879352
0.0004199879352
0.0004199879352
0.0004199879352
0.0004199879352
0.0004199879352
0.0004199879352
0.0004199879352
0.0004199879352
0.0004199879352
0.0004199879352
0.0004199879352
0.0004199879352
0.0004199879352
0.0004199879352
0.0004199879352
0.0004199879352
0.0004199879352
0.0004199879352
0.0004199879352
0.0004199879352
0.0004199879352
0.0004199879352
0.0004199879352
0.0004199879352
0.0004199879352
0.0004199879352
0.0004199879352
0.0004199879352
0.0004199879352
0.0004199879352
0.0004199879352
0.0004199879352
0.0004199879352
0.0004199879352
0.0004199879352
0.0004199879352
0.0004199879352
0.0004199879352
0.0004199879352
0.0004199879352
0.0004199879352
0.0004199879352
0.0004199879352
0.0004199879352
0.0004199879352
0.0004199879352
0.0004199879352
0.0004199879352
0.0004199879352
0.0004199879352
0.0004199879352
0.0004199879352
0.0004199879352
0.0004199879352
0.0004199879352
0.0004199879352
0.0004199879352
0.0004199879352
0.0004199879352
0.0004199879352
0.0004199879352
0.0004199879352
0.0004199879352
0.0004199879352
0.0004199879352
0.0004199879352
0.0004199879352
0.0004199879352
0.0004199879352
0.0004199879352
0.0004199879352
0.0004199879352
0.0004199879352
0.0004199879352
0.0004199879352
0.0004199879352
0.0004199879352
0.0004199879352
0.0004199879352
0.0004199879352
0.0004199879352
0.0004199879352
0.0004199879352
0.0004199879352
0.0004199879352
0.0004199879352
0.0004199879352
0.0004199879352
0.0004199879352
0.0004199879352
0.0004199879352
0.0004199879352
0.0004199879352
0.0004199879352
0.0004199879352
0.0004199879352
0.0004199879352
0.0004199879352
0.0004199879352
0.0004199879352
0.0004199879352
0.0004199879352
0.0004199879352
0.0004199879352
0.0004199879352
0.0004199879352
0.0004199879352
0.0004199879352
0.0004199879352
0.0004199879352
0.0004199879352
0.0004199879352
0.0004199879352
0.0004199879352
0.0004199879352
0.0004199879352
0.0004199879352
0.0004199879352
0.0004199879352
0.0004199879352
0.0004199879352
0.0004199879352
0.0004199879352
0.0004199879352
0.0004199879352
0.0004199879352
0.0004199879352
0.0004199879352
0.0004199879352
0.0004199879352
0.0004199879352
0.0004199879352
0.0004199879352
0.0004199879352
0.0004199879352
0.0004199879352
0.0004199879352
0.0004199879352
0.0004199879352
0.0004199879352
0.0004199879352
0.0004199879352
0.0004199879352
0.0004199879352
0.0004199879352
0.0004199879352
0.0004199879352
0.0004199879352
0.0004199879352
0.0004199879352
0.0004199879352
0.0004199879352
0.0004199879352
0.0004199879352
0.0004199879352
0.0004199879352
0.0004199879352
0.0004199879352
0.0004199879352
0.0004199879352
0.0004199879352
0.0004199879352
0.0004199879352
0.0004199879352
0.0004199879352
0.0004199879352
0.0004199879352
0.0004199879352
0.0004199879352
0.0004199879352
0.0004199879352
0.0004199879352
0.0004199879352
0.0004199879352
0.0004199879352
0.0004199879352
0.0004199879352
0.0004199879352
0.0004199879352
0.0004199879352
0.0004199879352
0.0004199879352
0.0004199879352
0.0004199879352
0.0004199879352
0.0004199879352
0.0004199879352
0.0004199879352
0.0004199879352
0.0004199879352
0.0004199879352
0.0004199879352
0.0004199879352
0.0004199879352
0.0004199879352
0.0004199879352
0.0004199879352
0.0004199879352
0.0004199879353
0.0004199879353
0.0004199879353
0.0004199879352
0.0004199879352
0.0004199879352
0.0004199879352
0.0004199879353
0.0004199879353
0.0004199879353
0.0004199879353
0.0004199879353
0.0004199879352
0.0004199879352
0.0004199879352
0.0004199879353
0.0004199879353
0.0004199879353
0.0004199879354
0.0004199879354
0.0004199879354
0.0004199879352
0.0004199879353
0.0004199879353
0.0004199879353
0.0004199879354
0.0004199879354
0.0004199879355
0.0004199879355
0.0004199879356
0.0004199879353
0.0004199879353
0.0004199879353
0.0004199879354
0.0004199879355
0.0004199879356
0.0004199879357
0.0004199879358
0.0004199879359
0.0004199879354
0.0004199879354
0.0004199879355
0.0004199879356
0.0004199879357
0.0004199879359
0.0004199879361
0.0004199879363
0.0004199879364
0.0004199879355
0.0004199879355
0.0004199879357
0.0004199879358
0.0004199879361
0.0004199879364
0.0004199879367
0.000419987937
0.0004199879372
0.0004199879357
0.0004199879358
0.000419987936
0.0004199879363
0.0004199879367
0.0004199879372
0.0004199879378
0.0004199879383
0.0004199879387
0.000419987936
0.0004199879362
0.0004199879366
0.0004199879371
0.0004199879378
0.0004199879386
0.0004199879396
0.0004199879405
0.0004199879412
0.0004199879366
0.000419987937
0.0004199879376
0.0004199879384
0.0004199879396
0.0004199879411
0.0004199879427
0.0004199879443
0.0004199879453
0.0004199879376
0.0004199879382
0.0004199879393
0.0004199879408
0.0004199879428
0.0004199879453
0.000419987948
0.0004199879506
0.0004199879524
0.0004199879394
0.0004199879404
0.0004199879422
0.0004199879447
0.0004199879481
0.0004199879523
0.0004199879569
0.0004199879612
0.000419987964
0.0004199879423
0.0004199879441
0.0004199879471
0.0004199879514
0.000419987957
0.000419987964
0.0004199879716
0.0004199879787
0.0004199879833
0.0004199879474
0.0004199879504
0.0004199879554
0.0004199879625
0.000419987972
0.0004199879834
0.0004199879959
0.0004199880073
0.0004199880148
0.0004199879559
0.000419987961
0.0004199879692
0.0004199879811
0.0004199879966
0.0004199880153
0.0004199880354
0.0004199880538
0.0004199880656
0.0004199879702
0.0004199879786
0.0004199879923
0.0004199880117
0.000419988037
0.0004199880672
0.0004199880993
0.0004199881284
0.000419988147
0.000419987994
0.0004199880079
0.0004199880302
0.0004199880618
0.0004199881025
0.0004199881506
0.0004199882014
0.0004199882468
0.0004199882757
0.0004199880333
0.000419988056
0.0004199880922
0.0004199881429
0.0004199882077
0.0004199882835
0.0004199883627
0.0004199884328
0.0004199884772
0.0004199880981
0.0004199881346
0.0004199881925
0.0004199882729
0.0004199883749
0.0004199884928
0.0004199886149
0.000419988722
0.0004199887892
0.0004199882035
0.0004199882617
0.0004199883533
0.0004199884794
0.0004199886377
0.0004199888191
0.0004199890049
0.0004199891666
0.0004199892673
0.0004199883738
0.0004199884654
0.0004199886084
0.0004199888037
0.0004199890466
0.0004199893222
0.000419989602
0.0004199898435
0.0004199899929
0.0004199886464
0.0004199887888
0.0004199890094
0.0004199893082
0.0004199896764
0.0004199900904
0.0004199905071
0.000419990864
0.0004199910836
0.0004199890787
0.000419989297
0.0004199896333
0.000419990085
0.0004199906369
0.0004199912519
0.0004199918662
0.0004199923889
0.0004199927087
0.0004199897574
0.0004199900882
0.0004199905946
0.0004199912697
0.0004199920877
0.0004199929922
0.0004199938893
0.0004199946479
0.0004199951099
0.0004199908125
0.0004199913079
0.0004199920616
0.0004199930595
0.0004199942596
0.0004199955772
0.0004199968758
0.0004199979681
0.0004199986305
0.0004199924369
0.0004199931702
0.0004199942798
0.0004199957394
0.0004199974833
0.0004199993859
0.0004200012505
0.0004200028119
0.0004200037553
0.0004199949133
0.000419995987
0.0004199976038
0.0004199997183
0.0004200022298
0.0004200049547
0.0004200076126
0.0004200098296
0.0004200111652
0.0004199986524
0.0004200002086
0.0004200025418
0.0004200055779
0.0004200091653
0.0004200130393
0.0004200168026
0.0004200199314
0.0004200218118
0.0004200042449
0.0004200064796
0.0004200098171
0.0004200141409
0.0004200192272
0.0004200246974
0.0004200299931
0.0004200343839
0.0004200370177
0.0004200125346
0.0004200157161
0.0004200204518
0.0004200265636
0.000420033726
0.0004200414023
0.0004200488117
0.0004200549409
0.0004200586111
0.0004200247168
0.0004200292109
0.0004200358817
0.0004200444625
0.0004200544853
0.000420065195
0.0004200755062
0.0004200840182
0.000420089108
0.000420042474
0.0004200487776
0.0004200581114
0.0004200700839
0.0004200840285
0.00042009889
0.0004201131666
0.0004201249318
0.0004201319587
0.0004200681583
0.0004200769431
0.0004200899236
0.0004201065328
0.0004201258302
0.00042014635
0.0004201660252
0.0004201822167
0.000420191879
0.0004201050363
0.0004201172069
0.0004201351578
0.0004201580783
0.0004201846519
0.0004202128555
0.0004202398571
0.0004202620544
0.0004202752926
0.0004201576139
0.0004201743843
0.0004201990813
0.0004202305591
0.0004202669901
0.0004203055967
0.000420342515
0.0004203728409
0.00042039092
0.0004202320648
0.0004202550598
0.0004202888802
0.0004203319234
0.0004203816699
0.0004204343253
0.0004204846345
0.0004205259385
0.000420550558
0.0004203367963
0.0004203681865
0.0004204143068
0.0004204729366
0.000420540624
0.0004206122072
0.0004206805607
0.0004207366634
0.0004207701036
0.0004204831882
0.0004205258664
0.0004205885215
0.0004206681008
0.0004207599018
0.00042085693
0.0004209495513
0.000421025569
0.0004210708883
0.0004206865434
0.0004207443527
0.0004208291708
0.0004209368315
0.0004210609621
0.0004211921211
0.0004213173179
0.000421420093
0.0004214813888
0.0004209672927
0.0004210453194
0.0004211597522
0.0004213049441
0.0004214723037
0.0004216491345
0.0004218179675
0.000421956631
0.0004220393829
0.000421352503
0.0004214574462
0.0004216113145
0.0004218065025
0.0004220314868
0.0004222692602
0.0004224963981
0.0004226830904
0.0004227946035
0.0004218777371
0.0004220183705
0.0004222245422
0.0004224860741
0.0004227875882
0.0004231063947
0.0004234111802
0.0004236619531
0.0004238119112
0.0004225893117
0.0004227770458
0.0004230522645
0.000423401427
0.0004238041157
0.0004242301869
0.0004246379269
0.0004249738315
0.0004251749677
0.0004235469869
0.0004237965391
0.0004241624061
0.0004246266743
0.0004251623708
0.0004257296278
0.0004262730967
0.0004267214486
0.0004269903204
0.0004248270966
0.0004251572638
0.0004256413656
0.0004262558279
0.0004269651934
0.0004277169829
0.0004284380963
0.000429033875
0.0004293917318
0.0004265260865
0.0004269605981
0.0004275977433
0.0004284066475
0.0004293409275
0.0004303318538
0.000431283407
0.0004320707015
0.0004325443677
0.0004287643543
0.0004293327614
0.0004301662538
0.0004312245731
0.0004324473331
0.000433745018
0.0004349922923
0.0004360254968
0.0004366479167
0.000431690198
0.0004324287225
0.0004335115536
0.0004348864067
0.0004364750495
0.0004381615837
0.0004397834769
0.0004411279616
0.0004419385738
0.0004354835562
0.000436435787
0.0004378315745
0.000439603274
0.0004416500483
0.0004438226684
0.0004459120573
0.0004476444861
0.0004486895184
0.0004403590953
0.0004415763798
0.0004433598327
0.0004456222347
0.000448234134
0.0004510048574
0.000453668043
0.0004558755549
0.0004572071886
0.0004465680539
0.0004481093522
0.0004503657764
0.0004532253395
0.0004565229674
0.0004600169804
0.0004633716314
0.0004661498475
0.0004678248915
0.0004543976174
0.0004563285119
0.0004591523463
0.0004627261059
0.000466840648
0.000471192826
0.0004753643893
0.0004788139947
0.0004808916359
0.0004641674758
0.000466558475
0.0004700505436
0.0004744622027
0.0004795309014
0.0004848803003
0.0004899961225
0.000494217787
0.0004967563869
0.0004762229464
0.0004791466832
0.000483409961
0.0004887842427
0.000494943296
0.00050142537
0.0005076070774
0.0005126948993
0.000515747945
0.0004909235427
0.0004944507873
0.0004995843333
0.0005060394958
0.0005134151512
0.0005211522549
0.0005285061978
0.000534539887
0.0005381513037
0.000508626703
0.0005128214128
0.0005189132598
0.0005265514432
0.0005352492281
0.0005443393196
0.0005529462674
0.0005599827323
0.0005641819401
0.0005296665524
0.0005345800147
0.0005416986446
0.0005505958135
0.0005606889605
0.0005711936791
0.0005810980224
0.0005891629756
0.00059396009
0.0005543283928
0.000559992993
0.000568178522
0.0005783736617
0.0005898916922
0.0006018254306
0.0006130254519
0.0006221059862
0.0006274874832
0.0005828202577
0.0005892435157
0.0005984994951
0.0006099851472
0.0006229041614
0.0006362251457
0.0006486658053
0.0006587052762
0.0006646306341
0.0006152437088
0.0006224033779
0.0006326903568
0.0006454057174
0.0006596421692
0.0006742478755
0.0006878187295
0.0006987187775
0.0007051295472
0.000651566885
0.0006594079883
0.0006706400722
0.0006844681262
0.0006998778348
0.0007156068968
0.000730150378
0.0007417807271
0.0007485968188
0.0006916036129
0.0007000382917
0.0007120839144
0.0007268540222
0.0007432389471
0.0007598844866
0.0007752025131
0.0007873994655
0.0007945227546
0.0007350037529
0.0007439151869
0.0007566051569
0.0007721074439
0.0007892291204
0.0008065419486
0.0008224004885
0.0008349750315
0.0008422943154
0.000781271294
0.0007905226638
0.0008036598631
0.0008196497399
0.000837234794
0.000854935876
0.0008710782208
0.0008838269234
0.0008912243449
0.0008297806987
0.0008392187678
0.0008525850067
0.0008687964202
0.000886552726
0.000904349633
0.0009205117234
0.0009332288093
0.0009405867471
0.0008797968292
0.0008892612322
0.000902630696
0.0009187923424
0.0009364269029
0.00095403144
0.000969957461
0.0009824466239
0.0009896542346
0.0009305153504
0.0009398486925
0.0009530020312
0.0009688539329
0.0009860903418
0.001003235121
0.001018691581
0.001030776267
0.001037735006
0.000981110711
0.0009901680867
0.001002905371
0.001018213688
0.001034807149
0.001051259272
0.001066046138
0.001077577337
0.001084204993
0.001030785688
0.001039442475
0.001051593537
0.001066161981
0.001081910374
0.001097480986
0.001111438992
0.001122300028
0.001128533052
0.001078816529
0.001086973687
0.001098404887
0.001112081788
0.001126831998
0.001141381199
0.001154395084
0.001164503358
0.001170297522
0.001124588745
0.001132175306
0.001142792419
0.001155473242
0.001169122754
0.00118256005
0.001194558058
0.001203864072
0.001209193689
0.0011676204
0.00117459331
0.001184340818
0.001195966609
0.001208461004
0.001220742059
0.001231692433
0.001240176734
0.001245032783
0.001207571974
0.00121391378
0.001222771326
0.001233324022
0.001244651433
0.001255772186
0.001265677623
0.001273346355
0.001277733929
0.001244243864
0.001249958942
0.0012579359
0.001267431647
0.001277615387
0.00128760466
0.001296495672
0.001303375472
0.001307310896
0.001277564045
0.001282674075
0.001289803209
0.001298284801
0.001307375272
0.001316286915
0.001324214955
0.001330347753
0.001333855701
0.001307569108
0.001312108432
0.001318439478
0.00132596883
0.001334035621
0.001341940976
0.001348971948
0.001354410122
0.001357520949
0.001334381965
0.001338393274
0.001343987033
0.001350638341
0.001357763144
0.001364744358
0.001370952915
0.00137575507
0.001378502487
0.001358189017
0.001361719648
0.001366642955
0.001372496911
0.00137876757
0.001384912036
0.001390376873
0.001394604361
0.001397023525
0.00137921885
0.001382317821
0.001386639527
0.00139177873
0.001397284562
0.001402680558
0.001407480725
0.001411194936
0.001413320961
0.001397723769
0.001400439552
0.001404227515
0.001408733043
0.001413561339
0.001418294811
0.001422507025
0.001425767395
0.00142763424
0.001413964743
0.001416343686
0.001419662663
0.001423611703
0.001427845355
0.001431997705
0.001435694465
0.001438557086
0.001440196793
0.001428199891
0.00143028522
0.001433195533
0.001436659865
0.001440375825
0.001444022498
0.001447270913
0.00144978767
0.001451229882
0.001440676234
0.001442507487
0.00144506426
0.001448109416
0.001451377857
0.001454587583
0.001457448745
0.001459666854
0.001460938548
0.001451624231
0.001453237013
0.001455489862
0.001458174786
0.001461058785
0.001463893304
0.001466422063
0.001468383909
0.00146950931
0.001461254578
0.001462680556
0.001464673592
0.001467050665
0.001469606246
0.001472120375
0.001474365416
0.001476108612
0.001477109222
0.001469756773
0.001471023818
0.00147279586
0.001474911161
0.001477187597
0.001479429527
0.001481433638
0.001482991238
0.001483885954
0.001477298952
0.001478431387
0.001480016303
0.001481910027
0.001483950283
0.001485962024
0.001487762495
0.0014891633
0.001489968588
0.001484028615
0.001485047512
0.001486474637
0.001488181593
0.001490022864
0.001491840772
0.001493469862
0.001494738782
0.001495468881
0.001490073934
0.001490997431
0.001492292015
0.001493842153
0.001495516436
0.001497171773
0.001498657211
0.001499815649
0.00150048279
0.001495545375
0.001496389004
0.00149757266
0.001498991611
0.001500526275
0.001502045772
0.001503411257
0.001504477495
0.001505092124
0.001500537486
0.001501314479
0.001502405618
0.001503715208
0.00150513355
0.001506539949
0.001507805631
0.00150879521
0.001509366201
0.001505130701
0.001505852284
0.001506866521
0.001508085256
0.00150940702
0.001510719581
0.001511902519
0.001512828584
0.001513363441
0.001509393093
0.001510068754
0.001511019282
0.001512162789
0.001513404639
0.001514639614
0.001515754187
0.001516627814
0.001517132857
0.001513382014
0.001514019743
0.001514917669
0.0015159991
0.001517175053
0.0015183461
0.00151940439
0.001520234878
0.001520715408
0.001517145594
0.001517752098
0.001518606744
0.001519637131
0.00152075894
0.001521877504
0.001522889627
0.001523684758
0.00152414521
0.001520724083
0.001521304978
0.001522124146
0.001523112718
0.001524190209
0.001525265853
0.001526240256
0.001527006523
0.001527450595
0.001524151047
0.001524711023
0.001525501225
0.001526455683
0.001527497051
0.001528537746
0.001529481463
0.001530224273
0.001530655043
0.001527454405
0.001527997369
0.001528764029
0.001529690786
0.00153070285
0.001531715223
0.001532634105
0.001533357946
0.001533777968
0.001530657331
0.00153118653
0.001531934159
0.001532838542
0.001533826965
0.00153481652
0.001535715416
0.001536424013
0.001536835405
0.001533779021
0.001534297154
0.001535029494
0.001535915923
0.001536885401
0.001537856698
0.001538739628
0.001539436062
0.001539840576
0.00153683536
0.001537344663
0.001538064813
0.00153893695
0.001539891371
0.001540848186
0.001541718474
0.001542405295
0.00154280438
0.001539839472
0.001540341794
0.001541052323
0.001541913197
0.001542855778
0.00154380123
0.001544661624
0.001545340938
0.00154573579
0.001542802192
0.001543299065
0.001544002094
0.001544854209
0.001545787609
0.001546724277
0.001547577046
0.001548250592
0.001548642198
0.00154573246
0.001546225148
0.001546922432
0.001547767856
0.001548694269
0.001549624282
0.0015504713
0.001551140512
0.001551529689
0.001548637648
0.001549127196
0.001549820182
0.001550660625
0.001551581863
0.001552506977
0.00155334979
0.001554015854
0.001554403271
0.001551523834
0.001552011105
0.001552700989
0.00155353786
0.001554455421
0.001555377086
0.001556216969
0.00155688086
0.001557267075
0.001554396031
0.001554881737
0.001555569506
0.00155640397
0.001557319087
0.0015582385
0.001559076507
0.001559739031
0.0015601245
0.001557258372
0.001557743102
0.001558429571
0.001559262589
0.00156017628
0.00156109443
0.001561931428
0.001562593252
0.001562978353
0.001560114269
0.001560598506
0.001561284349
0.001562116713
0.001563029822
0.001563947523
0.00156478423
0.001565445903
0.001565830947
0.001562966534
0.001563450681
0.001564136452
0.001564968818
0.001565882038
0.001566799965
0.001567636974
0.001568298949
0.001568684195
0.001565817491
0.001566301879
0.001566988038
0.001567820947
0.001568734853
0.001569653561
0.00157049136
0.001571154013
0.001571539674
0.001568669059
0.001569153962
0.001569840887
0.001570674787
0.001571589853
0.001572509802
0.001573348797
0.001574012437
0.001574398688
0.001571522825
0.001572008468
0.001572696473
0.001573531732
0.00157444835
0.00157536992
0.001576210445
0.001576875328
0.001577262315
0.001574380098
0.001574866668
0.001575556012
0.001576392936
0.001577311428
0.001578234933
0.001579077264
0.001579743602
0.001580131445
0.001577241961
0.001577729612
0.001578420508
0.001579259348
0.001580179983
0.001581105682
0.001581950046
0.001582618013
0.001583006811
0.001580109307
0.001580598166
0.001581290791
0.001582131756
0.001583054753
0.001583982858
0.001584829444
0.001585499183
0.001585889018
0.001582982874
0.001583473046
0.001584167545
0.001585010804
0.001585936345
0.001586867032
0.001587715993
0.001588387623
0.001588778562
0.001585863269
0.00158635484
0.001587051331
0.001587897025
0.001588825257
0.00158975867
0.001590610133
0.00159128375
0.001591675848
0.001588750989
0.001589244029
0.001589942609
0.001590790852
0.001591721898
0.001592658153
0.001593512219
0.001594187903
0.001594581204
0.001591646442
0.001592141007
0.001592841755
0.00159369264
0.001594626597
0.001595565789
0.001596422542
0.001597100354
0.001597494894
0.001594549956
0.001595046093
0.001595749073
0.001596602674
0.001597539619
0.001598481825
0.00159934133
0.001600021322
0.001600417129
0.001597461796
0.001597959542
0.001598664804
0.00159952118
0.001600461176
0.001601406454
0.001602268764
0.001602950974
0.001603348071
0.001600382175
0.001600881557
0.00160158914
0.001602448337
0.001603391432
0.001604339828
0.001605204982
0.001605889441
0.001606287844
0.001603311254
0.001603812294
0.001604522228
0.00160538428
0.00160633051
0.001607282057
0.001608150085
0.001608836815
0.001609236537
0.001606249157
0.001606751872
0.001607464177
0.00160832911
0.0016092785
0.001610233223
0.001611104145
0.001611793159
0.001612194209
0.001609195974
0.001609700374
0.001610415066
0.001611282896
0.001612235462
0.001613193376
0.001614067204
0.001614758512
0.001615160893
0.001612151765
0.001612657857
0.001613374944
0.001614245678
0.00161520143
0.001616162542
0.001617039282
0.001617732888
0.001618136603
0.001615116564
0.00161562435
0.001616343835
0.001617217478
0.001618176417
0.001619140727
0.001620020378
0.001620716282
0.001621121329
0.001618090384
0.001618599862
0.001619321743
0.001620198292
0.001621160414
0.001622127918
0.001623010475
0.00162370867
0.001624115047
0.001621073215
0.001621584383
0.001622308654
0.001623188101
0.001624153397
0.001625124085
0.001626009536
0.001626710015
0.001627117716
0.001624065034
0.001624577885
0.001625304538
0.00162618687
0.001627155325
0.001628129182
0.001629017515
0.001629720265
0.001630129284
0.001627065802
0.001627580326
0.001628309348
0.001629194549
0.001630166147
0.001631143153
0.001632034349
0.001632739356
0.001633149683
0.001630075464
0.001630591652
0.001631323026
0.001632211078
0.001633185795
0.001634165928
0.001635059966
0.001635767213
0.001636178838
0.001633093956
0.001633611795
0.001634345504
0.001635236383
0.001636214195
0.001637197428
0.001638094284
0.00163880375
0.001639216662
0.001636121202
0.001636640677
0.0016373767
0.001638270382
0.001639251259
0.001640237564
0.001641137211
0.001641848875
0.001642263061
0.001639157115
0.001639678211
0.001640416526
0.001641312982
0.001642296894
0.001643286239
0.001644188646
0.001644902486
0.001645317932
0.001642201603
0.001642724302
0.001643464883
0.001644364084
0.001645350997
0.001646343347
0.001647248484
0.001647964472
0.001648381163
0.001645254562
0.001645778845
0.001646521667
0.001647423579
0.001648413457
0.001649408775
0.001650316607
0.001651034718
0.001651452638
0.001648315881
0.00164884173
0.001649586763
0.001650491352
0.001651484156
0.001652482404
0.001653392895
0.001654113099
0.001654532231
0.001651385444
0.001651912836
0.001652660051
0.00165356728
0.00165456297
0.001655564105
0.001656477217
0.001657199484
0.001657619811
0.001654463125
0.001654992039
0.001655741404
0.001656651234
0.001657649766
0.001658653746
0.001659569439
0.001660293736
0.001660715238
0.001657548793
0.001658079205
0.001658830686
0.001659743076
0.001660744406
0.001661751184
0.001662669415
0.001663395708
0.001663818367
0.001660642309
0.001661174194
0.001661927756
0.001662842663
0.001663846741
0.001664856269
0.001665776993
0.001666505248
0.001666929041
0.001663743524
0.001664276856
0.001665032463
0.001665949841
0.001666956617
0.001667968843
0.001668892013
0.001669622191
0.001670047096
0.001666852284
0.001667387035
0.001668144645
0.001669064446
0.001670073868
0.001671088736
0.001672014302
0.001672746362
0.001673172357
0.00166996842
0.001670504561
0.001671264133
0.001672186305
0.001673198314
0.001674215767
0.001675143674
0.001675877573
0.001676304631
0.001673091754
0.001673629253
0.001674390742
0.001675315229
0.001676329762
0.001677349737
0.001678279926
0.001679015618
0.001679443712
0.001676222091
0.001676760913
0.00167752427
0.001678451011
0.001679468002
0.001680490429
0.001681422838
0.001682160271
0.00168258937
0.001679359217
0.001679899325
0.001680664495
0.001681593424
0.001682612799
0.001683637602
0.001684572159
0.001685311276
0.001685741347
0.001682502895
0.001683044247
0.001683811171
0.001684742214
0.001685763889
0.001686790984
0.001687727609
0.001688468346
0.001688899351
0.001685652858
0.001686195407
0.001686964016
0.00168789709
0.001688920972
0.001689950261
0.001690888864
0.001691631148
0.001692063043
0.001688808799
0.001689352491
0.001690122708
0.001691057717
0.001692083698
0.001693115071
0.001694055549
0.001694799295
0.001695232031
0.001691970363
0.001692515137
0.001693286873
0.001694223705
0.001695251661
0.001696284987
0.001697227218
0.001697972329
0.001698405846
0.001695137136
0.001695682917
0.001696456068
0.001697394594
0.001698424376
0.001699459504
0.001700403345
0.001701149702
0.001701583931
0.001698308623
0.001698855327
0.001699629768
0.001700569831
0.001701601266
0.001702638014
0.001703583293
0.001704330757
0.001704765615
0.001701484236
0.001702031759
0.001702807341
0.001703748758
0.001704781635
0.001705819784
0.001706766296
0.001707514699
0.001707950085
0.001704663266
0.001705211486
0.00170598803
0.001706930577
0.001707964643
0.001709003931
0.001709951426
0.001710700566
0.001711136359
0.001707844861
0.001708393627
0.001709170917
0.001710114325
0.001711149274
0.001712189382
0.00171313756
0.00171388719
0.001714323243
0.00171102799
0.001711577121
0.001712354896
0.001713298837
0.001714334299
0.001715374842
0.001716323338
0.001717073161
0.001717509294
0.00171421141
0.001714760688
0.001715538632
0.001716482711
0.001717518238
0.001718558748
0.001719507122
0.001720256776
0.001720692775
0.001717393629
0.00171794279
0.001718720519
0.00171966426
0.001720699311
0.001721739226
0.001722686946
0.001723435998
0.001723871602
0.00172057286
0.001721121586
0.001721898642
0.001722841471
0.001723875398
0.001724914042
0.001725860471
0.001726608399
0.001727043299
0.001723746977
0.001724294889
0.001725070722
0.001726011955
0.001727043982
0.00172808055
0.001729024928
0.001729771114
0.001730204938
0.001726913469
0.001727460114
0.001728234073
0.001729172898
0.001730202106
0.001731235644
0.001732177073
0.001732920785
0.001733353098
0.001730069391
0.001730614238
0.001731385554
0.001732321014
0.001733346324
0.001734375713
0.001735313139
0.00173605352
0.001736483811
0.001733211325
0.001733753751
0.001734521526
0.001735452506
0.001736472659
0.001737496597
0.001738428798
0.001739164854
0.001739592532
0.001736335333
0.001736874618
0.001737637815
0.001738563026
0.001739576573
0.001740593558
0.001741519129
0.00174224972
0.001742674108
0.00173943693
0.00173997225
0.001740729682
0.001741647653
0.001742652937
0.001743661264
0.001744578606
0.00174530244
0.001745722771
0.001742511065
0.001743041485
0.001743791808
0.001744700876
0.001745696033
0.001746693781
0.001747601102
0.001748316729
0.001748732145
0.001745552108
0.001746076583
0.001746818295
0.001747716607
0.001748699559
0.001749684594
0.001750579907
0.001751285726
0.001751695282
0.001748553868
0.001749071241
0.001749802688
0.001750688199
0.001751656665
0.001752626649
0.001753507782
0.001754202046
0.001754604712
0.001751509619
0.001752018632
0.001752738009
0.001753608502
0.00175456001
0.001755512419
0.001756377032
0.001757057866
0.00175745254
0.001754412157
0.001754911457
0.001755616831
0.001756469934
0.001757401848
0.001758333995
0.00175917961
0.001759845033
0.001760230553
0.00175725388
0.001757742036
0.001758431368
0.001759264583
0.001760174136
0.001761083216
0.00176190725
0.001762555204
0.001762930369
0.001760026889
0.001760502414
0.001761173588
0.001761984332
0.001762868675
0.001763751805
0.00176455162
0.001765180013
0.001765543604
0.001762723121
0.001763184497
0.001763835359
0.001764621014
0.001765477267
0.001766331551
0.001767104505
0.001767711252
0.001768062061
0.001765334497
0.001765780208
0.001766408613
0.001767166578
0.001767991897
0.001768814488
0.001769558001
0.001770141076
0.001770477935
0.001767853095
0.001768281661
0.00176888552
0.001769613277
0.001770404922
0.001771193096
0.001771904714
0.001772462206
0.001772784018
0.001770271332
0.001770681346
0.001771258683
0.00177195386
0.00177270927
0.001773460499
0.001774137966
0.001774668128
0.001774973901
0.001772582153
0.001772972318
0.001773521323
0.001774181765
0.001774898629
0.001775610655
0.001776251977
0.001776753285
0.001777042161
0.001774779213
0.001775148385
0.001775667467
0.001776291296
0.001776967624
0.00177763853
0.001778242037
0.001778713235
0.001778984516
0.001776857056
0.001777204275
0.001777692111
0.001778277784
0.00177891197
0.001779540237
0.001780104638
0.001780544777
0.00178079795
0.001778811267
0.001779135786
0.001779591362
0.001780137722
0.001780728591
0.001781313146
0.001781837567
0.001782246039
0.001782480793
0.001780638594
0.001780939902
0.001781362546
0.001781868852
0.001782415697
0.001782955945
0.001783439951
0.001783816486
0.001784032701
0.001782337037
0.001782614877
0.001783004272
0.001783470225
0.001783972818
0.001784468639
0.00178491222
0.001785256889
0.001785454647
0.001783905901
0.001784160271
0.001784516461
0.001784942186
0.001785400766
0.001785852512
0.001786256097
0.00178656932
0.001786748902
0.001785345767
0.001785576909
0.001785900285
0.001786286336
0.001786701611
0.001787110107
0.00178747455
0.001787757074
0.001787918951
0.001786658461
0.001786866861
0.001787158159
0.001787505505
0.001787878633
0.001788245144
0.001788571688
0.001788824562
0.001788969372
0.001787847021
0.001788033397
0.001788293677
0.00178860367
0.001788936218
0.001789262403
0.001789552633
0.001789777154
0.001789905671
0.001788915621
0.001789080903
0.001789311515
0.00178958585
0.001789879746
0.001790167606
0.001790423389
0.00179062103
0.00179073411
0.001789869457
0.001790014757
0.001790217311
0.001790457985
0.001790715473
0.001790967309
0.001791190808
0.001791363408
0.001791462186
0.001790714609
0.001790841201
0.001791017526
0.001791226799
0.001791450433
0.001791668972
0.001791862837
0.001792012562
0.001792098314
0.001791457886
0.001791567178
0.001791719326
0.001791899808
0.001792092598
0.00179228096
0.001792448077
0.001792577221
0.001792651279
0.00179210683
0.00179220047
0.001792330808
0.001792485413
0.00179265058
0.001792812009
0.00179295533
0.001793066211
0.001793129907
0.00179266995
0.001792749672
0.00179286066
0.001792992363
0.001793133148
0.001793270873
0.001793393308
0.001793488199
0.001793542821
0.001793156071
0.001793223603
0.00179331767
0.001793429386
0.001793548946
0.001793666085
0.001793770418
0.001793851466
0.001793898248
0.001793573968
0.001793630971
0.001793710446
0.001793804957
0.001793906281
0.00179400577
0.001794094607
0.001794163814
0.0017942039
0.001793932118
0.001793980152
0.00179404721
0.001794127107
0.001794212969
0.001794297519
0.001794373263
0.001794432478
0.001794466907
0.001794238516
0.001794279014
0.001794335653
0.001794403303
0.001794476233
0.001794548313
0.001794613151
0.001794664058
0.001794693785
0.001794500557
0.001794534811
0.001794582829
0.001794640366
0.001794702645
0.001794764492
0.001794820419
0.001794864573
0.001794890495
0.00179472495
0.00179475411
0.001794795106
0.00179484443
0.001794898099
0.001794951728
0.001795000577
0.001795039469
0.001795062546
0.001794917695
0.001794942769
0.001794978147
0.001795020928
0.001795067778
0.001795114964
0.001795158342
0.001795193113
0.001795213772
0.001795084094
0.001795105954
0.001795136925
0.001795174598
0.001795216142
0.001795258322
0.001795297199
0.001795328382
0.001795346916
0.001795228798
0.001795248182
0.00179527576
0.001795309512
0.001795346845
0.001795384719
0.001795419624
0.001795447616
0.001795464253
0.00179535585
0.001795373352
0.001795398247
0.001795428656
0.001795462253
0.0017954963
0.001795527652
0.001795552783
0.001795567722
0.001795468351
0.001795484159
0.001795506623
0.00179553402
0.00179556425
0.00179559485
0.001795623007
0.001795645568
0.001795658981
0.001795568075
0.001795582334
0.001795602576
0.001795627231
0.001795654406
0.00179568189
0.001795707164
0.001795727407
0.001795739446
0.001795656464
0.001795669299
0.001795687505
0.00179570966
0.001795734059
0.001795758716
0.001795781378
0.00179579952
0.001795810311
0.001795734738
0.001795746269
0.001795762611
0.001795782481
0.001795804348
0.001795826428
0.001795846704
0.001795862922
0.001795872569
0.001795803962
0.001795814293
0.001795828924
0.001795846698
0.001795866237
0.001795885945
0.00179590402
0.001795918458
0.001795927044
0.00179586505
0.001795874273
0.001795887322
0.001795903154
0.001795920534
0.001795938034
0.001795954051
0.00179596682
0.001795974409
0.001795918784
0.001795926973
0.001795938543
0.001795952557
0.001795967907
0.001795983323
0.001795997392
0.001796008575
0.001796015217
0.001795965818
0.001795973031
0.001795983201
0.001795995489
0.001796008906
0.001796022331
0.001796034532
0.001796044193
0.001796049926
0.001796006694
0.001796012973
0.001796021801
0.001796032429
0.001796043984
0.001796055485
0.001796065877
0.001796074063
0.001796078916
0.001796041857
0.001796047231
0.001796054758
0.001796063774
0.001796073515
0.001796083139
0.001796091766
0.001796098511
0.001796102506
0.001796071671
0.001796076161
0.001796082415
0.001796089852
0.001796097815
0.001796105598
0.001796112491
0.001796117819
0.001796120969
0.00179609644
0.00179610006
0.001796105061
0.001796110943
0.001796117155
0.001796123126
0.001796128313
0.00179613225
0.001796134584
0.001796116416
0.001796119177
0.001796122941
0.001796127288
0.001796131773
0.001796135957
0.001796139467
0.001796142055
0.001796143598
0.001796131818
0.001796133728
0.001796136267
0.001796139096
0.001796141875
0.001796144299
0.001796146174
0.001796147442
0.00179614821
0.00179614283
0.001796143897
0.001796145221
0.001796146548
0.001796147643
0.001796148343
0.001796148608
0.001796148572
0.001796148574
0.001796149615
0.001796149845
0.001796149965
0.001796149808
0.001796149245
0.001796148238
0.001796146902
0.001796145564
0.001796144802
0.001796152311
0.001796151713
0.001796150647
0.001796149022
0.001796146808
0.001796144091
0.001796141144
0.001796138498
0.001796136969
0.001796151062
0.001796149643
0.001796147393
0.001796144295
0.001796140417
0.00179613597
0.001796131391
0.001796127419
0.001796125115
0.001796145982
0.001796143735
0.001796140286
0.001796135693
0.00179613012
0.001796123909
0.001796117668
0.001796112346
0.001796109256
0.001796137137
0.001796134045
0.001796129371
0.001796123246
0.001796115936
0.001796107918
0.001796099975
0.001796093278
0.00179608939
0.001796124557
0.001796120595
0.001796114658
0.001796106954
0.001796097855
0.00179608798
0.001796078297
0.001796070195
0.001796065492
0.001796108237
0.001796103373
0.001796096128
0.001796086792
0.001796075848
0.001796064065
0.001796052598
0.001796043058
0.001796037519
0.001796088141
0.00179608234
0.001796073738
0.001796062714
0.001796049868
0.001796036123
0.001796022823
0.001796011803
0.0017960054
0.001796064211
0.001796057437
0.001796047429
0.001796034659
0.001796019851
0.001796004085
0.001795988892
0.001795976334
0.00179596903
0.001796036371
0.001796028587
0.001796017124
0.001796002549
0.001795985714
0.001795967853
0.00179595069
0.001795936524
0.001795928272
0.001796004535
0.001795995705
0.001795982734
0.001795966289
0.001795947348
0.001795927301
0.001795908068
0.001795892203
0.001795882946
0.001795968605
0.001795958691
0.001795944152
0.001795925759
0.001795904613
0.001795882264
0.001795860839
0.001795843164
0.001795832831
0.00179592847
0.001795917424
0.001795901247
0.001795880807
0.001795857333
0.001795832538
0.001795808772
0.001795789154
0.001795777663
0.001795883998
0.001795871762
0.001795853857
0.001795831248
0.001795805292
0.001795777878
0.001795751593
0.001795729878
0.001795717133
0.001795835024
0.001795821527
0.001795801782
0.001795776854
0.001795748234
0.001795717996
0.001795688984
0.001795664994
0.001795650887
0.001795781349
0.001795766502
0.001795744781
0.001795717355
0.001795685855
0.001795652555
0.001795620581
0.001795594114
0.001795578521
0.00179572273
0.001795706426
0.00179568257
0.001795652437
0.001795617809
0.001795581176
0.001795545972
0.001795516802
0.001795499586
0.001795658879
0.001795640993
0.001795614817
0.001795581737
0.001795543699
0.001795503428
0.001795464694
0.001795432566
0.001795413572
0.00179558946
0.001795569852
0.001795541144
0.001795504846
0.00179546308
0.001795418828
0.001795376229
0.001795340859
0.001795319914
0.001795514091
0.001795492599
0.001795461122
0.001795421303
0.001795375455
0.00179532684
0.001795280002
0.001795241074
0.001795217984
0.00179543234
0.001795408785
0.001795374276
0.001795330598
0.001795280273
0.001795226873
0.001795175382
0.001795132544
0.001795107095
0.001795343727
0.001795317911
0.001795280076
0.001795232166
0.001795176931
0.001795118279
0.001795061676
0.001795014542
0.001794986502
0.001795247721
0.001795219425
0.001795177943
0.00179512539
0.001795064766
0.001795000346
0.00179493813
0.001794886278
0.001794855391
0.001795143742
0.001795112726
0.001795067243
0.001795009595
0.001794943056
0.001794872303
0.001794803925
0.001794746896
0.001794712885
0.001795031157
0.001794997156
0.001794947284
0.001794884047
0.001794811016
0.001794733316
0.001794658179
0.001794595472
0.001794558035
0.001794909278
0.001794872004
0.001794817317
0.001794747947
0.001794667797
0.001794582481
0.001794499937
0.001794431011
0.001794389819
0.001794777355
0.001794736492
0.001794676526
0.001794600436
0.001794512486
0.001794418828
0.001794328174
0.00179425244
0.00179420714
0.001794634578
0.001794589782
0.001794524035
0.001794440586
0.0017943441
0.001794241314
0.001794141789
0.00179405861
0.001794008817
0.001794480073
0.001794430975
0.001794358902
0.001794267405
0.001794161583
0.00179404882
0.001793939601
0.001793848289
0.001793793589
0.001794312906
0.001794259103
0.001794180117
0.001794079826
0.001793963808
0.001793840148
0.001793720348
0.001793620161
0.001793560106
0.001794132075
0.001794073135
0.001793986602
0.001793876712
0.001793749566
0.001793614021
0.001793482681
0.00179337282
0.00179330693
0.001793936513
0.001793871969
0.001793777204
0.001793656847
0.001793517571
0.001793369074
0.001793225164
0.001793104771
0.001793032531
0.001793725079
0.001793654429
0.001793550695
0.001793418937
0.001793266453
0.001793103857
0.001792946272
0.001792814425
0.001792735282
0.001793496562
0.001793419264
0.001793305769
0.001793161607
0.001792994756
0.001792816832
0.001792644387
0.001792500102
0.001792413466
0.001793249673
0.001793165146
0.001793041039
0.001792883396
0.001792700938
0.00179250637
0.0017923178
0.001792160028
0.001792065272
0.001792983045
0.001792890667
0.001792755038
0.001792582761
0.001792383371
0.001792170757
0.001791964715
0.00179179234
0.001791688797
0.001792695234
0.001792594339
0.001792446216
0.001792258078
0.001792040344
0.001791808194
0.001791583251
0.001791395093
0.00179128206
0.001792384716
0.001792274597
0.001792112945
0.001791907642
0.001791670069
0.001791416805
0.001791171456
0.001790966275
0.001790843016
0.001792049893
0.001791929799
0.001791753524
0.001791529679
0.00179127069
0.001790994657
0.001790727325
0.001790503827
0.001790369579
0.0017916891
0.00179155824
0.001791366191
0.001791122357
0.001790840305
0.00179053978
0.001790248832
0.001790005684
0.001789859665
0.001791300613
0.001791158161
0.001790949138
0.001790683816
0.001790376998
0.001790050209
0.001789733979
0.001789469836
0.00178931126
0.001790882676
0.001790727778
0.001790500548
0.001790212202
0.00178987889
0.001789524056
0.001789180886
0.001788894423
0.00178872253
0.00179043353
0.001790265324
0.001790018646
0.001789705744
0.001789344231
0.001788959616
0.001788587925
0.001788277905
0.001788092
0.001789951482
0.00178976912
0.001789501784
0.001789162856
0.001788771535
0.001788355553
0.001787953939
0.001787619311
0.001787418838
0.001789434999
0.001789237693
0.001788948593
0.001788582327
0.00178815982
0.001787711184
0.001787278599
0.001786918667
0.001786703317
0.001788882895
0.001788669982
0.001788358222
0.001787963619
0.00178750898
0.00178702695
0.001786562974
0.001786177652
0.001785947542
0.00178829465
0.001788065702
0.00178773077
0.001787307388
0.001786820419
0.001786305186
0.00178581045
0.001785400669
0.001785156616
0.00178767104
0.001787426035
0.001787068068
0.001786616393
0.001786098124
0.00178555139
0.001785028217
0.001784596528
0.001784340461
0.001787015437
0.001786755008
0.001786375183
0.001785897168
0.00178535055
0.001784776361
0.001784229668
0.0017837811
0.001783516648
0.001786336702
0.001786062486
0.001785663553
0.001785163332
0.001784594131
0.00178399991
0.001783438325
0.001782981422
0.001782714625
0.001785655974
0.001785371014
0.001784957894
0.001784442552
0.001783860201
0.001783257616
0.001782694286
0.001782241828
0.001781981674
0.0017850237
0.001784732718
0.001784312748
0.00178379234
0.001783209588
0.00178261372
0.001782065051
0.001781632693
0.001781390239
0.001784562722
0.001784271217
0.001783852344
0.001783336764
0.001782764773
0.001782187194
0.001781664221
0.001781261505
0.001781043433
0.0004199879352
0.0004199879352
0.0004199879352
0.0004199879352
0.0004199879352
0.0004199879352
0.0004199879352
0.0004199879352
0.0004199879352
0.0004199879352
0.0004199879352
0.0004199879352
0.0004199879352
0.0004199879352
0.0004199879352
0.0004199879352
0.0004199879352
0.0004199879352
0.0004199879352
0.0004199879352
0.0004199879352
0.0004199879352
0.0004199879352
0.0004199879352
0.0004199879352
0.0004199879352
0.0004199879352
0.0004199879352
0.0004199879352
0.0004199879352
0.0004199879352
0.0004199879353
0.0004199879353
0.0004199879354
0.0004199879356
0.0004199879359
0.0004199879364
0.0004199879374
0.0004199879389
0.0004199879416
0.0004199879461
0.0004199879537
0.0004199879664
0.0004199879878
0.0004199880233
0.0004199880818
0.0004199881775
0.0004199883328
0.0004199885825
0.0004199889801
0.0004199896075
0.0004199905873
0.0004199921024
0.0004199944221
0.0004199979383
0.0004200032171
0.0004200110683
0.0004200226417
0.000420039559
0.0004200640905
0.0004200993944
0.0004201498321
0.0004202213862
0.0004203222098
0.0004204633465
0.0004206596569
0.0004209309936
0.0004213036734
0.0004218122951
0.0004225019494
0.000423430859
0.0004246734602
0.0004263239009
0.0004284998619
0.0004313465196
0.0004350403529
0.0004397923672
0.0004458501607
0.0004534977225
0.0004630522999
0.0004748580399
0.0004892751084
0.0005066639101
0.0005273642786
0.0005516701805
0.0005798011877
0.0006118728176
0.0006478687144
0.0006876184824
0.0007307862622
0.0007768857575
0.0008252996131
0.0008752965484
0.0009260712647
0.0009767926328
0.001026654017
0.001074919592
0.001120961481
0.001164284342
0.001204536283
0.001241507106
0.001275116345
0.001305394388
0.001332460031
0.001356497356
0.001377734077
0.001396422715
0.001412825225
0.001427201206
0.001439799438
0.001450852255
0.001460572243
0.001469150715
0.001476757505
0.001483541675
0.0014896328
0.001495142597
0.001500166715
0.00150478655
0.00150907101
0.001513078165
0.001516856756
0.001520447561
0.00152388459
0.001527196136
0.001530405687
0.001533532708
0.001536593303
0.001539600782
0.001542566133
0.001545498424
0.001548405132
0.001551292424
0.001554165384
0.001557028206
0.001559884349
0.001562736668
0.00156558752
0.001568438853
0.001571292273
0.001574149111
0.001577010464
0.001579877241
0.001582750187
0.00158562992
0.001588516945
0.001591411674
0.001594314443
0.001597225521
0.001600145122
0.001603073414
0.001606010523
0.00160895654
0.001611911528
0.001614875523
0.001617848538
0.001620830567
0.001623821587
0.001626821559
0.001629830431
0.001632848138
0.001635874606
0.00163890975
0.001641953475
0.00164500568
0.001648066256
0.001651135085
0.001654212043
0.001657296999
0.001660389814
0.001663490341
0.001666598425
0.001669713901
0.001672836588
0.001675966295
0.00167910281
0.001682245896
0.001685395288
0.001688550684
0.001691711733
0.001694878024
0.00169804907
0.00170122429
0.001704402986
0.001707584316
0.001710767264
0.001713950607
0.001717132873
0.001720312299
0.00172348679
0.001726653867
0.001729810626
0.001732953687
0.001736079161
0.001739182612
0.001742259041
0.00174530287
0.001748307961
0.001751267638
0.001754174741
0.001757021705
0.001759800659
0.001762503555
0.001765122316
0.001767649004
0.001770076003
0.001772396203
0.001774603193
0.00177669143
0.001778656398
0.001780494732
0.001782204315
0.001783784329
0.00178523524
0.001786558756
0.001787757806
0.001788836462
0.001789799831
0.001790653918
0.00179140547
0.001792061915
0.001792631712
0.001793123688
0.001793546647
0.001793909111
0.001794219137
0.001794484185
0.001794711034
0.001794905752
0.001795073705
0.001795219604
0.00179534755
0.001795460849
0.001795561304
0.001795650363
0.001795729254
0.001795799044
0.001795860655
0.001795914877
0.00179596237
0.001796003686
0.001796039273
0.001796069502
0.001796094678
0.001796115058
0.001796130858
0.001796142265
0.001796149442
0.001796152527
0.001796151663
0.001796146969
0.001796138518
0.001796126344
0.001796110443
0.001796090784
0.001796067308
0.00179603994
0.001796008593
0.00179597317
0.001795933563
0.001795889644
0.001795841257
0.001795788208
0.001795730263
0.001795667143
0.001795598521
0.001795524023
0.001795443226
0.001795355658
0.001795260799
0.001795158078
0.001795046873
0.001794926508
0.001794796245
0.001794655288
0.001794502775
0.001794337786
0.001794159335
0.001793966368
0.001793757764
0.001793532327
0.001793288788
0.0017930258
0.001792741938
0.001792435699
0.001792105505
0.001791749709
0.001791366605
0.001790954449
0.00179051149
0.001790036028
0.001789526507
0.001788981685
0.001788400937
0.001787784865
0.001787136548
0.001786464397
0.001785788922
0.001785159791
0.001784699453
)
;

boundaryField
{
    outlet
    {
        type            inletOutlet;
        inletValue      uniform 0.0004199879352;
        value           nonuniform List<scalar> 10(0.001784562722 0.001784271217 0.001783852344 0.001783336764 0.001782764773 0.001782187194 0.001781664221 0.001781261505 0.001781043433 0.001784699453);
    }
    inlet
    {
        type            fixedValue;
        value           uniform 0.0004199879352;
    }
    front
    {
        type            wedge;
    }
    wall
    {
        type            zeroGradient;
    }
    back
    {
        type            wedge;
    }
}


// ************************************************************************* //
