/*--------------------------------*- C++ -*----------------------------------*\
| =========                 |                                                 |
| \\      /  F ield         | OpenFOAM: The Open Source CFD Toolbox           |
|  \\    /   O peration     | Version:  2212                                  |
|   \\  /    A nd           | Website:  www.openfoam.com                      |
|    \\/     M anipulation  |                                                 |
\*---------------------------------------------------------------------------*/
FoamFile
{
    version     2.0;
    format      ascii;
    arch        "LSB;label=32;scalar=64";
    class       volScalarField;
    location    "20.00000000";
    object      A1C2H;
}
// * * * * * * * * * * * * * * * * * * * * * * * * * * * * * * * * * * * * * //

dimensions      [0 0 0 0 0 0 0];

internalField   nonuniform List<scalar> 
3000
(
1.333135543e-32
1.653655542e-32
2.166123827e-32
2.901111577e-32
3.889978221e-32
5.144070184e-32
6.614867498e-32
8.126673472e-32
9.279549514e-32
5.618026006e-32
7.020193513e-32
9.261949519e-32
1.248361417e-31
1.685389597e-31
2.254115815e-31
2.965278044e-31
3.806275637e-31
4.631799486e-31
1.44766897e-31
1.831905902e-31
2.452744863e-31
3.362348053e-31
4.635503663e-31
6.36987533e-31
8.666401481e-31
1.15375785e-30
1.435867264e-30
3.163328213e-31
4.068396084e-31
5.559462936e-31
7.810411017e-31
1.108594577e-30
1.574570261e-30
2.216382463e-30
3.031262146e-30
3.800794175e-30
6.432898578e-31
8.438928019e-31
1.182453646e-30
1.71006773e-30
2.505397052e-30
3.674296788e-30
5.314207059e-30
7.37024151e-30
9.217659814e-30
1.266997581e-30
1.698583166e-30
2.445221198e-30
3.643285984e-30
5.501816398e-30
8.291667165e-30
1.22255539e-29
1.705780284e-29
2.12189616e-29
2.470511719e-30
3.386243177e-30
5.006627166e-30
7.671426492e-30
1.189468161e-29
1.831317138e-29
2.734763145e-29
3.822921611e-29
4.723382571e-29
4.82147635e-30
6.749441217e-30
1.022758898e-29
1.606088605e-29
2.544933287e-29
3.982137587e-29
5.999250134e-29
8.401996965e-29
1.03909013e-28
9.4677612e-30
1.350882031e-29
2.091486313e-29
3.352253597e-29
5.402556126e-29
8.550504073e-29
1.294419151e-28
1.810867656e-28
2.229425443e-28
1.873747747e-29
2.718138162e-29
4.285157291e-29
6.982830059e-29
1.140071801e-28
1.81907718e-28
2.762013287e-28
3.859842814e-28
4.739992147e-28
3.736972862e-29
5.497289836e-29
8.796326899e-29
1.452346025e-28
2.394739565e-28
3.843321672e-28
5.846550334e-28
8.162584422e-28
1.000553491e-27
7.503127494e-29
1.116583576e-28
1.808300692e-28
3.016684133e-28
5.011625316e-28
8.077232407e-28
1.23022067e-27
1.716113565e-27
2.100611558e-27
1.514754737e-28
2.275598113e-28
3.721109342e-28
6.258320235e-28
1.045674775e-27
1.69055467e-27
2.576883605e-27
3.592076137e-27
4.3920492e-27
3.071165669e-28
4.649338446e-28
7.661796283e-28
1.296855622e-27
2.176450405e-27
3.526866178e-27
5.378803113e-27
7.493283585e-27
9.154085261e-27
6.247203968e-28
9.516531367e-28
1.578030906e-27
2.684557174e-27
4.520869175e-27
7.338819583e-27
1.119642693e-26
1.558987174e-26
1.903177711e-26
1.273907982e-27
1.950421759e-27
3.250403283e-27
5.551924962e-27
9.374866893e-27
1.523898743e-26
2.325489717e-26
3.236567398e-26
3.948821063e-26
2.602490317e-27
4.001025293e-27
6.694802164e-27
1.147220255e-26
1.941318384e-26
3.158939305e-26
4.821320945e-26
6.707570834e-26
8.179599512e-26
5.323928053e-27
8.212635295e-27
1.378731134e-26
2.368756599e-26
4.015223273e-26
6.538891232e-26
9.98074913e-26
1.388047084e-25
1.69192191e-25
1.090206609e-26
1.68643443e-26
2.83881649e-26
4.887597475e-26
8.296095284e-26
1.351866095e-25
2.063463464e-25
2.868690207e-25
3.495295511e-25
2.234056999e-26
3.463851037e-26
5.843729746e-26
1.007843553e-25
1.712528814e-25
2.79184401e-25
4.261152734e-25
5.921810927e-25
7.212464081e-25
4.580213546e-26
7.115249732e-26
1.202586854e-25
2.076936291e-25
3.532083591e-25
5.759864325e-25
8.789949295e-25
1.221067099e-24
1.486595096e-24
9.392739255e-26
1.461517508e-25
2.473941119e-25
4.277423002e-25
7.27884655e-25
1.187158813e-24
1.811260753e-24
2.514980969e-24
3.060533902e-24
1.92632279e-25
3.001533864e-25
5.087176201e-25
8.803521223e-25
1.498743918e-24
2.444405228e-24
3.728145175e-24
5.173801297e-24
6.292984592e-24
3.950070618e-25
6.162198608e-25
1.045498876e-24
1.810515565e-24
3.083103162e-24
5.027704802e-24
7.664421841e-24
1.062939713e-23
1.292121728e-23
8.096993953e-25
1.264447284e-24
2.147149374e-24
3.720147863e-24
6.335578941e-24
1.032844634e-23
1.573507745e-23
2.180455815e-23
2.64875736e-23
1.658768956e-24
2.592696574e-24
4.405723681e-24
7.635892854e-24
1.300315044e-23
2.118768205e-23
3.225231458e-23
4.464904641e-23
5.419372945e-23
3.395309827e-24
5.311115515e-24
9.030086638e-24
1.56532896e-23
2.66486434e-23
4.339165842e-23
6.598290027e-23
9.123525978e-23
1.106295092e-22
6.941932229e-24
1.086636624e-23
1.848291125e-23
3.203906175e-23
5.451814046e-23
8.868842083e-23
1.346880883e-22
1.859650327e-22
2.252310861e-22
1.41726795e-23
2.21979545e-23
3.77674648e-23
6.545504488e-23
1.113007453e-22
1.808438386e-22
2.742055458e-22
3.779411007e-22
4.571053992e-22
2.888322006e-23
4.526080293e-23
7.701611457e-23
1.334245807e-22
2.266601349e-22
3.677313819e-22
5.56506409e-22
7.6546248e-22
9.2428973e-22
5.873575757e-23
9.20766832e-23
1.566725144e-22
2.712560533e-22
4.602359976e-22
7.453160228e-22
1.125349654e-21
1.544164941e-21
1.861054187e-21
1.191396655e-22
1.868193033e-22
3.178108651e-22
5.497676437e-22
9.313330946e-22
1.504899949e-21
2.266145514e-21
3.100858867e-21
3.729172158e-21
2.409548618e-22
3.778827833e-22
6.425632568e-22
1.11026709e-21
1.877263633e-21
3.02547362e-21
4.541708636e-21
6.194826242e-21
7.432015852e-21
4.856995487e-22
7.616751813e-22
1.294295923e-21
2.233098262e-21
3.767113922e-21
6.052722863e-21
9.053675428e-21
1.23047901e-20
1.472252174e-20
9.753974257e-22
1.52923095e-21
2.596079534e-21
4.470945929e-21
7.521749945e-21
1.204289815e-20
1.794112121e-20
2.428638163e-20
2.897276128e-20
1.950797509e-21
3.056913439e-21
5.182822698e-21
8.905981855e-21
1.493552911e-20
2.381714545e-20
3.532215305e-20
4.760522217e-20
5.661064372e-20
3.884213953e-21
6.08167063e-21
1.029392978e-20
1.764168146e-20
2.947719642e-20
4.679437925e-20
6.905384271e-20
9.262548362e-20
1.097740795e-19
7.696795617e-21
1.203719698e-20
2.03317362e-20
3.473514747e-20
5.779640852e-20
9.12908591e-20
1.339876181e-19
1.788129781e-19
2.11163248e-19
1.517407647e-20
2.369390714e-20
3.991822137e-20
6.794841545e-20
1.125299827e-19
1.76765766e-19
2.579284293e-19
3.423745325e-19
4.028205639e-19
2.975538182e-20
4.636801272e-20
7.787763396e-20
1.320077473e-19
2.174778515e-19
3.395800136e-19
4.924318044e-19
6.500026708e-19
7.618596352e-19
5.802322413e-20
9.01881967e-20
1.509244464e-19
2.546130183e-19
4.170564e-19
6.470337768e-19
9.321716396e-19
1.22336362e-18
1.428373848e-18
1.124942148e-19
1.743121545e-19
2.904645831e-19
4.874152321e-19
7.9339771e-19
1.222516692e-18
1.749349304e-18
2.282319499e-18
2.654505812e-18
2.168131657e-19
3.347098916e-19
5.550311918e-19
9.258869763e-19
1.496988749e-18
2.290146269e-18
3.254267377e-18
4.220544518e-18
4.889982944e-18
4.153539428e-19
6.384210012e-19
1.052832085e-18
1.744970867e-18
2.80107596e-18
4.253289042e-18
6.001044691e-18
7.736719116e-18
8.930022769e-18
7.908453685e-19
1.209473411e-18
1.982295048e-18
3.262485702e-18
5.197435396e-18
7.831519772e-18
1.09706233e-17
1.406039496e-17
1.616917518e-17
1.496510835e-18
2.275651002e-18
3.704395178e-18
6.050975477e-18
9.563581167e-18
1.429762244e-17
1.988519392e-17
2.533805964e-17
2.903396153e-17
2.814275825e-18
4.25226314e-18
6.870680106e-18
1.113346244e-17
1.745245032e-17
2.588468159e-17
3.574463742e-17
4.528864974e-17
5.17155275e-17
5.259472262e-18
7.891113848e-18
1.264819651e-17
2.032348844e-17
3.159064178e-17
4.648052545e-17
6.373581965e-17
8.030974737e-17
9.140302501e-17
9.767903125e-18
1.454355049e-17
2.311182642e-17
3.681161447e-17
5.672952702e-17
8.280475435e-17
1.127646215e-16
1.413337287e-16
1.603486254e-16
1.802777821e-17
2.662174518e-17
4.192390887e-17
6.617020397e-17
1.010898394e-16
1.463917291e-16
1.98022705e-16
2.469258769e-16
2.793074636e-16
3.306470572e-17
4.840212149e-17
7.550367701e-17
1.180637568e-16
1.78798663e-16
2.569123909e-16
3.45265125e-16
4.284299856e-16
4.832409854e-16
6.026565041e-17
8.741544578e-17
1.35026669e-16
2.091424089e-16
3.139766785e-16
4.477085541e-16
5.979029477e-16
7.384742664e-16
8.307310178e-16
1.091591353e-16
1.568365096e-16
2.398224208e-16
3.679086367e-16
5.47554197e-16
7.749632224e-16
1.028704371e-15
1.264964997e-15
1.419452782e-15
1.964890591e-16
2.795658884e-16
4.231156571e-16
6.428601217e-16
9.485737731e-16
1.332793156e-15
1.758976972e-15
2.154012006e-15
2.411505651e-15
3.514860802e-16
4.951540443e-16
7.416060014e-16
1.115888143e-15
1.632694181e-15
2.277975667e-15
2.989966612e-15
3.647327702e-15
4.074686426e-15
6.246982231e-16
8.712535366e-16
1.291281384e-15
1.924431088e-15
2.792613887e-15
3.870217591e-15
5.053703774e-15
6.142756524e-15
6.849312915e-15
1.102844463e-15
1.522798429e-15
2.233565542e-15
3.297556926e-15
4.747231864e-15
6.537071941e-15
8.494901273e-15
1.029168682e-14
1.145575066e-14
1.933461847e-15
2.643462868e-15
3.837811545e-15
5.614257456e-15
8.020651296e-15
1.097783111e-14
1.420171032e-14
1.71544675e-14
1.906599595e-14
3.365284657e-15
4.556783125e-15
6.549761591e-15
9.496643874e-15
1.346776514e-14
1.832805604e-14
2.361237198e-14
2.844586304e-14
3.157469298e-14
5.813617353e-15
7.798244295e-15
1.110053307e-14
1.59572181e-14
2.247159299e-14
3.041711824e-14
3.90379811e-14
4.691806299e-14
5.20219492e-14
9.964790942e-15
1.324540009e-14
1.867792772e-14
2.662865822e-14
3.724941063e-14
5.016608907e-14
6.415983048e-14
7.694999106e-14
8.52434866e-14
1.69407779e-14
2.232133882e-14
3.119207332e-14
4.411747943e-14
6.13210631e-14
8.219363877e-14
1.047842698e-13
1.254397695e-13
1.38854047e-13
2.855491653e-14
3.730834466e-14
5.168151346e-14
7.254052624e-14
1.002147695e-13
1.337244075e-13
1.699697176e-13
2.031330309e-13
2.247082693e-13
4.770338306e-14
6.182441924e-14
8.492492897e-14
1.183266494e-13
1.625143429e-13
2.159286022e-13
2.736801874e-13
3.265638104e-13
3.610297086e-13
7.895567416e-14
1.015366014e-13
1.383489297e-13
1.913963446e-13
2.613881811e-13
3.458642309e-13
4.371679389e-13
5.208371078e-13
5.754531016e-13
1.294322838e-13
1.652131447e-13
2.233551904e-13
3.068708932e-13
4.167857359e-13
5.492451619e-13
6.923449695e-13
8.23542818e-13
9.092871145e-13
2.100906114e-13
2.662532117e-13
3.572321919e-13
4.875110611e-13
6.585425756e-13
8.643198774e-13
1.086469469e-12
1.290159816e-12
1.423374814e-12
3.375828634e-13
4.248797258e-13
5.658697596e-13
7.671452755e-13
1.03070197e-12
1.347218523e-12
1.688550131e-12
2.001387746e-12
2.206008379e-12
5.36904564e-13
6.712405506e-13
8.875605121e-13
1.195420324e-12
1.597441016e-12
2.079211613e-12
2.597960715e-12
3.072935454e-12
3.383446649e-12
8.45121806e-13
1.049737731e-12
1.378253673e-12
1.844296517e-12
2.451085469e-12
3.176425913e-12
3.955863816e-12
4.668404576e-12
5.133695296e-12
1.316552381e-12
1.624996982e-12
2.11872651e-12
2.816817367e-12
3.722813797e-12
4.802686889e-12
5.960173417e-12
7.016043112e-12
7.704349586e-12
2.029883677e-12
2.490003421e-12
3.224260824e-12
4.258815736e-12
5.596793294e-12
7.186310401e-12
8.884950316e-12
1.043031879e-11
1.143548165e-11
3.097842575e-12
3.77706896e-12
4.85756126e-12
6.374379966e-12
8.328667063e-12
1.064185895e-11
1.310533528e-11
1.533948986e-11
1.678879357e-11
4.680193856e-12
5.67246636e-12
7.24583407e-12
9.446101638e-12
1.226952949e-11
1.559812138e-11
1.91293955e-11
2.232064694e-11
2.438456986e-11
7.001037753e-12
8.435769451e-12
1.070316542e-11
1.386136923e-11
1.78967992e-11
2.263388086e-11
2.763860319e-11
3.214407655e-11
3.504836189e-11
1.03716082e-11
1.242518305e-11
1.565960316e-11
2.014626611e-11
2.585373036e-11
3.252341259e-11
3.953908861e-11
4.582926172e-11
4.986982632e-11
1.522004439e-11
1.81304339e-11
2.269866009e-11
2.900898155e-11
3.699969935e-11
4.629410082e-11
5.602631091e-11
6.471538079e-11
7.02767128e-11
2.212992232e-11
2.621512752e-11
3.260532073e-11
4.13950484e-11
5.247385817e-11
6.529907378e-11
7.866635083e-11
9.054976778e-11
9.812762212e-11
3.188968897e-11
3.757085323e-11
4.642704208e-11
5.85571701e-11
7.377524102e-11
9.13082955e-11
1.094976102e-10
1.255984081e-10
1.358277813e-10
4.555553508e-11
5.338573166e-11
6.555067891e-11
8.21428706e-11
1.028629122e-10
1.266220809e-10
1.511572457e-10
1.727830903e-10
1.864726303e-10
6.453066059e-11
7.523053094e-11
9.17987103e-11
1.143036605e-10
1.422802069e-10
1.742114543e-10
2.070370954e-10
2.358502414e-10
2.540243995e-10
9.066431447e-11
1.051659063e-10
1.275485701e-10
1.578298228e-10
1.953074955e-10
2.378900998e-10
2.814741236e-10
3.19576674e-10
3.435270236e-10
1.263744051e-10
1.458747203e-10
1.758792605e-10
2.16315254e-10
2.661481658e-10
3.225228312e-10
3.799804936e-10
4.300174839e-10
4.613646969e-10
1.747978679e-10
2.008237664e-10
2.407497507e-10
2.94357057e-10
3.601526988e-10
4.342755963e-10
5.095183819e-10
5.7480127e-10
6.155692778e-10
2.399733438e-10
2.74459559e-10
3.272139624e-10
3.977948289e-10
4.840859069e-10
5.809121872e-10
6.788247802e-10
7.63477992e-10
8.161819114e-10
3.270611128e-10
3.724432305e-10
4.416775137e-10
5.33994968e-10
6.464428252e-10
7.721433264e-10
8.987921612e-10
1.007925546e-09
1.075675108e-09
4.426057167e-10
5.019301054e-10
5.922019947e-10
7.121860504e-10
8.578196693e-10
1.020035004e-09
1.182912409e-09
1.322822985e-09
1.409443566e-09
5.948474504e-10
6.719003699e-10
7.888635817e-10
9.438526478e-10
1.131347996e-09
1.339485147e-09
1.547794161e-09
1.726201516e-09
1.836375538e-09
7.940900564e-10
8.935486071e-10
1.044174464e-09
1.243197072e-09
1.483202882e-09
1.748781039e-09
2.013767663e-09
2.240088911e-09
2.379521315e-09
1.053133691e-09
1.180741964e-09
1.373577958e-09
1.627681455e-09
1.933199454e-09
2.270254018e-09
2.605595915e-09
2.891267973e-09
3.066880641e-09
1.387784591e-09
1.550559354e-09
1.796031196e-09
2.118666022e-09
2.505495997e-09
2.931052189e-09
3.35331517e-09
3.712173991e-09
3.932334991e-09
1.817455734e-09
2.023927138e-09
2.334692521e-09
2.742162778e-09
3.229425094e-09
3.764054775e-09
4.293230207e-09
4.741957766e-09
5.01675185e-09
2.365875796e-09
2.626369678e-09
3.017733451e-09
3.529726071e-09
4.140475738e-09
4.80895201e-09
5.469088579e-09
6.027738157e-09
6.369284536e-09
3.061926126e-09
3.388895173e-09
3.879296343e-09
4.519501583e-09
5.281447665e-09
6.113510636e-09
6.933451902e-09
7.626059956e-09
8.048881672e-09
3.940626467e-09
4.349037336e-09
4.960617637e-09
5.757452024e-09
6.703793402e-09
7.735036469e-09
8.749270829e-09
9.604559001e-09
1.012600513e-08
5.04428868e-09
5.552070734e-09
6.311331901e-09
7.298770648e-09
8.469153329e-09
9.742032142e-09
1.099165404e-08
1.2043818e-08
1.268453558e-08
6.423852937e-09
7.0524113e-09
7.990963358e-09
9.209482368e-09
1.065107481e-08
1.221603106e-08
1.374980225e-08
1.503937547e-08
1.582382278e-08
8.140412207e-09
8.915203342e-09
1.007059924e-08
1.156821757e-08
1.333688937e-08
1.525356959e-08
1.71290577e-08
1.870382904e-08
1.966081659e-08
1.026691844e-08
1.121808062e-08
1.263472395e-08
1.446812673e-08
1.662970364e-08
1.896824067e-08
2.125300122e-08
2.31689564e-08
2.433219689e-08
1.289004834e-08
1.405307281e-08
1.578317603e-08
1.801888636e-08
2.065044262e-08
2.349275573e-08
2.626551343e-08
2.85877632e-08
2.999640785e-08
1.611218911e-08
1.752861121e-08
1.963317264e-08
2.234873094e-08
2.553986917e-08
2.898092934e-08
3.233270752e-08
3.513636041e-08
3.683549672e-08
2.005348739e-08
2.177157095e-08
2.432133131e-08
2.76064319e-08
3.146049343e-08
3.560949453e-08
3.964463723e-08
4.301557277e-08
4.505665782e-08
2.485388855e-08
2.692927275e-08
3.000560657e-08
3.396313655e-08
3.859828119e-08
4.35796555e-08
4.841668688e-08
5.245218598e-08
5.489339068e-08
3.067508166e-08
3.317135711e-08
3.686705217e-08
4.161397622e-08
4.716407069e-08
5.311828973e-08
5.889055875e-08
6.36997519e-08
6.660619392e-08
3.770225822e-08
4.069143906e-08
4.511131793e-08
5.077935523e-08
5.739461421e-08
6.447872182e-08
7.133478719e-08
7.703888728e-08
8.048273469e-08
4.614559123e-08
4.970845262e-08
5.496979458e-08
6.170584032e-08
6.955317217e-08
7.794100632e-08
8.60447265e-08
9.277702145e-08
9.68374538e-08
5.624134624e-08
6.046760083e-08
6.67003295e-08
7.466658295e-08
8.392960346e-08
9.381167564e-08
1.033419802e-07
1.112475701e-07
1.160105897e-07
6.825254609e-08
7.324083961e-08
8.058745079e-08
8.996122355e-08
1.008399146e-07
1.124229294e-07
1.235732613e-07
1.328085355e-07
1.383666276e-07
8.246912684e-08
8.832684029e-08
9.694205533e-08
1.079152466e-07
1.206252512e-07
1.341312637e-07
1.471086952e-07
1.578405551e-07
1.642922025e-07
9.920754146e-08
1.060503953e-07
1.161005366e-07
1.288787758e-07
1.436503353e-07
1.593155573e-07
1.74339596e-07
1.867444411e-07
1.941935085e-07
1.188097892e-07
1.267612532e-07
1.384233495e-07
1.532248194e-07
1.703013707e-07
1.883746487e-07
2.056757528e-07
2.199382437e-07
2.284932317e-07
1.416418726e-07
1.508323928e-07
1.642930321e-07
1.813469968e-07
2.009834616e-07
2.217244566e-07
2.41542287e-07
2.578538875e-07
2.676270122e-07
1.680917057e-07
1.78657767e-07
1.941117261e-07
2.136568036e-07
2.361176153e-07
2.597947465e-07
2.823762386e-07
3.009336736e-07
3.120399889e-07
1.985665202e-07
2.106495694e-07
2.282982566e-07
2.505804797e-07
2.761374e-07
3.030255912e-07
3.286228385e-07
3.496263549e-07
3.621827965e-07
2.334898337e-07
2.472350932e-07
2.672848464e-07
2.925555682e-07
3.214853576e-07
3.518636756e-07
3.807317748e-07
4.043834377e-07
4.185077511e-07
2.732980597e-07
2.888532632e-07
3.115135502e-07
3.400272457e-07
3.726092343e-07
4.067584163e-07
4.391531742e-07
4.656551675e-07
4.814649155e-07
3.184368486e-07
3.359509346e-07
3.614325049e-07
3.934445365e-07
4.299581941e-07
4.681582291e-07
5.043339877e-07
5.338868038e-07
5.514983532e-07
3.693572551e-07
3.889790478e-07
4.174920756e-07
4.532564567e-07
4.939789277e-07
5.365065853e-07
5.767141612e-07
6.095149672e-07
6.290425363e-07
4.265118281e-07
4.483887393e-07
4.801410033e-07
5.199081901e-07
5.651119214e-07
6.122386296e-07
6.567232072e-07
6.929642755e-07
7.145190384e-07
4.90350719e-07
5.146274967e-07
5.498226062e-07
5.938373958e-07
6.437881138e-07
6.957777394e-07
7.447770133e-07
7.846442804e-07
8.083335484e-07
5.61317891e-07
5.881354147e-07
6.269711409e-07
6.754709442e-07
7.30425557e-07
7.875324898e-07
8.41274973e-07
8.849467516e-07
9.108732462e-07
6.398474804e-07
6.693416405e-07
7.120086351e-07
7.652216779e-07
8.254265007e-07
8.878939401e-07
9.465974802e-07
9.942433402e-07
1.022504565e-06
7.263603623e-07
7.586613389e-07
8.05341765e-07
8.634856076e-07
9.291748072e-07
9.972332908e-07
1.06110381e-06
1.112883638e-06
1.143571357e-06
8.212614413e-07
8.5649277e-07
9.073591977e-07
9.706394601e-07
1.042033747e-06
1.115899932e-06
1.185130399e-06
1.241193641e-06
1.27439346e-06
9.249369179e-07
9.632148119e-07
1.018429297e-06
1.087038616e-06
1.164344193e-06
1.244219889e-06
1.318989519e-06
1.379474606e-06
1.415265665e-06
1.037752049e-06
1.079184858e-06
1.138898218e-06
1.213015439e-06
1.296423198e-06
1.382494659e-06
1.462968345e-06
1.52800229e-06
1.566457051e-06
1.160049314e-06
1.204737119e-06
1.269088403e-06
1.348878e-06
1.438562976e-06
1.531000425e-06
1.617328377e-06
1.687026548e-06
1.728210679e-06
1.292146978e-06
1.340181323e-06
1.409297463e-06
1.494909185e-06
1.591030231e-06
1.689987621e-06
1.782305213e-06
1.856771248e-06
1.900743599e-06
1.434338066e-06
1.485801808e-06
1.559797452e-06
1.651366161e-06
1.754065848e-06
1.859680824e-06
1.958108621e-06
2.037434492e-06
2.084247146e-06
1.586889705e-06
1.641856983e-06
1.720834476e-06
1.818480182e-06
1.927884892e-06
2.040278941e-06
2.144922887e-06
2.229189083e-06
2.278887474e-06
1.750042823e-06
1.808579131e-06
1.892628642e-06
1.996456696e-06
2.112676879e-06
2.231955651e-06
2.342907399e-06
2.432183216e-06
2.484806313e-06
1.92401217e-06
1.986174515e-06
2.075374289e-06
2.18547572e-06
2.308606314e-06
2.43486007e-06
2.552197433e-06
2.646541351e-06
2.702121887e-06
2.108986627e-06
2.17482377e-06
2.269240482e-06
2.385692456e-06
2.515813414e-06
2.649117603e-06
2.772905099e-06
2.872365234e-06
2.930929973e-06
2.30512976e-06
2.374682517e-06
2.474371715e-06
2.597238089e-06
2.73441502e-06
2.874830938e-06
3.005120419e-06
3.10973503e-06
3.171305072e-06
2.512580592e-06
2.585882188e-06
2.690888802e-06
2.820220764e-06
2.964505644e-06
3.112081168e-06
3.248912501e-06
3.35871054e-06
3.42330164e-06
2.731454544e-06
2.808531006e-06
2.918889913e-06
3.05472667e-06
3.206158613e-06
3.360928992e-06
3.504330783e-06
3.61933247e-06
3.686955378e-06
2.961844516e-06
3.042715095e-06
3.158451719e-06
3.300821235e-06
3.459427305e-06
3.621415972e-06
3.771406315e-06
3.891623737e-06
3.962284541e-06
3.203822074e-06
3.288499687e-06
3.409630625e-06
3.558550375e-06
3.724346417e-06
3.893565828e-06
4.050153066e-06
4.175590773e-06
4.24929125e-06
3.457438713e-06
3.545930392e-06
3.672464048e-06
3.827941791e-06
4.00093327e-06
4.177385739e-06
4.340569226e-06
4.471224826e-06
4.547962788e-06
3.722727167e-06
3.81503451e-06
3.946971732e-06
4.109006276e-06
4.28918911e-06
4.472867644e-06
4.642638488e-06
4.77850324e-06
4.85827287e-06
3.999702733e-06
4.095822354e-06
4.233157065e-06
4.401739022e-06
4.589100403e-06
4.779989509e-06
4.956331308e-06
5.097390686e-06
5.18018287e-06
4.288364611e-06
4.388288578e-06
4.531008387e-06
4.70612091e-06
4.900640097e-06
5.098716571e-06
5.281606114e-06
5.427840359e-06
5.513642997e-06
4.588697219e-06
4.692413474e-06
4.840500273e-06
5.022119766e-06
5.223768849e-06
5.429002526e-06
5.618410467e-06
5.769795112e-06
5.858593424e-06
4.900671477e-06
5.008164246e-06
5.161594776e-06
5.349691569e-06
5.558436197e-06
5.770790671e-06
5.966682171e-06
6.123188534e-06
6.214965342e-06
5.224246052e-06
5.33549623e-06
5.494242621e-06
5.688781613e-06
5.904581688e-06
6.124014984e-06
6.326350311e-06
6.487945965e-06
6.582681963e-06
5.559368554e-06
5.67435407e-06
5.838384348e-06
6.039325613e-06
6.26213593e-06
6.488601143e-06
6.697336239e-06
6.863985449e-06
6.961659449e-06
5.905976666e-06
6.024672823e-06
6.193951388e-06
6.40125074e-06
6.631021597e-06
6.864467482e-06
7.079554487e-06
7.251218614e-06
7.351807783e-06
6.26399922e-06
6.386379016e-06
6.560867082e-06
6.7744766e-06
7.011154357e-06
7.251525879e-06
7.472913619e-06
7.649551497e-06
7.753031571e-06
6.6333572e-06
6.759391621e-06
6.93904763e-06
7.158916143e-06
7.402443743e-06
7.64968258e-06
7.877317015e-06
8.0588853e-06
8.165230778e-06
7.013964684e-06
7.143622976e-06
7.328402973e-06
7.554476509e-06
7.804793952e-06
8.058838964e-06
8.292663599e-06
8.479117082e-06
8.588301414e-06
7.405729716e-06
7.538979633e-06
7.728837613e-06
7.961059807e-06
8.218104588e-06
8.478892238e-06
8.718848501e-06
8.9101404e-06
9.022136147e-06
7.808555109e-06
7.945363143e-06
8.140251366e-06
8.378563832e-06
8.642271338e-06
8.909736082e-06
9.155763662e-06
9.351845885e-06
9.46662487e-06
8.22233919e-06
8.362670774e-06
8.56254005e-06
8.806882726e-06
9.077186595e-06
9.351261229e-06
9.60329839e-06
9.804121772e-06
9.921655218e-06
8.646976475e-06
8.790796173e-06
8.995596125e-06
9.245907569e-06
9.522740018e-06
9.803355998e-06
1.006133985e-05
1.026685437e-05
1.038711303e-05
9.082358288e-06
9.22962996e-06
9.439309256e-06
9.695526932e-06
9.978819046e-06
1.026590677e-05
1.052977354e-05
1.073992851e-05
1.086288275e-05
9.528373324e-06
9.679060283e-06
9.893566844e-06
1.015562736e-05
1.044530936e-05
1.073879843e-05
1.100848366e-05
1.12232279e-05
1.134884783e-05
9.984908158e-06
1.01389733e-05
1.035825449e-05
1.062609383e-05
1.09220953e-05
1.122191473e-05
1.14973535e-05
1.171663551e-05
1.184489104e-05
1.04518477e-05
1.060925363e-05
1.083325642e-05
1.110681013e-05
1.140906024e-05
1.171513868e-05
1.199626578e-05
1.222003383e-05
1.235089479e-05
1.092907562e-05
1.108978474e-05
1.131845586e-05
1.159765924e-05
1.190608691e-05
1.221835281e-05
1.250510288e-05
1.273330518e-05
1.286674137e-05
1.141647468e-05
1.158044931e-05
1.181373539e-05
1.209852361e-05
1.241305768e-05
1.273143948e-05
1.302374717e-05
1.325633195e-05
1.339231317e-05
1.191392711e-05
1.208112957e-05
1.231897721e-05
1.260928549e-05
1.292985488e-05
1.325428109e-05
1.355208117e-05
1.378899679e-05
1.392749292e-05
1.242131487e-05
1.259170752e-05
1.283406344e-05
1.312982713e-05
1.345636094e-05
1.37867603e-05
1.408998778e-05
1.433118277e-05
1.447216383e-05
1.293851989e-05
1.311206522e-05
1.335887633e-05
1.366003102e-05
1.399245864e-05
1.43287602e-05
1.463735039e-05
1.488277356e-05
1.502620971e-05
1.346542431e-05
1.364208498e-05
1.389329844e-05
1.419978007e-05
1.453803127e-05
1.488016449e-05
1.519405306e-05
1.544365353e-05
1.558951513e-05
1.400191066e-05
1.418164956e-05
1.443721283e-05
1.474895771e-05
1.50929627e-05
1.544085749e-05
1.575998058e-05
1.60137078e-05
1.616196541e-05
1.454786199e-05
1.473064225e-05
1.499050317e-05
1.530744807e-05
1.565713755e-05
1.601072432e-05
1.63350185e-05
1.659282232e-05
1.67434467e-05
1.510316199e-05
1.528894701e-05
1.55530538e-05
1.587513593e-05
1.623044112e-05
1.658965082e-05
1.691905313e-05
1.718088375e-05
1.733384589e-05
1.566769512e-05
1.585644856e-05
1.612474982e-05
1.645190689e-05
1.681275951e-05
1.717752356e-05
1.751197151e-05
1.777777948e-05
1.793305056e-05
1.624134656e-05
1.643303238e-05
1.670547708e-05
1.703764723e-05
1.740397948e-05
1.777422977e-05
1.811366125e-05
1.838339738e-05
1.854094875e-05
1.682400226e-05
1.701858465e-05
1.729512211e-05
1.763224385e-05
1.800398831e-05
1.837965708e-05
1.872401025e-05
1.899762558e-05
1.915742866e-05
1.741554878e-05
1.761299212e-05
1.789357192e-05
1.823558405e-05
1.861267355e-05
1.899369321e-05
1.934290635e-05
1.962035194e-05
1.978237815e-05
1.80158731e-05
1.821614191e-05
1.850071373e-05
1.884755516e-05
1.922992257e-05
1.961622549e-05
1.997023672e-05
2.025146344e-05
2.041568407e-05
1.862486235e-05
1.882792111e-05
1.91164346e-05
1.946804407e-05
1.985562197e-05
2.024714011e-05
2.060588706e-05
2.089084527e-05
2.105723124e-05
1.924240331e-05
1.944821632e-05
1.974062079e-05
2.009693651e-05
2.048965677e-05
2.088632115e-05
2.124974041e-05
2.15383795e-05
2.170690108e-05
1.986838178e-05
2.007691289e-05
2.03731569e-05
2.073411606e-05
2.113190916e-05
2.153364918e-05
2.190167559e-05
2.219394337e-05
2.236456983e-05
2.050268158e-05
2.071389385e-05
2.101392472e-05
2.137946274e-05
2.178225694e-05
2.218899941e-05
2.256156511e-05
2.285740698e-05
2.303010602e-05
2.114518337e-05
2.135903856e-05
2.166280161e-05
2.203285121e-05
2.24405714e-05
2.285223927e-05
2.322927241e-05
2.352863024e-05
2.370336732e-05
2.179576286e-05
2.201222081e-05
2.231965839e-05
2.269414832e-05
2.310671451e-05
2.352322519e-05
2.390464825e-05
2.420745894e-05
2.43841964e-05
2.245428859e-05
2.267330638e-05
2.298435664e-05
2.336321001e-05
2.378053531e-05
2.42017985e-05
2.458752615e-05
2.489371982e-05
2.507241571e-05
2.312061904e-05
2.334214988e-05
2.36567451e-05
2.403987726e-05
2.446186541e-05
2.488778031e-05
2.527771666e-05
2.558721427e-05
2.576782095e-05
2.379459888e-05
2.401859074e-05
2.433665528e-05
2.472397112e-05
2.515051324e-05
2.558096512e-05
2.597500029e-05
2.628771079e-05
2.64701731e-05
2.447605437e-05
2.47024482e-05
2.502389588e-05
2.541528648e-05
2.584625714e-05
2.628111302e-05
2.667911895e-05
2.699493572e-05
2.717918885e-05
2.516478754e-05
2.539351514e-05
2.571824605e-05
2.611358455e-05
2.654883694e-05
2.698794041e-05
2.738976579e-05
2.770856239e-05
2.789452931e-05
2.586056921e-05
2.609155062e-05
2.641944724e-05
2.68185839e-05
2.725794404e-05
2.770110904e-05
2.810657334e-05
2.842819852e-05
2.861578693e-05
2.65631307e-05
2.679627102e-05
2.712719363e-05
2.752994993e-05
2.797320989e-05
2.84202135e-05
2.882909999e-05
2.915337196e-05
2.934247082e-05
2.727215392e-05
2.750733973e-05
2.784112102e-05
2.824728291e-05
2.869419294e-05
2.914476713e-05
2.955681501e-05
2.988351493e-05
3.007399063e-05
2.798726024e-05
2.822435531e-05
2.856079432e-05
2.897010446e-05
2.942036423e-05
2.987418664e-05
3.028908233e-05
3.061794722e-05
3.080963931e-05
2.870799771e-05
2.894683839e-05
2.928569365e-05
2.969784293e-05
3.015109187e-05
3.060777581e-05
3.102514357e-05
3.135585879e-05
3.154857558e-05
2.943382727e-05
2.967421731e-05
3.001519946e-05
3.042981787e-05
3.088562494e-05
3.134470889e-05
3.176410119e-05
3.20962927e-05
3.228980679e-05
3.016410785e-05
3.040581305e-05
3.074857714e-05
3.116522425e-05
3.162307746e-05
3.208401457e-05
3.250490244e-05
3.283812937e-05
3.303217334e-05
3.089808122e-05
3.114082387e-05
3.148496156e-05
3.190311719e-05
3.23624134e-05
3.282456141e-05
3.324632564e-05
3.358007345e-05
3.377433613e-05
3.163485688e-05
3.18783105e-05
3.222334268e-05
3.264239809e-05
3.310243382e-05
3.356504629e-05
3.398696988e-05
3.432064498e-05
3.451476853e-05
3.237339818e-05
3.261718274e-05
3.296255302e-05
3.338180353e-05
3.384176741e-05
3.430398702e-05
3.472525e-05
3.505817635e-05
3.525175468e-05
3.311251049e-05
3.335618863e-05
3.370125837e-05
3.411989802e-05
3.457886607e-05
3.503972102e-05
3.545939843e-05
3.579081688e-05
3.598339582e-05
3.385083277e-05
3.409390743e-05
3.443795306e-05
3.485507235e-05
3.531200682e-05
3.577041145e-05
3.618747542e-05
3.651654675e-05
3.670762639e-05
3.458683382e-05
3.482874792e-05
3.517096118e-05
3.558554873e-05
3.603930178e-05
3.649406219e-05
3.690738923e-05
3.723320129e-05
3.742224099e-05
3.531881457e-05
3.555895316e-05
3.589844515e-05
3.630939419e-05
3.675871714e-05
3.720854305e-05
3.761692703e-05
3.793850685e-05
3.812493299e-05
3.604491785e-05
3.628261321e-05
3.661842278e-05
3.70245432e-05
3.746810222e-05
3.791162539e-05
3.831379691e-05
3.863012777e-05
3.88133446e-05
3.676314645e-05
3.699768663e-05
3.732879364e-05
3.772883009e-05
3.816522864e-05
3.860102824e-05
3.89956803e-05
3.930572386e-05
3.948512717e-05
3.747139055e-05
3.770203136e-05
3.802737498e-05
3.842003112e-05
3.884783907e-05
3.92744737e-05
3.966029325e-05
3.996301608e-05
4.013800929e-05
3.816746439e-05
3.839344495e-05
3.871194684e-05
3.909591526e-05
3.951370414e-05
3.992974951e-05
4.030545372e-05
4.059985722e-05
4.076986928e-05
3.884915188e-05
3.906971323e-05
3.938030497e-05
3.975430207e-05
4.016068491e-05
4.056477561e-05
4.092915122e-05
4.121430336e-05
4.137880735e-05
3.951425981e-05
3.972866608e-05
4.003031972e-05
4.03931237e-05
4.078679783e-05
4.117767099e-05
4.152961434e-05
4.180468124e-05
4.196321255e-05
4.016067661e-05
4.036823752e-05
4.06599978e-05
4.101048799e-05
4.139027805e-05
4.176681614e-05
4.21053714e-05
4.236964655e-05
4.252181914e-05
4.078643369e-05
4.098652732e-05
4.12675436e-05
4.16047385e-05
4.196963705e-05
4.233090705e-05
4.26553e-05
4.290822926e-05
4.305374961e-05
4.138976607e-05
4.158186031e-05
4.185141604e-05
4.217450762e-05
4.252371045e-05
4.28689966e-05
4.317866202e-05
4.341986503e-05
4.355854525e-05
4.196916825e-05
4.215283932e-05
4.241037697e-05
4.27187584e-05
4.305169164e-05
4.33805186e-05
4.367511829e-05
4.390439772e-05
4.403615393e-05
4.252344151e-05
4.269838822e-05
4.294352738e-05
4.32368118e-05
4.355314847e-05
4.386529366e-05
4.414472094e-05
4.436205836e-05
4.448691149e-05
4.305172931e-05
4.321778185e-05
4.345032923e-05
4.372835858e-05
4.402802355e-05
4.432351469e-05
4.458788354e-05
4.479343315e-05
4.49115017e-05
4.355353811e-05
4.371066115e-05
4.39306134e-05
4.419345761e-05
4.447661562e-05
4.475571211e-05
4.500534178e-05
4.519941259e-05
4.531090138e-05
4.402874238e-05
4.417703146e-05
4.43845663e-05
4.463250325e-05
4.48995394e-05
4.516271003e-05
4.539809793e-05
4.558113029e-05
4.568631567e-05
4.447757734e-05
4.461724485e-05
4.481269859e-05
4.504619187e-05
4.529768116e-05
4.554557017e-05
4.576735873e-05
4.593989634e-05
4.603910938e-05
4.490059901e-05
4.50319593e-05
4.521580552e-05
4.543547293e-05
4.567214357e-05
4.590553156e-05
4.611447108e-05
4.627713103e-05
4.637073987e-05
4.529864534e-05
4.542209521e-05
4.559491611e-05
4.580149393e-05
4.602418698e-05
4.624394952e-05
4.644086044e-05
4.659430356e-05
4.668269646e-05
4.567278532e-05
4.578878229e-05
4.595123775e-05
4.614554306e-05
4.635517139e-05
4.65622386e-05
4.67479756e-05
4.689287915e-05
4.697644923e-05
4.602426259e-05
4.613330277e-05
4.628609929e-05
4.646899334e-05
4.666650286e-05
4.686182232e-05
4.703724263e-05
4.717427694e-05
4.725340941e-05
4.635443785e-05
4.645703484e-05
4.660089668e-05
4.677325143e-05
4.695958687e-05
4.714409203e-05
4.73100293e-05
4.743983907e-05
4.751490134e-05
4.666473375e-05
4.676139992e-05
4.689704387e-05
4.705971374e-05
4.723579052e-05
4.741037564e-05
4.756762001e-05
4.769081069e-05
4.776214539e-05
4.695658536e-05
4.704781638e-05
4.717593149e-05
4.732973109e-05
4.7496414e-05
4.766191602e-05
4.781120045e-05
4.79283294e-05
4.799625016e-05
4.723139849e-05
4.731766168e-05
4.743889414e-05
4.758458236e-05
4.77426711e-05
4.789985808e-05
4.804185042e-05
4.815342237e-05
4.821821185e-05
4.749051706e-05
4.757224339e-05
4.768718672e-05
4.782545694e-05
4.797567789e-05
4.812524332e-05
4.826054319e-05
4.83670091e-05
4.842891893e-05
4.773519968e-05
4.781277938e-05
4.792196927e-05
4.805344482e-05
4.819644811e-05
4.833900993e-05
4.846814943e-05
4.856990802e-05
4.862916004e-05
4.796660504e-05
4.804038607e-05
4.814429917e-05
4.826953316e-05
4.840589394e-05
4.854199717e-05
4.866544425e-05
4.876284531e-05
4.881963372e-05
4.818578484e-05
4.82560738e-05
4.835512954e-05
4.847460788e-05
4.860483053e-05
4.873495231e-05
4.885311597e-05
4.894646474e-05
4.900095872e-05
4.839368303e-05
4.84607477e-05
4.855531218e-05
4.866945878e-05
4.879398306e-05
4.891853916e-05
4.903177556e-05
4.912133758e-05
4.917368412e-05
4.859113972e-05
4.865521262e-05
4.874560386e-05
4.885478704e-05
4.897399523e-05
4.909334717e-05
4.920196604e-05
4.928797215e-05
4.933829882e-05
4.877889829e-05
4.884018086e-05
4.892667455e-05
4.903121398e-05
4.914543824e-05
4.92599005e-05
4.93641714e-05
4.944682243e-05
4.949524007e-05
4.895761448e-05
4.901628129e-05
4.909911669e-05
4.919929026e-05
4.930881981e-05
4.941866661e-05
4.951882478e-05
4.959829593e-05
4.964490101e-05
4.912786635e-05
4.918406922e-05
4.926345473e-05
4.935950492e-05
4.946459266e-05
4.957006415e-05
4.966631576e-05
4.974276046e-05
4.978763725e-05
4.929016433e-05
4.934403604e-05
4.942015422e-05
4.951229392e-05
4.96131623e-05
4.971447004e-05
4.98069968e-05
4.988055014e-05
4.992377254e-05
4.944496083e-05
4.949661837e-05
4.956963039e-05
4.965804788e-05
4.975489401e-05
4.985222569e-05
4.994118885e-05
5.001197051e-05
5.005360377e-05
4.959265895e-05
4.964220637e-05
4.971225572e-05
4.979711895e-05
4.989011892e-05
4.998364238e-05
5.006918612e-05
5.013730302e-05
5.017740521e-05
4.973362028e-05
4.978115096e-05
4.984836662e-05
4.992982672e-05
5.001913919e-05
5.010900578e-05
5.019126015e-05
5.025680867e-05
5.029543242e-05
4.98681716e-05
4.991377018e-05
4.997826914e-05
5.005646335e-05
5.014223247e-05
5.022857973e-05
5.030766279e-05
5.037073028e-05
5.040792267e-05
4.999661063e-05
5.004035451e-05
5.010224386e-05
5.017729785e-05
5.025965573e-05
5.034260964e-05
5.041862943e-05
5.047929548e-05
5.051509727e-05
5.011921081e-05
5.016117146e-05
5.022055009e-05
5.029258005e-05
5.037164886e-05
5.045132603e-05
5.052438249e-05
5.058271867e-05
5.061716789e-05
5.023622548e-05
5.027646952e-05
5.033342972e-05
5.040254423e-05
5.047843845e-05
5.05549485e-05
5.062513495e-05
5.068120967e-05
5.071434319e-05
5.034789143e-05
5.038648165e-05
5.044111064e-05
5.050741277e-05
5.058024178e-05
5.065369044e-05
5.07210983e-05
5.077498153e-05
5.080683871e-05
5.045443199e-05
5.049142841e-05
5.054381001e-05
5.06073997e-05
5.067727134e-05
5.074776395e-05
5.08124905e-05
5.086426269e-05
5.089489485e-05
5.055605965e-05
5.059152056e-05
5.06417368e-05
5.070271329e-05
5.076973551e-05
5.083738455e-05
5.08995419e-05
5.094931069e-05
5.097881618e-05
5.065297814e-05
5.068696096e-05
5.073509347e-05
5.079355561e-05
5.085784069e-05
5.092276818e-05
5.098248505e-05
5.103038288e-05
5.105888868e-05
5.074538407e-05
5.077794578e-05
5.082407506e-05
5.08801236e-05
5.094178884e-05
5.100412549e-05
5.106154451e-05
5.110772623e-05
5.113524453e-05
5.083346608e-05
5.086466279e-05
5.090887036e-05
5.096260838e-05
5.10217743e-05
5.108165347e-05
5.113691345e-05
5.118146052e-05
5.120800584e-05
5.091740565e-05
5.094729426e-05
5.098966312e-05
5.104119602e-05
5.109798644e-05
5.115554503e-05
5.120878574e-05
5.125171205e-05
5.127729476e-05
5.099737958e-05
5.102601799e-05
5.106663276e-05
5.111606852e-05
5.117061141e-05
5.122599395e-05
5.127726206e-05
5.131859269e-05
5.134322625e-05
5.107356127e-05
5.110100847e-05
5.113995533e-05
5.11874033e-05
5.123982494e-05
5.129312962e-05
5.134245561e-05
5.138221464e-05
5.140591336e-05
5.114612282e-05
5.117243971e-05
5.120980786e-05
5.125538119e-05
5.130581027e-05
5.135706511e-05
5.140447759e-05
5.144268895e-05
5.146546767e-05
5.121523858e-05
5.124048946e-05
5.127637424e-05
5.132019604e-05
5.136866979e-05
5.141790705e-05
5.146343616e-05
5.150012472e-05
5.152199898e-05
5.128109083e-05
5.130534399e-05
5.133984681e-05
5.138196217e-05
5.142850891e-05
5.147576077e-05
5.151943769e-05
5.15546293e-05
5.157561527e-05
5.134388281e-05
5.136720708e-05
5.140035618e-05
5.144078285e-05
5.148543077e-05
5.153073004e-05
5.157258696e-05
5.160630838e-05
5.162642277e-05
5.140380145e-05
5.142619468e-05
5.145799847e-05
5.149675719e-05
5.153953612e-05
5.158291688e-05
5.162298711e-05
5.165526603e-05
5.167452592e-05
5.146092575e-05
5.148239325e-05
5.151286622e-05
5.15499815e-05
5.159092355e-05
5.163242151e-05
5.167073967e-05
5.170160469e-05
5.172002746e-05
5.151533641e-05
5.153588888e-05
5.156505032e-05
5.160055012e-05
5.163968982e-05
5.167934246e-05
5.171594455e-05
5.174542518e-05
5.17630284e-05
5.156711611e-05
5.158676789e-05
5.161464071e-05
5.164855595e-05
5.168593008e-05
5.172377666e-05
5.175870008e-05
5.178682667e-05
5.180362813e-05
5.161634883e-05
5.163511678e-05
5.166172664e-05
5.169409064e-05
5.172973802e-05
5.176581954e-05
5.179910303e-05
5.182590677e-05
5.184192445e-05
5.166311915e-05
5.168102198e-05
5.170639658e-05
5.17372447e-05
5.177120601e-05
5.180556504e-05
5.183724862e-05
5.18627615e-05
5.187801363e-05
5.170751177e-05
5.172456952e-05
5.174873822e-05
5.177810752e-05
5.181042503e-05
5.184310563e-05
5.187323047e-05
5.18974853e-05
5.191199047e-05
5.174961111e-05
5.176584487e-05
5.178883836e-05
5.181676732e-05
5.184748476e-05
5.187853224e-05
5.190714063e-05
5.193017102e-05
5.194394824e-05
5.178950102e-05
5.180493271e-05
5.182678279e-05
5.185331114e-05
5.188247345e-05
5.191193432e-05
5.193906955e-05
5.196090991e-05
5.197397873e-05
5.18272646e-05
5.184191684e-05
5.186265621e-05
5.188782472e-05
5.191547793e-05
5.194339973e-05
5.196910605e-05
5.198979169e-05
5.200217229e-05
5.186298401e-05
5.187688e-05
5.189654215e-05
5.192039249e-05
5.194658357e-05
5.197301475e-05
5.199733737e-05
5.201690453e-05
5.202861778e-05
5.189674043e-05
5.190990383e-05
5.192852291e-05
5.195109747e-05
5.197587417e-05
5.200086404e-05
5.202384904e-05
5.204233484e-05
5.205340236e-05
5.192861386e-05
5.194106875e-05
5.19586794e-05
5.198002121e-05
5.200343196e-05
5.202703055e-05
5.204872484e-05
5.206616726e-05
5.20766113e-05
5.195868313e-05
5.197045385e-05
5.198709116e-05
5.200724371e-05
5.202933746e-05
5.205159541e-05
5.207204658e-05
5.208848434e-05
5.209832775e-05
5.198702573e-05
5.199813686e-05
5.201383619e-05
5.203284331e-05
5.205366943e-05
5.207463785e-05
5.209389404e-05
5.210936638e-05
5.211863243e-05
5.201371775e-05
5.202419401e-05
5.203899089e-05
5.205689663e-05
5.207650468e-05
5.209623496e-05
5.211434463e-05
5.212889113e-05
5.213760337e-05
5.203883381e-05
5.204869995e-05
5.206262996e-05
5.207947838e-05
5.2097918e-05
5.211646156e-05
5.213347321e-05
5.214713349e-05
5.215531553e-05
5.206244687e-05
5.207172759e-05
5.208482622e-05
5.210066127e-05
5.211798189e-05
5.213538992e-05
5.215135174e-05
5.216416509e-05
5.217184034e-05
5.20846282e-05
5.209334807e-05
5.210565057e-05
5.212051585e-05
5.213676643e-05
5.215308952e-05
5.216804897e-05
5.218005396e-05
5.21872453e-05
5.210544722e-05
5.211363055e-05
5.21251718e-05
5.213911035e-05
5.215433916e-05
5.216962693e-05
5.21836303e-05
5.219486427e-05
5.220159371e-05
5.212497147e-05
5.213264224e-05
5.214345658e-05
5.215651076e-05
5.21707651e-05
5.218506599e-05
5.219815808e-05
5.22086568e-05
5.221494506e-05
5.21432665e-05
5.215044834e-05
5.216056955e-05
5.217278085e-05
5.218610688e-05
5.219946808e-05
5.221169289e-05
5.222149191e-05
5.222736007e-05
5.216039589e-05
5.216711192e-05
5.217657299e-05
5.218798195e-05
5.220042489e-05
5.221289284e-05
5.222429383e-05
5.223342877e-05
5.223889879e-05
5.217642099e-05
5.218269382e-05
5.219152706e-05
5.220217338e-05
5.221377758e-05
5.222539784e-05
5.22360177e-05
5.224452362e-05
5.224961783e-05
5.219140113e-05
5.219725287e-05
5.22054899e-05
5.221541249e-05
5.222622146e-05
5.223703895e-05
5.22469202e-05
5.225483255e-05
5.225957292e-05
5.220539365e-05
5.221084591e-05
5.221851762e-05
5.222775457e-05
5.2237811e-05
5.224786992e-05
5.225705462e-05
5.226440891e-05
5.226881704e-05
5.221845388e-05
5.222352774e-05
5.223066432e-05
5.223925287e-05
5.224859855e-05
5.225794224e-05
5.226647165e-05
5.227330295e-05
5.22774e-05
5.22306351e-05
5.223535112e-05
5.224198204e-05
5.224995856e-05
5.225863442e-05
5.226730552e-05
5.22752205e-05
5.228156262e-05
5.228536896e-05
5.224198857e-05
5.224636677e-05
5.225252069e-05
5.225992062e-05
5.226796652e-05
5.227600655e-05
5.228334733e-05
5.228923302e-05
5.229276818e-05
5.225256348e-05
5.225662329e-05
5.226232812e-05
5.226918595e-05
5.22766408e-05
5.228409045e-05
5.229089583e-05
5.229635647e-05
5.229963911e-05
5.22624069e-05
5.22661672e-05
5.227145e-05
5.227779922e-05
5.228470088e-05
5.229159999e-05
5.22979072e-05
5.230297263e-05
5.230602048e-05
5.227156384e-05
5.227504289e-05
5.227992986e-05
5.228580299e-05
5.229218823e-05
5.229857542e-05
5.230442e-05
5.230911856e-05
5.231194837e-05
5.228007713e-05
5.228329257e-05
5.22878091e-05
5.229323766e-05
5.229914254e-05
5.230505468e-05
5.231047036e-05
5.231482879e-05
5.231745637e-05
5.228798743e-05
5.229095633e-05
5.2295127e-05
5.23001417e-05
5.230560114e-05
5.231107339e-05
5.231609201e-05
5.232013548e-05
5.23225757e-05
5.229533322e-05
5.229807206e-05
5.230192074e-05
5.230655182e-05
5.231159927e-05
5.231666487e-05
5.232131639e-05
5.232506855e-05
5.232733531e-05
5.230215083e-05
5.230467571e-05
5.230822608e-05
5.231250282e-05
5.231717002e-05
5.232186027e-05
5.232617279e-05
5.232965574e-05
5.233176207e-05
5.230847464e-05
5.231080177e-05
5.231407719e-05
5.231802756e-05
5.232234444e-05
5.232668868e-05
5.233068846e-05
5.233392284e-05
5.233588087e-05
5.231433828e-05
5.231648375e-05
5.231950659e-05
5.232315697e-05
5.232715157e-05
5.233117719e-05
5.233488869e-05
5.233789371e-05
5.233971475e-05
5.231977468e-05
5.232175379e-05
5.23245451e-05
5.232792014e-05
5.233161857e-05
5.233535102e-05
5.233879698e-05
5.234159047e-05
5.234328501e-05
5.232481546e-05
5.232664244e-05
5.232922173e-05
5.233234429e-05
5.233577073e-05
5.233923359e-05
5.234243506e-05
5.234503352e-05
5.234661126e-05
5.232949048e-05
5.233117841e-05
5.233356366e-05
5.233645479e-05
5.233963156e-05
5.234284661e-05
5.234582299e-05
5.234824161e-05
5.234971149e-05
5.233382773e-05
5.233538856e-05
5.233759624e-05
5.234027525e-05
5.234322283e-05
5.234621003e-05
5.234897909e-05
5.235123178e-05
5.235260194e-05
5.233785323e-05
5.233929784e-05
5.234134292e-05
5.234382742e-05
5.234656449e-05
5.234934199e-05
5.235191984e-05
5.235401911e-05
5.235529684e-05
5.234159101e-05
5.234292922e-05
5.234482525e-05
5.234713115e-05
5.234967452e-05
5.235225856e-05
5.235465941e-05
5.235661612e-05
5.235780763e-05
5.234506287e-05
5.234630344e-05
5.234806251e-05
5.235020392e-05
5.235256831e-05
5.235497284e-05
5.235720856e-05
5.235903137e-05
5.236014133e-05
5.234828756e-05
5.234943816e-05
5.235107072e-05
5.235305964e-05
5.235525722e-05
5.235749315e-05
5.235957219e-05
5.236126639e-05
5.236229705e-05
5.235127745e-05
5.235234443e-05
5.235385894e-05
5.235570465e-05
5.235774406e-05
5.235981793e-05
5.236174361e-05
5.236330918e-05
5.236425873e-05
5.235402644e-05
5.235501462e-05
5.235641713e-05
5.235812548e-05
5.23600107e-05
5.236192299e-05
5.236369131e-05
5.236512042e-05
5.236598097e-05
5.23564639e-05
5.235737718e-05
5.235867216e-05
5.23602466e-05
5.236197831e-05
5.236372525e-05
5.23653269e-05
5.236660554e-05
5.236736346e-05
5.235828207e-05
5.235913113e-05
5.236033307e-05
5.23617901e-05
5.236338482e-05
5.23649809e-05
5.236642631e-05
5.236755879e-05
5.236821174e-05
1.190291635e-32
4.990497029e-32
1.276149219e-31
2.763404955e-31
5.559450433e-31
1.082218924e-30
2.084785743e-30
4.021174098e-30
7.810942354e-30
1.531054579e-29
3.028377148e-29
6.038348129e-29
1.212056567e-28
2.445887651e-28
4.956155532e-28
1.007462209e-27
2.052853082e-27
4.190606149e-27
8.56618613e-27
1.752803054e-26
3.589096038e-26
7.352443119e-26
1.506504712e-25
3.086722997e-25
6.322766852e-25
1.294463824e-24
2.648060183e-24
5.411189822e-24
1.104194901e-23
2.249251705e-23
4.572071123e-23
9.270605663e-23
1.874383259e-22
3.777456271e-22
7.585268999e-22
1.517121206e-21
3.021378975e-21
5.989586704e-21
1.181629885e-20
2.319324475e-20
4.528516748e-20
8.794269576e-20
1.698409206e-19
3.261711776e-19
6.228470142e-19
1.182575264e-18
2.23239576e-18
4.189804466e-18
7.81774151e-18
1.450162989e-17
2.674118869e-17
4.901747058e-17
8.931067183e-17
1.617378284e-16
2.910996755e-16
5.205734087e-16
9.246861493e-16
1.630972619e-15
2.855642806e-15
4.961609151e-15
8.551641198e-15
1.4615837e-14
2.476172844e-14
4.156806024e-14
6.912069547e-14
1.138125425e-13
1.855204968e-13
2.993130979e-13
4.778951943e-13
7.550629762e-13
1.180527086e-12
1.826566334e-12
2.797103544e-12
4.239952383e-12
6.363173472e-12
9.456703108e-12
1.39206816e-11
2.030221334e-11
2.934263726e-11
4.203777034e-11
5.971399826e-11
8.412351333e-11
1.175624186e-10
1.630158172e-10
2.243343884e-10
3.064473411e-10
4.156171237e-10
5.597419583e-10
7.487133478e-10
9.948373103e-10
1.313330333e-09
1.722903807e-09
2.24645371e-09
2.911874895e-09
3.753020719e-09
4.810827829e-09
6.134621844e-09
7.783611807e-09
9.828569466e-09
1.235367437e-08
1.545848839e-08
1.926000567e-08
2.389470742e-08
2.952053819e-08
3.631871173e-08
4.44952523e-08
5.428218072e-08
6.593826426e-08
7.974926428e-08
9.602763418e-08
1.151116422e-07
1.373639163e-07
1.631694326e-07
1.929329895e-07
2.270762303e-07
2.660342921e-07
3.102521699e-07
3.601808909e-07
4.162735972e-07
4.789816334e-07
5.487507283e-07
6.260173321e-07
7.112050001e-07
8.047217463e-07
9.069572166e-07
1.01828038e-06
1.139037627e-06
1.269551276e-06
1.410118475e-06
1.5610105e-06
1.722472398e-06
1.894722965e-06
2.077955021e-06
2.272335928e-06
2.47800834e-06
2.695091121e-06
2.923680418e-06
3.163850833e-06
3.415656685e-06
3.679133311e-06
3.954298406e-06
4.241153351e-06
4.539684548e-06
4.849864702e-06
5.171654086e-06
5.505001735e-06
5.849846597e-06
6.206118615e-06
6.573739744e-06
6.952624901e-06
7.34268285e-06
7.743817016e-06
8.155926237e-06
8.57890545e-06
9.01264632e-06
9.457037812e-06
9.911966703e-06
1.037731805e-05
1.085297561e-05
1.13388222e-05
1.183474007e-05
1.234061112e-05
1.285631726e-05
1.338174053e-05
1.391676337e-05
1.446126869e-05
1.501514009e-05
1.557826186e-05
1.615051908e-05
1.673179757e-05
1.732198378e-05
1.792096465e-05
1.852862729e-05
1.914485857e-05
1.976954448e-05
2.040256921e-05
2.104381397e-05
2.169315536e-05
2.235046317e-05
2.301559765e-05
2.368840587e-05
2.436871727e-05
2.505633811e-05
2.575104463e-05
2.645257499e-05
2.716061971e-05
2.787481065e-05
2.859470862e-05
2.931978966e-05
3.00494304e-05
3.078289289e-05
3.151930947e-05
3.225766861e-05
3.299680271e-05
3.373537895e-05
3.447189469e-05
3.520467857e-05
3.59318989e-05
3.665158019e-05
3.736162883e-05
3.805986818e-05
3.874408258e-05
3.941206941e-05
4.0061697e-05
4.069096585e-05
4.129806973e-05
4.188145282e-05
4.243985894e-05
4.297236947e-05
4.347842687e-05
4.395784294e-05
4.441079601e-05
4.483779228e-05
4.523962899e-05
4.561734464e-05
4.597216297e-05
4.630543498e-05
4.661858274e-05
4.691304839e-05
4.719025066e-05
4.745155043e-05
4.769822564e-05
4.793145515e-05
4.815231058e-05
4.836175466e-05
4.856064456e-05
4.874973879e-05
4.892970616e-05
4.910113581e-05
4.926454746e-05
4.942040117e-05
4.956910635e-05
4.971102976e-05
4.984650243e-05
4.997582554e-05
5.009927544e-05
5.02171078e-05
5.032956129e-05
5.043686065e-05
5.053921928e-05
5.063684147e-05
5.0729924e-05
5.081865626e-05
5.090321942e-05
5.09837899e-05
5.106054057e-05
5.113364272e-05
5.120326924e-05
5.12696001e-05
5.133283244e-05
5.139318679e-05
5.14507463e-05
5.150558821e-05
5.1557793e-05
5.160744317e-05
5.165462235e-05
5.169941451e-05
5.174190354e-05
5.178217287e-05
5.182030525e-05
5.185638259e-05
5.18904858e-05
5.192269472e-05
5.195308801e-05
5.198174307e-05
5.200873593e-05
5.203414115e-05
5.205803174e-05
5.208047902e-05
5.210155254e-05
5.212131996e-05
5.213984701e-05
5.215719747e-05
5.217343293e-05
5.2188613e-05
5.220279525e-05
5.221603525e-05
5.222838656e-05
5.223990067e-05
5.225062705e-05
5.226061306e-05
5.226990397e-05
5.227854292e-05
5.228657086e-05
5.229402655e-05
5.230094654e-05
5.230736527e-05
5.231331613e-05
5.231883238e-05
5.232394611e-05
5.232868775e-05
5.233308584e-05
5.233716694e-05
5.234095559e-05
5.234447408e-05
5.234774171e-05
5.235077143e-05
5.235355782e-05
5.235603061e-05
5.235787893e-05
)
;

boundaryField
{
    outlet
    {
        type            inletOutlet;
        inletValue      uniform 0;
        value           nonuniform List<scalar> 10(5.235828207e-05 5.235913113e-05 5.236033307e-05 5.23617901e-05 5.236338482e-05 5.23649809e-05 5.236642631e-05 5.236755879e-05 5.236821174e-05 5.235787893e-05);
    }
    inlet
    {
        type            fixedValue;
        value           uniform 0;
    }
    front
    {
        type            wedge;
    }
    wall
    {
        type            zeroGradient;
    }
    back
    {
        type            wedge;
    }
}


// ************************************************************************* //
