/*--------------------------------*- C++ -*----------------------------------*\
| =========                 |                                                 |
| \\      /  F ield         | OpenFOAM: The Open Source CFD Toolbox           |
|  \\    /   O peration     | Version:  2212                                  |
|   \\  /    A nd           | Website:  www.openfoam.com                      |
|    \\/     M anipulation  |                                                 |
\*---------------------------------------------------------------------------*/
FoamFile
{
    version     2.0;
    format      ascii;
    arch        "LSB;label=32;scalar=64";
    class       volScalarField;
    location    "20.00000000";
    object      C3H3_0;
}
// * * * * * * * * * * * * * * * * * * * * * * * * * * * * * * * * * * * * * //

dimensions      [0 0 0 0 0 0 0];

internalField   nonuniform List<scalar> 
3000
(
9.799965639e-33
1.215612739e-32
1.59233133e-32
2.13262556e-32
2.859548245e-32
3.781440634e-32
4.862635717e-32
5.973977539e-32
6.821467481e-32
4.129847695e-32
5.160589778e-32
6.808519173e-32
9.176787259e-32
1.238941484e-31
1.657016981e-31
2.179799054e-31
2.79802491e-31
3.404876102e-31
1.064191165e-31
1.346646307e-31
1.803029462e-31
2.471685974e-31
3.407594222e-31
4.682549096e-31
6.370753074e-31
8.481393022e-31
1.055521771e-30
2.325384577e-31
2.990706634e-31
4.086801921e-31
5.741494793e-31
8.149376802e-31
1.15748266e-30
1.629288939e-30
2.228321106e-30
2.794017211e-30
4.728870627e-31
6.20351912e-31
8.692310562e-31
1.25708582e-30
1.841742874e-30
2.701020046e-30
3.906548994e-30
5.417977153e-30
6.776035341e-30
9.313796026e-31
1.248641891e-30
1.797502696e-30
2.678213685e-30
4.044444969e-30
6.095309559e-30
8.987169834e-30
1.253937355e-29
1.559831087e-29
1.816092792e-30
2.489254984e-30
3.680414509e-30
5.639336428e-30
8.74390072e-30
1.346220619e-29
2.01034802e-29
2.81027149e-29
3.472758938e-29
3.544306695e-30
4.961570185e-30
7.518387151e-30
1.180649651e-29
1.870803092e-29
2.927306118e-29
4.410109992e-29
6.176379523e-29
7.637891251e-29
6.95983055e-30
9.930447605e-30
1.537469303e-29
2.464270065e-29
3.971464596e-29
6.285546821e-29
9.515383314e-29
1.331184748e-28
1.638869545e-28
1.377407956e-29
1.998126626e-29
3.150055873e-29
5.133138228e-29
8.380765117e-29
1.337219047e-28
2.030379219e-28
2.837402995e-28
3.484408477e-28
2.747081029e-29
4.041105334e-29
6.466256138e-29
1.067632154e-28
1.760393798e-28
2.825259008e-28
4.297849684e-28
6.000386408e-28
7.355155393e-28
5.515614266e-29
8.208103075e-29
1.329297596e-28
2.217590804e-28
3.684089461e-28
5.937643956e-28
9.043459393e-28
1.261530048e-27
1.544177883e-27
1.113509419e-28
1.672812031e-28
2.735419961e-28
4.600545846e-28
7.686846568e-28
1.242741497e-27
1.894289632e-27
2.640566523e-27
3.228633704e-27
2.257640694e-28
3.417769284e-28
5.632253341e-28
9.53329889e-28
1.599927689e-27
2.592630105e-27
3.954005097e-27
5.508378129e-27
6.729247918e-27
4.59237417e-28
6.995685267e-28
1.160024289e-27
1.973441399e-27
3.32333036e-27
5.394830266e-27
8.230591038e-27
1.14602506e-26
1.399042521e-26
9.364608717e-28
1.433772047e-27
2.389399796e-27
4.081268437e-27
6.891546348e-27
1.120231242e-26
1.709487746e-26
2.379228879e-26
2.902812747e-26
1.913113321e-27
2.941188563e-27
4.9214074e-27
8.433316012e-27
1.427080047e-26
2.322163781e-26
3.544194984e-26
4.930793683e-26
6.012894763e-26
3.913665889e-27
6.037179724e-27
1.013517258e-26
1.74129359e-26
2.95162556e-26
4.806795817e-26
7.336935473e-26
1.020365479e-25
1.243746503e-25
8.01420367e-27
1.239712623e-26
2.086838694e-26
3.592915403e-26
6.098531759e-26
9.937685151e-26
1.516869921e-25
2.108799091e-25
2.56942209e-25
1.642274729e-26
2.546307012e-26
4.295776525e-26
7.408745524e-26
1.258894806e-25
2.052308775e-25
3.132410369e-25
4.353174614e-25
5.301944944e-25
3.366954778e-26
5.23048189e-26
8.840320402e-26
1.526773899e-25
2.596465303e-25
4.234126244e-25
6.461567979e-25
8.97617015e-25
1.092808947e-24
6.904684183e-26
1.074374207e-25
1.818615586e-25
3.144370756e-25
5.350743226e-25
8.726907367e-25
1.331473481e-24
1.848784308e-24
2.249824994e-24
1.416056597e-25
2.20645358e-25
3.73962734e-25
6.471544768e-25
1.101739643e-24
1.796903462e-24
2.740591812e-24
3.803306144e-24
4.626027471e-24
2.903731161e-25
4.529885613e-25
7.685552833e-25
1.330925676e-24
2.266415835e-24
3.695909331e-24
5.634182842e-24
7.813761831e-24
9.498498645e-24
5.952170414e-25
9.295061513e-25
1.578388098e-24
2.734712899e-24
4.657338912e-24
7.592530271e-24
1.156699156e-23
1.60287193e-23
1.947124444e-23
1.219375424e-24
1.905913696e-24
3.238685605e-24
5.613210899e-24
9.558728355e-24
1.557524829e-23
2.37089553e-23
3.282189999e-23
3.983827896e-23
2.495921637e-24
3.904246963e-24
6.638094789e-24
1.150686853e-23
1.958964813e-23
3.189758313e-23
4.850460016e-23
6.706782773e-23
8.132470796e-23
5.103074424e-24
7.987959781e-24
1.358694783e-23
2.355219118e-23
4.007675609e-23
6.519562427e-23
9.9010377e-23
1.367045014e-22
1.655693162e-22
1.041845923e-23
1.631790821e-23
2.77631897e-23
4.81165689e-23
8.18181391e-23
1.329398672e-22
2.015708638e-22
2.778277652e-22
3.360221239e-22
2.123230468e-23
3.327160728e-23
5.661521101e-23
9.80815613e-23
1.666198218e-22
2.703225124e-22
4.090926629e-22
5.626980725e-22
6.794533533e-22
4.31771629e-23
6.768636515e-23
1.151713182e-22
1.994026662e-22
3.383234531e-22
5.478882378e-22
8.272542355e-22
1.135128962e-21
1.368076977e-21
8.758059756e-23
1.373324834e-22
2.336255107e-22
4.041389391e-22
6.846309914e-22
1.106264929e-21
1.665863102e-21
2.279468075e-21
2.741346585e-21
1.771280016e-22
2.777848984e-22
4.723537977e-22
8.161669182e-22
1.379992686e-21
2.224051737e-21
3.33864915e-21
4.553870128e-21
5.463338852e-21
3.570419401e-22
5.5991401e-22
9.514481117e-22
1.641569804e-21
2.76923793e-21
4.449408738e-21
6.655434783e-21
9.045357128e-21
1.082265243e-20
7.170231022e-22
1.12415091e-21
1.908400512e-21
3.286630963e-21
5.529303271e-21
8.852838218e-21
1.318867268e-20
1.785312811e-20
2.1298126e-20
1.43404822e-21
2.247163612e-21
3.809937879e-21
6.546864296e-21
1.097923642e-20
1.750818897e-20
2.596561885e-20
3.499500828e-20
4.16149708e-20
2.855319696e-21
4.470689179e-21
7.567157379e-21
1.296855313e-20
2.16689422e-20
3.439895217e-20
5.076207464e-20
6.808978957e-20
8.069586891e-20
5.657982682e-21
8.848649654e-21
1.494603766e-20
2.553411019e-20
4.248664228e-20
6.710870081e-20
9.849545381e-20
1.314469583e-19
1.552279169e-19
1.115460097e-20
1.741760383e-20
2.934423982e-20
4.994948013e-20
8.272177643e-20
1.29942053e-19
1.896054196e-19
2.516824666e-19
2.961168548e-19
2.187346049e-20
3.408555546e-20
5.724855963e-20
9.704008393e-20
1.598699026e-19
2.496282525e-19
3.619909028e-19
4.778225715e-19
5.600495591e-19
4.265345112e-20
6.629822362e-20
1.109459998e-19
1.871684038e-19
3.065819655e-19
4.756403166e-19
6.852475627e-19
8.993051956e-19
1.050009886e-18
8.269573776e-20
1.28138721e-19
2.135234957e-19
3.583037584e-19
5.832342282e-19
8.986832956e-19
1.285962319e-18
1.677752982e-18
1.951350049e-18
1.593821494e-19
2.460493328e-19
4.080098408e-19
6.806296121e-19
1.100451832e-18
1.683508783e-18
2.392241964e-18
3.102559574e-18
3.594668574e-18
3.053333801e-19
4.693128589e-19
7.739514389e-19
1.282750259e-18
2.059103487e-18
3.126637883e-18
4.411426259e-18
5.687332046e-18
6.56453674e-18
5.813676841e-19
8.891079865e-19
1.457220573e-18
2.398305171e-18
3.8207075e-18
5.757045616e-18
8.06462134e-18
1.033592768e-17
1.188610003e-17
1.100132619e-18
1.672895939e-18
2.723193745e-18
4.448202893e-18
7.03036291e-18
1.05103969e-17
1.461784742e-17
1.862625801e-17
2.134311384e-17
2.068911843e-18
3.126023642e-18
5.050895617e-18
8.1845613e-18
1.28297464e-17
1.902834925e-17
2.627641638e-17
3.329217662e-17
3.801651931e-17
3.866650345e-18
5.801305625e-18
9.298442966e-18
1.494080181e-17
2.322352009e-17
3.416919088e-17
4.685347406e-17
5.903670177e-17
6.719110218e-17
7.181639389e-18
1.069261825e-17
1.699175661e-17
2.706318047e-17
4.170544824e-17
6.08735445e-17
8.289656743e-17
1.038966522e-16
1.178734817e-16
1.325604144e-17
1.957466533e-17
3.08250632e-17
4.865058693e-17
7.43217168e-17
1.076234974e-16
1.45575638e-16
1.815206729e-16
2.053208568e-16
2.431743254e-17
3.559555363e-17
5.552320918e-17
8.68152753e-17
1.314665057e-16
1.888887851e-16
2.538311127e-16
3.14953823e-16
3.552339595e-16
4.433582769e-17
6.430426857e-17
9.931899717e-17
1.538197714e-16
2.308984726e-16
3.2920774e-16
4.395987536e-16
5.428972118e-16
6.10679773e-16
8.034426236e-17
1.154228771e-16
1.764717773e-16
2.706818885e-16
4.027847747e-16
5.699647679e-16
7.564441945e-16
9.300175967e-16
1.043476883e-15
1.447305627e-16
2.05888822e-16
3.115441019e-16
4.732347632e-16
6.98101116e-16
9.805861685e-16
1.293759634e-15
1.583872481e-15
1.772860177e-15
2.591965889e-16
3.650538759e-16
5.465905597e-16
8.22170188e-16
1.202475909e-15
1.676990102e-15
2.20011406e-15
2.682622866e-15
2.99597736e-15
4.614631892e-16
6.43378256e-16
9.531530267e-16
1.419815986e-15
2.059173828e-15
2.851901749e-15
3.721358797e-15
4.520169865e-15
5.037520323e-15
8.167141686e-16
1.127204928e-15
1.652389383e-15
2.437868617e-15
3.506767651e-15
4.824373553e-15
6.26273192e-15
7.579540433e-15
8.430304191e-15
1.436965741e-15
1.963488824e-15
2.848462192e-15
4.163116347e-15
5.940888055e-15
8.120543294e-15
1.048975508e-14
1.265183568e-14
1.404572514e-14
2.513639656e-15
3.401067563e-15
4.883804218e-15
7.072550833e-15
1.001505416e-14
1.360489975e-14
1.749169527e-14
2.102852273e-14
2.330443513e-14
4.372092286e-15
5.859236262e-15
8.330227172e-15
1.195633429e-14
1.68048159e-14
2.26930514e-14
2.904570296e-14
3.481153985e-14
3.851574539e-14
7.562465592e-15
1.004121085e-14
1.413856692e-14
2.011845807e-14
2.807418631e-14
3.769569388e-14
4.804259152e-14
5.7412241e-14
6.342320292e-14
1.301036525e-14
1.712110608e-14
2.388360679e-14
3.37031619e-14
4.670691214e-14
6.237328362e-14
7.917159073e-14
9.435242761e-14
1.040797347e-13
2.226566595e-14
2.905085711e-14
4.016357215e-14
5.622433859e-14
7.740270244e-14
1.028283365e-13
1.300191523e-13
1.545476911e-13
1.7024862e-13
3.791158803e-14
4.906210129e-14
6.724956033e-14
9.342161745e-14
1.277982496e-13
1.689374701e-13
2.128283563e-13
2.523592983e-13
2.776418471e-13
6.423443243e-14
8.248373667e-14
1.12137726e-13
1.546406047e-13
2.102674585e-13
2.766442096e-13
3.473099285e-13
4.108681775e-13
4.514893538e-13
1.083153623e-13
1.380685515e-13
1.862481192e-13
2.550513846e-13
3.448044688e-13
4.51620809e-13
5.651231637e-13
6.670877134e-13
7.322187478e-13
1.818023062e-13
2.301371924e-13
3.081575978e-13
4.192026842e-13
5.636270195e-13
7.351006195e-13
9.170008088e-13
1.080243838e-12
1.18447277e-12
3.037721522e-13
3.82027965e-13
5.079787598e-13
6.866951149e-13
9.18502061e-13
1.193138679e-12
1.484044929e-12
1.74489079e-12
1.911387363e-12
5.053305015e-13
6.316211614e-13
8.343448767e-13
1.121199057e-12
1.492357633e-12
1.931260998e-12
2.395572086e-12
2.811615648e-12
3.077123548e-12
8.369617975e-13
1.040137362e-12
1.365494102e-12
1.824718258e-12
2.417601781e-12
3.117532322e-12
3.857179892e-12
4.519580176e-12
4.942271133e-12
1.380198709e-12
1.706062256e-12
2.226751755e-12
2.960016907e-12
3.904854827e-12
5.018672526e-12
6.194639431e-12
7.247379107e-12
7.919163876e-12
2.26601189e-12
2.787024195e-12
3.617904886e-12
4.785629774e-12
6.287691929e-12
8.056196394e-12
9.922040091e-12
1.159194336e-11
1.265766803e-11
3.703542996e-12
4.533873179e-12
5.855699358e-12
7.710042104e-12
1.009170396e-11
1.289289405e-11
1.584661579e-11
1.848980622e-11
2.017696837e-11
6.024556636e-12
7.343237833e-12
9.439144575e-12
1.237466327e-11
1.613995034e-11
2.056457173e-11
2.522814918e-11
2.940127922e-11
3.206558254e-11
9.75143311e-12
1.183764312e-11
1.514867082e-11
1.977932396e-11
2.571190199e-11
3.267803461e-11
4.00179649e-11
4.658610673e-11
5.078041712e-11
1.569982516e-11
1.898601605e-11
2.419460031e-11
3.146932968e-11
4.077934044e-11
5.170382785e-11
6.321120134e-11
7.350879896e-11
8.008587582e-11
2.513137863e-11
3.028218302e-11
3.843590887e-11
4.980956066e-11
6.435021492e-11
8.140090084e-11
9.935571309e-11
1.154222797e-10
1.25684889e-10
3.997717959e-11
4.800471466e-11
6.069669584e-11
7.837836236e-11
1.009595437e-10
1.274191638e-10
1.552702554e-10
1.801880107e-10
1.961032875e-10
6.31586429e-11
7.558787972e-11
9.521461549e-11
1.225211804e-10
1.573538164e-10
1.98133081e-10
2.410311835e-10
2.793964913e-10
3.038939796e-10
9.903887616e-11
1.181398117e-10
1.482617216e-10
1.901095802e-10
2.434199513e-10
3.057622567e-10
3.712873226e-10
4.298499286e-10
4.672234851e-10
1.540431659e-10
1.83149039e-10
2.289821018e-10
2.925532719e-10
3.734088442e-10
4.678298473e-10
5.669526725e-10
6.554541228e-10
7.118854172e-10
2.374906413e-10
2.814224842e-10
3.50490097e-10
4.461082638e-10
5.674935441e-10
7.089926624e-10
8.573018613e-10
9.89534643e-10
1.073748828e-09
3.626783508e-10
4.282946198e-10
5.312651991e-10
6.735103192e-10
8.536798823e-10
1.063244706e-09
1.282450653e-09
1.477540428e-09
1.601591553e-09
5.482516014e-10
6.451362261e-10
7.968623542e-10
1.005937051e-09
1.270050898e-09
1.576447362e-09
1.89614317e-09
2.180027119e-09
2.36019175e-09
8.198781829e-10
9.611700071e-10
1.18192766e-09
1.485263303e-09
1.867275994e-09
2.309076645e-09
2.768693232e-09
3.175729287e-09
3.433462791e-09
1.212217484e-09
1.415568203e-09
1.732469338e-09
2.166524561e-09
2.71125534e-09
3.339007683e-09
3.989849294e-09
4.564448088e-09
4.92733212e-09
1.77113843e-09
2.059765203e-09
2.508284961e-09
3.120446958e-09
3.885707557e-09
4.764090424e-09
5.671285839e-09
6.469416587e-09
6.972003231e-09
2.556094823e-09
2.959869548e-09
3.585393802e-09
4.435848243e-09
5.494455691e-09
6.704222956e-09
7.948386189e-09
9.038778441e-09
9.723221767e-09
3.642517819e-09
4.19901083e-09
5.058276107e-09
6.221672543e-09
7.663135709e-09
9.302614668e-09
1.098098806e-08
1.244584239e-08
1.336220726e-08
5.124040226e-09
5.879416259e-09
7.0416888e-09
8.608403712e-09
1.054005468e-08
1.272596123e-08
1.49528226e-08
1.688786125e-08
1.809401528e-08
7.114334668e-09
8.123988031e-09
9.671818715e-09
1.174861582e-08
1.429596853e-08
1.716332959e-08
2.006948779e-08
2.258322282e-08
2.414425036e-08
9.748335886e-09
1.107715394e-08
1.310655599e-08
1.581646806e-08
1.912263008e-08
2.282366624e-08
2.655494338e-08
2.976711002e-08
3.175423299e-08
1.318263251e-08
1.490479387e-08
1.752472267e-08
2.100603101e-08
2.523006768e-08
2.993197876e-08
3.464667282e-08
3.868585961e-08
4.117490155e-08
1.759485747e-08
1.979310337e-08
2.312417006e-08
2.752843196e-08
3.284267495e-08
3.872437577e-08
4.458979943e-08
4.959038996e-08
5.265986794e-08
2.318197537e-08
2.594633595e-08
3.011875241e-08
3.56079129e-08
4.219430544e-08
4.944226153e-08
5.663054513e-08
6.27291548e-08
6.645812081e-08
3.015745161e-08
3.358345762e-08
3.873428084e-08
4.547699075e-08
5.352265259e-08
6.232605046e-08
7.100946419e-08
7.834109925e-08
8.280687224e-08
3.874738026e-08
4.293383804e-08
4.920364629e-08
5.737098086e-08
6.706324532e-08
7.760878659e-08
8.79548711e-08
9.664905076e-08
1.019249818e-07
4.918573319e-08
5.423217982e-08
6.176136268e-08
7.152218449e-08
8.304339784e-08
9.551002595e-08
1.076768192e-07
1.178538861e-07
1.240072834e-07
6.170896102e-08
6.771294242e-08
7.663781508e-08
8.815404597e-08
1.016764247e-07
1.162302773e-07
1.303618935e-07
1.421297002e-07
1.492200137e-07
7.655021934e-08
8.36045438e-08
9.405350157e-08
1.074755611e-07
1.231563772e-07
1.39946215e-07
1.561689774e-07
1.696200863e-07
1.776974188e-07
9.393350874e-08
1.021236226e-07
1.142135354e-07
1.29676172e-07
1.476534882e-07
1.6680679e-07
1.852260574e-07
2.004355352e-07
2.095395132e-07
1.140680058e-07
1.234696188e-07
1.373026325e-07
1.549213261e-07
1.753104432e-07
1.969302902e-07
2.176280506e-07
2.346518898e-07
2.448109012e-07
1.371428289e-07
1.478198888e-07
1.634807578e-07
1.83348816e-07
2.062395302e-07
2.304023386e-07
2.534355888e-07
2.723097465e-07
2.835405278e-07
1.633224352e-07
1.753255192e-07
1.928795474e-07
2.15065962e-07
2.405206705e-07
2.672747752e-07
2.926746608e-07
3.134146757e-07
3.257222198e-07
1.927427904e-07
2.061079478e-07
2.255995727e-07
2.501476538e-07
2.782002976e-07
3.07565349e-07
3.353370078e-07
3.57938138e-07
3.713158837e-07
2.255083988e-07
2.402564519e-07
2.617084664e-07
2.886352286e-07
3.192910253e-07
3.512581319e-07
3.813811653e-07
4.058189814e-07
4.202492458e-07
2.616902307e-07
2.778265166e-07
3.012398965e-07
3.305361448e-07
3.637720383e-07
3.9830457e-07
4.307340609e-07
4.569654269e-07
4.724200416e-07
3.013245431e-07
3.188390637e-07
3.441933466e-07
3.758243896e-07
4.115901309e-07
4.486250947e-07
4.832930884e-07
5.112574689e-07
5.276985881e-07
3.44412559e-07
3.632804934e-07
3.905346441e-07
4.244415513e-07
4.626613195e-07
5.021112173e-07
5.389285943e-07
5.685496412e-07
5.859307036e-07
3.909209431e-07
4.111034722e-07
4.401971607e-07
4.762984766e-07
5.168729452e-07
5.586280293e-07
5.974867069e-07
6.286741167e-07
6.469410222e-07
4.407829966e-07
4.622283836e-07
4.930835968e-07
5.312774131e-07
5.740861526e-07
6.180169578e-07
6.587923155e-07
6.914439624e-07
7.10537054e-07
4.939004837e-07
5.165453543e-07
5.490682602e-07
5.892345434e-07
6.341386215e-07
6.800985525e-07
7.226515577e-07
7.566543315e-07
7.765060343e-07
5.501459984e-07
5.739167696e-07
6.07999769e-07
6.500028856e-07
6.968476768e-07
7.446759121e-07
7.888560899e-07
8.240895645e-07
8.446277367e-07
6.09365781e-07
6.341801903e-07
6.697040884e-07
7.133954345e-07
7.62013458e-07
8.115376243e-07
8.571848327e-07
8.935201679e-07
9.146711285e-07
6.713828907e-07
6.971515869e-07
7.339878396e-07
7.792085601e-07
8.29422494e-07
8.80461952e-07
9.274105933e-07
9.647141563e-07
9.864011528e-07
7.360006421e-07
7.626287952e-07
8.006417592e-07
8.472253983e-07
8.98850754e-07
9.512185024e-07
9.992965134e-07
1.037434398e-06
1.059580007e-06
8.03006215e-07
8.303951261e-07
8.694443294e-07
9.172196173e-07
9.700680365e-07
1.023575052e-06
1.072607953e-06
1.111444458e-06
1.133970921e-06
8.721743173e-07
9.002229646e-07
9.401652437e-07
9.889585703e-07
1.042840198e-06
1.097293034e-06
1.147109092e-06
1.186509916e-06
1.209340363e-06
9.432708224e-07
9.718773119e-07
1.0125688e-06
1.062206466e-06
1.116928307e-06
1.172138297e-06
1.222568014e-06
1.262401372e-06
1.285460604e-06
1.0160563e-06
1.045119198e-06
1.086417117e-06
1.136723353e-06
1.192098465e-06
1.247880769e-06
1.298758817e-06
1.338896702e-06
1.362111882e-06
1.090289353e-06
1.119708835e-06
1.161468929e-06
1.21227494e-06
1.268121338e-06
1.324296812e-06
1.375463622e-06
1.415782942e-06
1.439084212e-06
1.165729529e-06
1.195404092e-06
1.237489528e-06
1.288632075e-06
1.344774458e-06
1.401171234e-06
1.452474325e-06
1.492857857e-06
1.516178855e-06
1.2421342e-06
1.271970506e-06
1.314250106e-06
1.365572985e-06
1.421844171e-06
1.478298974e-06
1.529594034e-06
1.569931198e-06
1.593209473e-06
1.319272393e-06
1.349181071e-06
1.391530075e-06
1.442885213e-06
1.499127286e-06
1.555486474e-06
1.606638202e-06
1.646825655e-06
1.670002977e-06
1.396921495e-06
1.426818021e-06
1.469118869e-06
1.520367206e-06
1.576432394e-06
1.632552731e-06
1.683435454e-06
1.723377514e-06
1.74640009e-06
1.474869171e-06
1.504674426e-06
1.546817386e-06
1.597829544e-06
1.653580856e-06
1.70933006e-06
1.759828139e-06
1.799437043e-06
1.82225565e-06
1.552914852e-06
1.582555506e-06
1.624439127e-06
1.675095864e-06
1.730407499e-06
1.785664558e-06
1.835672607e-06
1.874868637e-06
1.897438666e-06
1.630870877e-06
1.660279619e-06
1.701811003e-06
1.752003478e-06
1.80676103e-06
1.861416331e-06
1.910839258e-06
1.94955073e-06
1.971832169e-06
1.708563299e-06
1.737678952e-06
1.778773873e-06
1.828403726e-06
1.882504201e-06
1.936459472e-06
1.985212384e-06
2.023375533e-06
2.045332884e-06
1.785832389e-06
1.81459992e-06
1.855182802e-06
1.904162075e-06
1.95751375e-06
2.010681866e-06
2.05868983e-06
2.096248603e-06
2.117850751e-06
1.862532876e-06
1.890903313e-06
1.93090709e-06
1.979158016e-06
2.031680154e-06
2.083984805e-06
2.131182522e-06
2.168088288e-06
2.189308324e-06
1.938533938e-06
1.966464216e-06
2.005830087e-06
2.053284765e-06
2.104907224e-06
2.156282484e-06
2.202613862e-06
2.238825065e-06
2.259640084e-06
2.013718989e-06
2.041171734e-06
2.079848841e-06
2.126448815e-06
2.177111561e-06
2.227501375e-06
2.272919046e-06
2.308400813e-06
2.32879168e-06
2.087985291e-06
2.114928553e-06
2.152873591e-06
2.198569367e-06
2.248221921e-06
2.29757953e-06
2.342044316e-06
2.376768028e-06
2.396719129e-06
2.161243424e-06
2.187650373e-06
2.224827158e-06
2.269577659e-06
2.318178491e-06
2.36646582e-06
2.409946164e-06
2.443889008e-06
2.463387994e-06
2.233416642e-06
2.259265242e-06
2.295644235e-06
2.33941623e-06
2.386932125e-06
2.434119138e-06
2.476590522e-06
2.509735033e-06
2.528772555e-06
2.304440144e-06
2.329712806e-06
2.36527063e-06
2.408038135e-06
2.45444354e-06
2.500507586e-06
2.541951942e-06
2.574285541e-06
2.592854985e-06
2.374260291e-06
2.398943523e-06
2.433662458e-06
2.475406134e-06
2.520682501e-06
2.565607666e-06
2.606012785e-06
2.637527327e-06
2.655624557e-06
2.442833785e-06
2.466917832e-06
2.500785319e-06
2.541491874e-06
2.585627012e-06
2.629403473e-06
2.668762436e-06
2.699453763e-06
2.71707687e-06
2.510126826e-06
2.533605324e-06
2.566613474e-06
2.606275073e-06
2.649262512e-06
2.691885918e-06
2.730196543e-06
2.760064059e-06
2.777213118e-06
2.57611428e-06
2.598983914e-06
2.63112903e-06
2.669742727e-06
2.711581113e-06
2.753051985e-06
2.790316294e-06
2.819362561e-06
2.836039401e-06
2.640778851e-06
2.663039026e-06
2.694321147e-06
2.731888343e-06
2.772580852e-06
2.812904018e-06
2.84912774e-06
2.877358092e-06
2.893566082e-06
2.704110281e-06
2.725762813e-06
2.756185278e-06
2.792711206e-06
2.832264998e-06
2.871449059e-06
2.906641157e-06
2.934063344e-06
2.949807189e-06
2.766104585e-06
2.787153405e-06
2.816722447e-06
2.852215688e-06
2.890641393e-06
2.928698224e-06
2.962870462e-06
2.989494314e-06
3.00477987e-06
2.826763327e-06
2.847214205e-06
2.875938567e-06
2.9104106e-06
2.947721843e-06
2.984666132e-06
3.017832669e-06
3.043669794e-06
3.058503895e-06
2.88609293e-06
2.905953223e-06
2.933843808e-06
2.967308595e-06
3.003521552e-06
3.03937038e-06
3.071547399e-06
3.096610897e-06
3.1110012e-06
2.944104046e-06
2.963382461e-06
2.990452006e-06
3.022925611e-06
3.058058612e-06
3.09283106e-06
3.124036432e-06
3.148340646e-06
3.162295487e-06
3.000810967e-06
3.019517349e-06
3.045780126e-06
3.077280368e-06
3.111353526e-06
3.145070328e-06
3.175323308e-06
3.19888359e-06
3.212411853e-06
3.056231085e-06
3.074376218e-06
3.09984777e-06
3.130393905e-06
3.163428792e-06
3.196112016e-06
3.225432966e-06
3.248265468e-06
3.261376474e-06
3.1103844e-06
3.127979834e-06
3.152676731e-06
3.182289172e-06
3.214308515e-06
3.24598128e-06
3.274391423e-06
3.296512916e-06
3.309216319e-06
3.163293078e-06
3.18035097e-06
3.204290588e-06
3.232990651e-06
3.26401807e-06
3.294704292e-06
3.322225496e-06
3.343653205e-06
3.355958898e-06
3.214981046e-06
3.23151402e-06
3.254714352e-06
3.282524029e-06
3.312583801e-06
3.342307971e-06
3.368962551e-06
3.38971401e-06
3.401632047e-06
3.265473639e-06
3.28149466e-06
3.303974143e-06
3.330915903e-06
3.360032753e-06
3.388819737e-06
3.414630293e-06
3.434723215e-06
3.446263742e-06
3.314797281e-06
3.330319545e-06
3.352096906e-06
3.378193522e-06
3.406392442e-06
3.434267309e-06
3.45925657e-06
3.478708742e-06
3.489881932e-06
3.362979201e-06
3.378016038e-06
3.399110167e-06
3.424384558e-06
3.451690649e-06
3.478678522e-06
3.502869221e-06
3.521698406e-06
3.532514409e-06
3.410047189e-06
3.424611979e-06
3.445041813e-06
3.469516914e-06
3.495955248e-06
3.522081173e-06
3.545495938e-06
3.563719791e-06
3.574188688e-06
3.45602938e-06
3.470135482e-06
3.489919901e-06
3.513618551e-06
3.539214051e-06
3.56450289e-06
3.587164147e-06
3.604800145e-06
3.614931912e-06
3.500954067e-06
3.514614754e-06
3.533772502e-06
3.556717346e-06
3.581494688e-06
3.605971018e-06
3.627900912e-06
3.644966302e-06
3.654770771e-06
3.544849539e-06
3.558077949e-06
3.57662756e-06
3.598840961e-06
3.622824489e-06
3.64651253e-06
3.667732861e-06
3.6842446e-06
3.693731439e-06
3.587743947e-06
3.600553034e-06
3.618512771e-06
3.640016747e-06
3.663230403e-06
3.686153948e-06
3.70668611e-06
3.722660834e-06
3.731839523e-06
3.629665183e-06
3.642067683e-06
3.659455489e-06
3.680271653e-06
3.702738916e-06
3.724921281e-06
3.744786222e-06
3.760240208e-06
3.769120018e-06
3.670640785e-06
3.682649183e-06
3.69948264e-06
3.719632154e-06
3.741375996e-06
3.762839971e-06
3.782058157e-06
3.797007298e-06
3.805597279e-06
3.710697854e-06
3.722324362e-06
3.738620655e-06
3.758124192e-06
3.779167037e-06
3.799934857e-06
3.818526239e-06
3.832986023e-06
3.841294994e-06
3.749862985e-06
3.761119519e-06
3.776895412e-06
3.795773128e-06
3.816136824e-06
3.836230139e-06
3.854214133e-06
3.868199628e-06
3.876236167e-06
3.788162211e-06
3.799060379e-06
3.814332193e-06
3.832603698e-06
3.852309496e-06
3.871749349e-06
3.88914482e-06
3.902670659e-06
3.910443094e-06
3.825620955e-06
3.836172041e-06
3.850955638e-06
3.868639985e-06
3.887708515e-06
3.906515326e-06
3.923340573e-06
3.936420945e-06
3.943937351e-06
3.862263991e-06
3.872478946e-06
3.886789716e-06
3.903905379e-06
3.922356636e-06
3.94055019e-06
3.95682293e-06
3.969471571e-06
3.976739764e-06
3.898115402e-06
3.908004838e-06
3.921857682e-06
3.938422546e-06
3.956275878e-06
3.973875305e-06
3.989612664e-06
4.001842843e-06
4.008870369e-06
3.933198546e-06
3.942772721e-06
3.956182047e-06
3.97221339e-06
3.989487477e-06
4.006511235e-06
4.021729724e-06
4.033554228e-06
4.040348359e-06
3.967536004e-06
3.976804817e-06
3.989784517e-06
4.005298989e-06
4.022011818e-06
4.038477666e-06
4.053193158e-06
4.064624267e-06
4.071191978e-06
4.001149522e-06
4.010122495e-06
4.022685924e-06
4.037699518e-06
4.053868348e-06
4.069793302e-06
4.084020984e-06
4.09507043e-06
4.101418379e-06
4.034059924e-06
4.04274618e-06
4.054906121e-06
4.069434127e-06
4.085075426e-06
4.100475692e-06
4.114229995e-06
4.124908903e-06
4.131043388e-06
4.066286994e-06
4.074695219e-06
4.086463829e-06
4.100520756e-06
4.115650116e-06
4.130540986e-06
4.143835478e-06
4.154154266e-06
4.160081162e-06
4.097849295e-06
4.10598769e-06
4.117376417e-06
4.130975884e-06
4.145607877e-06
4.160003572e-06
4.172850795e-06
4.182819029e-06
4.188543696e-06
4.128763924e-06
4.136640119e-06
4.147659578e-06
4.16081415e-06
4.174962126e-06
4.188875561e-06
4.201286789e-06
4.210912971e-06
4.216440117e-06
4.159046155e-06
4.166667095e-06
4.17732689e-06
4.190047834e-06
4.203723625e-06
4.217166073e-06
4.229150965e-06
4.238442225e-06
4.243775712e-06
4.188708949e-06
4.196080725e-06
4.206389195e-06
4.218686142e-06
4.231899642e-06
4.244880261e-06
4.256446376e-06
4.265408047e-06
4.270550615e-06
4.217762289e-06
4.224889907e-06
4.234853769e-06
4.246734241e-06
4.259492828e-06
4.272018008e-06
4.28317014e-06
4.291805166e-06
4.296758064e-06
4.24621229e-06
4.253099356e-06
4.262723225e-06
4.274191992e-06
4.286499751e-06
4.298572235e-06
4.309311515e-06
4.317619676e-06
4.322382161e-06
4.274060042e-06
4.280708333e-06
4.289994083e-06
4.301052315e-06
4.312909001e-06
4.324526734e-06
4.334849462e-06
4.342826343e-06
4.347395037e-06
4.301300115e-06
4.307709033e-06
4.316654958e-06
4.327299123e-06
4.338698831e-06
4.349853469e-06
4.359749608e-06
4.367385293e-06
4.371753354e-06
4.327918689e-06
4.334084551e-06
4.342684301e-06
4.352904764e-06
4.36383424e-06
4.374509278e-06
4.383960568e-06
4.391238009e-06
4.395394103e-06
4.353891245e-06
4.359806396e-06
4.368047649e-06
4.377826927e-06
4.388263478e-06
4.398431946e-06
4.407409596e-06
4.414302612e-06
4.418229664e-06
4.379179773e-06
4.384831503e-06
4.392694337e-06
4.40200498e-06
4.411913953e-06
4.421535637e-06
4.42999756e-06
4.436468468e-06
4.440142182e-06
4.403729476e-06
4.409098715e-06
4.41655367e-06
4.425355746e-06
4.434687537e-06
4.443705729e-06
4.451593321e-06
4.457590189e-06
4.460977335e-06
4.427464959e-06
4.432524756e-06
4.439530568e-06
4.447768742e-06
4.456455371e-06
4.464793148e-06
4.472027642e-06
4.477481191e-06
4.480537703e-06
4.450285931e-06
4.45499971e-06
4.461500747e-06
4.469100994e-06
4.477052265e-06
4.484608379e-06
4.491086838e-06
4.495907086e-06
4.498575999e-06
4.472062493e-06
4.476382127e-06
4.482305554e-06
4.489171569e-06
4.496270922e-06
4.5029154e-06
4.508506497e-06
4.512579254e-06
4.514788578e-06
4.492630137e-06
4.496493873e-06
4.501746645e-06
4.507756059e-06
4.513856267e-06
4.519425919e-06
4.523965693e-06
4.527149098e-06
4.528809757e-06
4.511784633e-06
4.515114966e-06
4.519580758e-06
4.524581344e-06
4.529500273e-06
4.533794368e-06
4.537082242e-06
4.539203604e-06
4.540207589e-06
4.529277083e-06
4.531978672e-06
4.535514929e-06
4.539321038e-06
4.542837777e-06
4.545614233e-06
4.54740966e-06
4.548262918e-06
4.548481884e-06
4.544809461e-06
4.546767249e-06
4.549202589e-06
4.551592117e-06
4.553443859e-06
4.554416397e-06
4.554436582e-06
4.553780798e-06
4.553065348e-06
4.558031068e-06
4.559108792e-06
4.56024104e-06
4.56095332e-06
4.560833464e-06
4.559670231e-06
4.557589468e-06
4.555148802e-06
4.553328753e-06
4.568536397e-06
4.568575707e-06
4.568170905e-06
4.566905964e-06
4.564463966e-06
4.560788231e-06
4.55623942e-06
4.551705089e-06
4.548591031e-06
4.575864949e-06
4.574685405e-06
4.572478182e-06
4.568897848e-06
4.5637414e-06
4.557134923e-06
4.549713887e-06
4.54274861e-06
4.538135054e-06
4.579503621e-06
4.576903827e-06
4.57259952e-06
4.566330897e-06
4.558031007e-06
4.548040694e-06
4.537313839e-06
4.527559214e-06
4.521229601e-06
4.578892231e-06
4.574652389e-06
4.567931317e-06
4.558573097e-06
4.546672603e-06
4.532820959e-06
4.518336736e-06
4.505423876e-06
4.497157607e-06
4.573432738e-06
4.567318874e-06
4.557843106e-06
4.544975118e-06
4.529001022e-06
4.510800742e-06
4.492105147e-06
4.475668705e-06
4.465250233e-06
4.562502598e-06
4.554272637e-06
4.541695489e-06
4.524891734e-06
4.504371544e-06
4.481344318e-06
4.458000368e-06
4.437695771e-06
4.424925581e-06
4.545472467e-06
4.534884264e-06
4.518862615e-06
4.497707782e-06
4.472189738e-06
4.443888956e-06
4.415499664e-06
4.391023016e-06
4.375730072e-06
4.521728234e-06
4.508549494e-06
4.488758775e-06
4.462867938e-06
4.431944588e-06
4.397981176e-06
4.364215049e-06
4.335324686e-06
4.317379631e-06
4.49069697e-06
4.474716834e-06
4.450868248e-06
4.419909059e-06
4.383243179e-06
4.343313233e-06
4.303930742e-06
4.270468923e-06
4.249796954e-06
4.451875966e-06
4.432917794e-06
4.404777023e-06
4.368493255e-06
4.325844579e-06
4.279756899e-06
4.234635785e-06
4.196548415e-06
4.17314031e-06
4.404863551e-06
4.382798231e-06
4.350204503e-06
4.308439398e-06
4.259690156e-06
4.207391294e-06
4.156548077e-06
4.113899641e-06
4.087818032e-06
4.349389977e-06
4.324148833e-06
4.287032981e-06
4.239750542e-06
4.184927565e-06
4.126521988e-06
4.070127322e-06
4.023108045e-06
3.994478257e-06
4.28534623e-06
4.256932507e-06
4.215332451e-06
4.16263476e-06
4.101926209e-06
4.037690287e-06
3.976080001e-06
3.925018849e-06
3.894117424e-06
4.21280833e-06
4.181306043e-06
4.135377994e-06
4.077516525e-06
4.011281245e-06
3.941668362e-06
3.875343491e-06
3.820756736e-06
3.787884222e-06
4.132054395e-06
4.097633214e-06
4.047656301e-06
3.985034002e-06
3.913802004e-06
3.839435445e-06
3.769101564e-06
3.711567598e-06
3.677089107e-06
4.043572102e-06
4.006487462e-06
3.952859209e-06
3.886012957e-06
3.810485901e-06
3.732192719e-06
3.658629767e-06
3.598815569e-06
3.563141709e-06
3.948054549e-06
3.908647209e-06
3.851881257e-06
3.781545019e-06
3.702554686e-06
3.621215635e-06
3.545287917e-06
3.483914019e-06
3.447478323e-06
3.846372688e-06
3.805072501e-06
3.745832577e-06
3.672794195e-06
3.591256041e-06
3.507831494e-06
3.430448327e-06
3.368251205e-06
3.331486308e-06
3.739666812e-06
3.696942484e-06
3.635898547e-06
3.561008199e-06
3.47788477e-06
3.393360767e-06
3.315428121e-06
3.253120464e-06
3.216434457e-06
3.629114922e-06
3.585465152e-06
3.523328958e-06
3.44746216e-06
3.36371769e-06
3.279054333e-06
3.201427228e-06
3.139660737e-06
3.103416171e-06
3.515967322e-06
3.471899827e-06
3.409386468e-06
3.333401207e-06
3.249954264e-06
3.166037731e-06
3.089478257e-06
3.028812899e-06
2.99331056e-06
3.401491919e-06
3.357499244e-06
3.295291034e-06
3.219985976e-06
3.1376659e-06
3.055267925e-06
2.980412719e-06
2.921295259e-06
2.886764153e-06
3.286917604e-06
3.243453701e-06
3.182167771e-06
3.108245966e-06
3.027757603e-06
2.947505917e-06
2.874845685e-06
2.81759895e-06
2.784192955e-06
3.173381063e-06
3.130841196e-06
3.071003249e-06
2.999044625e-06
2.92094442e-06
2.843306287e-06
2.773178342e-06
2.718001203e-06
2.685801985e-06
3.061881675e-06
3.020587517e-06
2.962613765e-06
2.893058499e-06
2.817743451e-06
2.743022673e-06
2.67561577e-06
2.622592477e-06
2.591617476e-06
2.953248152e-06
2.913439188e-06
2.85762759e-06
2.790771038e-06
2.718480297e-06
2.646826425e-06
2.58219578e-06
2.531312293e-06
2.501526154e-06
2.848119128e-06
2.809950688e-06
2.756481464e-06
2.69247993e-06
2.623307381e-06
2.554734555e-06
2.492823976e-06
2.443988497e-06
2.415316165e-06
2.746938281e-06
2.710485717e-06
2.659430059e-06
2.598315502e-06
2.532230594e-06
2.466642706e-06
2.407310491e-06
2.360375412e-06
2.332715299e-06
2.649962884e-06
2.615230761e-06
2.566565848e-06
2.508266874e-06
2.445140439e-06
2.382359156e-06
2.325404624e-06
2.28018757e-06
2.253423554e-06
2.557283375e-06
2.524218101e-06
2.477846088e-06
2.422212264e-06
2.361844098e-06
2.301636684e-06
2.246824828e-06
2.203127114e-06
2.177138586e-06
2.468850605e-06
2.437354808e-06
2.393123385e-06
2.339950121e-06
2.282095546e-06
2.224200086e-06
2.171282669e-06
2.128904249e-06
2.103573859e-06
2.384507158e-06
2.3544542e-06
2.312176628e-06
2.261228331e-06
2.205621709e-06
2.14976825e-06
2.098500473e-06
2.057251056e-06
2.032470152e-06
2.304019315e-06
2.275266668e-06
2.234739676e-06
2.18576964e-06
2.132143597e-06
2.078070489e-06
2.028223079e-06
1.98792961e-06
1.96360161e-06
2.227106897e-06
2.199507491e-06
2.16052604e-06
2.113292206e-06
2.061392123e-06
2.008857563e-06
1.960224608e-06
1.920735591e-06
1.896777658e-06
2.153469015e-06
2.126880121e-06
2.08924861e-06
2.043525012e-06
1.993118913e-06
1.941908147e-06
1.894311342e-06
1.855498658e-06
1.831842085e-06
2.082804705e-06
2.057094259e-06
2.020634225e-06
1.976218406e-06
1.927102789e-06
1.877031712e-06
1.830321816e-06
1.792080699e-06
1.768670419e-06
2.014828131e-06
1.989878721e-06
1.95443341e-06
1.911150396e-06
1.863152787e-06
1.814068806e-06
1.768125115e-06
1.730372966e-06
1.707166563e-06
1.949278713e-06
1.924989572e-06
1.890425951e-06
1.848129528e-06
1.801108585e-06
1.752889586e-06
1.707618211e-06
1.670292853e-06
1.647259478e-06
1.885926842e-06
1.862214295e-06
1.828423124e-06
1.78699513e-06
1.740839063e-06
1.693391207e-06
1.648722791e-06
1.61178081e-06
1.58890059e-06
1.824576056e-06
1.80137285e-06
1.768267367e-06
1.727615628e-06
1.682239488e-06
1.635494212e-06
1.591381278e-06
1.554796641e-06
1.532061974e-06
1.76506257e-06
1.742316441e-06
1.709830131e-06
1.669885488e-06
1.625227594e-06
1.579137662e-06
1.53555037e-06
1.499309514e-06
1.476716764e-06
1.707252979e-06
1.68492477e-06
1.653008602e-06
1.6137214e-06
1.569739299e-06
1.524274393e-06
1.481195791e-06
1.445292366e-06
1.422831791e-06
1.651040857e-06
1.629102419e-06
1.597721846e-06
1.559058239e-06
1.515724508e-06
1.470866684e-06
1.428287812e-06
1.392709419e-06
1.370375821e-06
1.596342842e-06
1.574774919e-06
1.543906876e-06
1.505845154e-06
1.463143204e-06
1.418882228e-06
1.376792368e-06
1.341530561e-06
1.319321436e-06
1.543094692e-06
1.521884919e-06
1.491515046e-06
1.454042245e-06
1.411962346e-06
1.368290454e-06
1.326678111e-06
1.291727353e-06
1.269641456e-06
1.491247627e-06
1.470388779e-06
1.44050905e-06
1.403618314e-06
1.362155178e-06
1.319058276e-06
1.277913749e-06
1.243268059e-06
1.221301798e-06
1.440765119e-06
1.420253454e-06
1.390859757e-06
1.354546857e-06
1.313687089e-06
1.271152899e-06
1.230465084e-06
1.196111636e-06
1.174245038e-06
1.391620347e-06
1.371453838e-06
1.342543354e-06
1.306796521e-06
1.266526846e-06
1.224542878e-06
1.184297801e-06
1.150216955e-06
1.128419768e-06
1.343794374e-06
1.323969895e-06
1.295531145e-06
1.260337591e-06
1.220645662e-06
1.179198884e-06
1.139379369e-06
1.10554275e-06
1.0838315e-06
1.297263122e-06
1.277771551e-06
1.249794048e-06
1.215142755e-06
1.1760174e-06
1.13509555e-06
1.095686323e-06
1.062094398e-06
1.040483583e-06
1.251996205e-06
1.232830314e-06
1.205305219e-06
1.171186448e-06
1.132616902e-06
1.092206997e-06
1.053190987e-06
1.019870191e-06
9.983750112e-07
1.20796604e-06
1.189119946e-06
1.162039537e-06
1.128443989e-06
1.090418519e-06
1.050503315e-06
1.011899468e-06
9.788693765e-07
9.575032961e-07
1.165147323e-06
1.14661582e-06
1.11997282e-06
1.086891235e-06
1.049398122e-06
1.009976996e-06
9.718080467e-07
9.390869917e-07
9.178629139e-07
1.123515702e-06
1.105293423e-06
1.079079756e-06
1.04650099e-06
1.009525259e-06
9.706234301e-07
9.329099655e-07
9.005150278e-07
8.794456384e-07
1.083045895e-06
1.065126239e-06
1.039330993e-06
1.007237785e-06
9.707990838e-07
9.324364134e-07
8.951961375e-07
8.631432082e-07
8.422411335e-07
1.043709014e-06
1.026083257e-06
1.000691127e-06
9.690953359e-07
9.332132042e-07
8.954066895e-07
8.586551948e-07
8.269594188e-07
8.062373951e-07
1.005466562e-06
9.881238633e-07
9.631467704e-07
9.320678226e-07
8.96758566e-07
8.595225741e-07
8.232739281e-07
7.919500951e-07
7.714210812e-07
9.682833381e-07
9.512396505e-07
9.266943845e-07
8.961472704e-07
8.614238669e-07
8.247704999e-07
7.890377262e-07
7.581005223e-07
7.377777346e-07
9.321633838e-07
9.154293836e-07
8.913277412e-07
8.613234305e-07
8.271958774e-07
7.911354516e-07
7.559308979e-07
7.253950202e-07
7.052919032e-07
8.971052501e-07
8.806879146e-07
8.570377751e-07
8.275838667e-07
7.940597556e-07
7.586012855e-07
7.239368636e-07
6.938170265e-07
6.739471817e-07
8.631030267e-07
8.470065671e-07
8.238127471e-07
7.949142051e-07
7.619993459e-07
7.271509414e-07
6.930382416e-07
6.633491102e-07
6.437262013e-07
8.301470307e-07
8.143735736e-07
7.916385888e-07
7.632984633e-07
7.309974299e-07
6.967665611e-07
6.632168625e-07
6.339729439e-07
6.1461059e-07
7.98224417e-07
7.82774581e-07
7.604993303e-07
7.32719377e-07
7.010359101e-07
6.674295361e-07
6.344537379e-07
6.056692456e-07
5.865809021e-07
7.673198008e-07
7.521931967e-07
7.303775323e-07
7.031586801e-07
6.720959282e-07
6.391205073e-07
6.067290017e-07
5.784176875e-07
5.596164943e-07
7.374158869e-07
7.226115194e-07
7.012546723e-07
6.745973216e-07
6.441579396e-07
6.118193553e-07
5.800218571e-07
5.521967808e-07
5.336953136e-07
7.084940512e-07
6.940106051e-07
6.731114569e-07
6.470156335e-07
6.172017903e-07
5.855052589e-07
5.54310653e-07
5.269839219e-07
5.08793717e-07
6.805348267e-07
6.663708374e-07
6.459280614e-07
6.203934724e-07
5.91206841e-07
5.601569158e-07
5.295733808e-07
5.027565188e-07
4.848888427e-07
6.535182627e-07
6.396721909e-07
6.196842957e-07
5.94710326e-07
5.661520691e-07
5.357526796e-07
5.057878214e-07
4.794920435e-07
4.619586994e-07
6.274241583e-07
6.138943969e-07
5.943597067e-07
5.699453815e-07
5.420161327e-07
5.122705982e-07
4.829314247e-07
4.571673546e-07
4.399800463e-07
6.022321894e-07
5.890170289e-07
5.699336328e-07
5.460775759e-07
5.187774475e-07
4.896885866e-07
4.609818434e-07
4.357603834e-07
4.189300132e-07
5.779219558e-07
5.650195318e-07
5.463852191e-07
5.230855955e-07
4.964141168e-07
4.679840655e-07
4.399156486e-07
4.152476517e-07
3.987846149e-07
5.54472981e-07
5.41881221e-07
5.236934331e-07
5.009479423e-07
4.74904157e-07
4.471347363e-07
4.197106954e-07
3.956058684e-07
3.795195434e-07
5.318646803e-07
5.195812552e-07
5.018370315e-07
4.796428452e-07
4.542251569e-07
4.271173884e-07
4.00343573e-07
3.76810763e-07
3.611095516e-07
5.100763183e-07
4.980986061e-07
4.807945597e-07
4.591483494e-07
4.343547206e-07
4.079094807e-07
3.817905606e-07
3.588371413e-07
3.435281829e-07
4.890869514e-07
4.774119926e-07
4.60544232e-07
4.394419931e-07
4.152694969e-07
3.894872586e-07
3.640264986e-07
3.41657939e-07
3.267467021e-07
4.68875377e-07
4.574998446e-07
4.410639568e-07
4.205010863e-07
3.969463937e-07
3.718259011e-07
3.470240058e-07
3.252425127e-07
3.107314511e-07
4.494200564e-07
4.383401942e-07
4.223311162e-07
4.023021238e-07
3.793610227e-07
3.548986129e-07
3.307520148e-07
3.095530134e-07
2.954359868e-07
4.306990644e-07
4.199106726e-07
4.043227519e-07
3.848219937e-07
3.624884485e-07
3.386772186e-07
3.151761879e-07
2.945408647e-07
2.807730334e-07
4.126900773e-07
4.021886117e-07
3.87016248e-07
3.680374307e-07
3.463045431e-07
3.231366273e-07
3.002715181e-07
2.801872459e-07
2.667506055e-07
3.953705856e-07
3.851520276e-07
3.703898176e-07
3.519262734e-07
3.3078627e-07
3.08253153e-07
2.860157727e-07
2.664788146e-07
2.533919286e-07
3.787197296e-07
3.687800634e-07
3.544221952e-07
3.364665787e-07
3.159106147e-07
2.940014654e-07
2.723756421e-07
2.533505093e-07
2.406665437e-07
3.627172956e-07
3.530523012e-07
3.390926862e-07
3.216373388e-07
3.016567702e-07
2.803630763e-07
2.593434286e-07
2.408388965e-07
2.285729548e-07
3.473434966e-07
3.379487786e-07
3.243810135e-07
3.074179247e-07
2.880036465e-07
2.673155814e-07
2.468912133e-07
2.289387348e-07
2.170980612e-07
3.325789178e-07
3.23449852e-07
3.102672169e-07
2.937879204e-07
2.749298243e-07
2.548342406e-07
2.349813445e-07
2.17626139e-07
2.062190717e-07
3.184043813e-07
3.095361354e-07
2.967316599e-07
2.807275633e-07
2.624164402e-07
2.429069712e-07
2.236382666e-07
2.068901812e-07
1.959162483e-07
3.048008504e-07
2.961883072e-07
2.837544264e-07
2.682153544e-07
2.504365569e-07
2.314851703e-07
2.128445833e-07
1.967110222e-07
1.861670741e-07
2.917493986e-07
2.833871827e-07
2.713159915e-07
2.562318417e-07
2.389743296e-07
2.205767967e-07
2.025863472e-07
1.870677945e-07
1.769481927e-07
2.792310525e-07
2.711133277e-07
2.593958654e-07
2.447536808e-07
2.279966335e-07
2.101817691e-07
1.928483287e-07
1.779391662e-07
1.682360914e-07
2.672266435e-07
2.59346989e-07
2.479732771e-07
2.337590756e-07
2.174854301e-07
2.002856815e-07
1.836114085e-07
1.693028366e-07
1.600071035e-07
2.557163819e-07
2.480672617e-07
2.370246259e-07
2.232166824e-07
2.074509629e-07
1.908765422e-07
1.748562337e-07
1.611365074e-07
1.522378273e-07
2.44679217e-07
2.372517545e-07
2.265263465e-07
2.131086837e-07
1.978838392e-07
1.819384296e-07
1.665626463e-07
1.534179999e-07
1.449052935e-07
2.340902428e-07
2.268706061e-07
2.164349204e-07
2.03443572e-07
1.887741073e-07
1.734542691e-07
1.587102888e-07
1.461254863e-07
1.379871113e-07
2.23918138e-07
2.168864082e-07
2.067561303e-07
1.942182378e-07
1.801089849e-07
1.654061915e-07
1.512788937e-07
1.392376497e-07
1.314615773e-07
2.141145145e-07
2.072840521e-07
1.974959981e-07
1.854253235e-07
1.718738935e-07
1.577759376e-07
1.442484927e-07
1.327338001e-07
1.253077547e-07
2.046793981e-07
1.980816861e-07
1.886543373e-07
1.77054538e-07
1.640531696e-07
1.505451844e-07
1.375995728e-07
1.265939581e-07
1.195055314e-07
1.95637572e-07
1.892863826e-07
1.802259901e-07
1.690934928e-07
1.566305444e-07
1.436957886e-07
1.313132e-07
1.20798925e-07
1.140356687e-07
1.869978655e-07
1.808970332e-07
1.72202025e-07
1.6152833e-07
1.495894844e-07
1.372099664e-07
1.253711211e-07
1.153303504e-07
1.088798582e-07
1.787592494e-07
1.729069147e-07
1.645708621e-07
1.543442816e-07
1.429134977e-07
1.310704789e-07
1.197558918e-07
1.10170836e-07
1.040208159e-07
1.709146175e-07
1.65305664e-07
1.573192404e-07
1.475261678e-07
1.365864255e-07
1.252608398e-07
1.144510611e-07
1.053041226e-07
9.944247545e-08
1.634533294e-07
1.580808636e-07
1.504331636e-07
1.410590132e-07
1.305929138e-07
1.19765737e-07
1.094415846e-07
1.007155071e-07
9.513041047e-08
1.563631086e-07
1.512194007e-07
1.438988606e-07
1.349288025e-07
1.249191126e-07
1.14571767e-07
1.047146351e-07
9.639273153e-08
9.107277128e-08
1.496322214e-07
1.447094087e-07
1.377045679e-07
1.291242213e-07
1.195544678e-07
1.096693256e-07
1.002615966e-07
9.232805197e-08
8.726239056e-08
1.432530525e-07
1.385436875e-07
1.318438779e-07
1.236400784e-07
1.144953686e-07
1.050565902e-07
9.608240791e-08
8.852286385e-08
8.370153047e-08
1.372319597e-07
1.327296264e-07
1.263257849e-07
1.184875371e-07
1.097556174e-07
1.007502455e-07
9.219647731e-08
8.499861969e-08
8.04126923e-08
1.316177188e-07
1.273169102e-07
1.212015417e-07
1.137202102e-07
1.053920195e-07
9.681089517e-08
8.866813536e-08
8.182207976e-08
7.746287493e-08
1.265994395e-07
1.2249282e-07
1.166561961e-07
1.095206607e-07
1.015843953e-07
9.341523489e-08
8.567031505e-08
7.916159625e-08
7.501569582e-08
1.228540595e-07
1.189112681e-07
1.133101632e-07
1.064672876e-07
9.886317778e-08
9.104333762e-08
8.363521684e-08
7.740979855e-08
7.343779974e-08
8.749911583e-33
3.668547297e-32
9.381058821e-32
2.031398178e-31
4.086792217e-31
7.955473054e-31
1.53254239e-30
2.955997758e-30
5.74188892e-30
1.125491257e-29
2.226186162e-29
4.438842173e-29
8.909933494e-29
1.797993363e-28
3.643313197e-28
7.405942605e-28
1.509070201e-27
3.080551091e-27
6.297077994e-27
1.288500771e-26
2.638375691e-26
5.404844791e-26
1.107444688e-25
2.269076843e-25
4.647920706e-25
9.515715677e-25
1.94661196e-24
3.977812448e-24
8.117032196e-24
1.65344437e-23
3.360968996e-23
6.814902347e-23
1.377875341e-22
2.776840802e-22
5.57599704e-22
1.115249013e-21
2.2210422e-21
4.402998453e-21
8.686268836e-21
1.704957388e-20
3.328958505e-20
6.464766706e-20
1.248523189e-19
2.397739261e-19
4.578691882e-19
8.69351038e-19
1.641150939e-18
3.080277073e-18
5.747895605e-18
1.066342894e-17
1.966739434e-17
3.606248858e-17
6.573967101e-17
1.191450418e-16
2.146953812e-16
3.846189721e-16
6.849504604e-16
1.212545876e-15
2.133836845e-15
3.73317966e-15
6.493738965e-15
1.123213959e-14
1.932157681e-14
3.305980839e-14
5.627337422e-14
9.530519026e-14
1.606212469e-13
2.694117005e-13
4.497795284e-13
7.474463788e-13
1.236417987e-12
2.035820558e-12
3.336251364e-12
5.440615976e-12
8.826707972e-12
1.424188642e-11
2.284425226e-11
3.640975525e-11
5.763053668e-11
9.053609016e-11
1.410746482e-10
2.17896214e-10
3.333789587e-10
5.049350233e-10
7.566177867e-10
1.121028604e-09
1.641486404e-09
2.374379912e-09
3.391573796e-09
4.782693343e-09
6.65707586e-09
9.145159368e-09
1.239908722e-08
1.659234398e-08
2.191830141e-08
2.858763647e-08
3.682467556e-08
4.686280796e-08
5.89391853e-08
7.32889741e-08
9.013945133e-08
1.097042277e-07
1.321778555e-07
1.577310318e-07
1.865065557e-07
2.186161384e-07
2.541381182e-07
2.931160831e-07
3.355583715e-07
3.814383946e-07
4.306957043e-07
4.832377184e-07
5.389420128e-07
5.976590851e-07
6.592154959e-07
7.234172924e-07
7.900536185e-07
8.589004041e-07
9.297240448e-07
1.002285001e-06
1.076341316e-06
1.151652514e-06
1.227973344e-06
1.305070612e-06
1.382719367e-06
1.460704715e-06
1.538823357e-06
1.616884777e-06
1.694712114e-06
1.772142715e-06
1.849028413e-06
1.925235565e-06
2.000644861e-06
2.075150962e-06
2.148661991e-06
2.221098898e-06
2.292394744e-06
2.362493919e-06
2.43135132e-06
2.498931513e-06
2.565207892e-06
2.630161845e-06
2.693781949e-06
2.756063195e-06
2.817006251e-06
2.876616773e-06
2.934904756e-06
2.991883936e-06
3.047571248e-06
3.101986315e-06
3.155151004e-06
3.207089015e-06
3.257825511e-06
3.307386799e-06
3.355800039e-06
3.403092992e-06
3.449293798e-06
3.494430788e-06
3.538532312e-06
3.581626605e-06
3.623741662e-06
3.664905137e-06
3.705144259e-06
3.744485764e-06
3.782955829e-06
3.820580033e-06
3.857383304e-06
3.893389889e-06
3.928623311e-06
3.963106323e-06
3.996860848e-06
4.0299079e-06
4.062267465e-06
4.093958337e-06
4.124997878e-06
4.155401679e-06
4.185183097e-06
4.214352612e-06
4.242916986e-06
4.270878144e-06
4.298231748e-06
4.32496539e-06
4.35105637e-06
4.376468998e-06
4.401151396e-06
4.425031792e-06
4.448014324e-06
4.469974421e-06
4.490753867e-06
4.510155732e-06
4.527939398e-06
4.543816027e-06
4.55744484e-06
4.568430712e-06
4.576323603e-06
4.580620418e-06
4.580769896e-06
4.576181057e-06
4.566235701e-06
4.550305194e-06
4.527771605e-06
4.498052849e-06
4.460631105e-06
4.415083336e-06
4.361112265e-06
4.298575767e-06
4.227512302e-06
4.148159689e-06
4.060964563e-06
3.966579078e-06
3.865833907e-06
3.759845365e-06
3.649775457e-06
3.536868315e-06
3.422396895e-06
3.307606346e-06
3.193659516e-06
3.081589586e-06
2.972263798e-06
2.866360903e-06
2.764363283e-06
2.666562978e-06
2.573079444e-06
2.483885801e-06
2.398839928e-06
2.31771687e-06
2.240239567e-06
2.166105768e-06
2.095009882e-06
2.026659341e-06
1.960785715e-06
1.897151208e-06
1.835551417e-06
1.775815248e-06
1.71780286e-06
1.661402379e-06
1.606526009e-06
1.553106031e-06
1.50109104e-06
1.450442669e-06
1.401133002e-06
1.353142584e-06
1.306451404e-06
1.26102824e-06
1.216844779e-06
1.173875293e-06
1.132095402e-06
1.091480268e-06
1.052002029e-06
1.013625293e-06
9.763023871e-07
9.400367041e-07
9.048289964e-07
8.706748904e-07
8.375658409e-07
8.054898327e-07
7.744320477e-07
7.443755376e-07
7.15301862e-07
6.871916329e-07
6.600249275e-07
6.337815608e-07
6.08441238e-07
5.839836151e-07
5.603883e-07
5.376348202e-07
5.15702574e-07
4.945707735e-07
4.742183882e-07
4.546240768e-07
4.357661243e-07
4.176223909e-07
4.001703451e-07
3.833888086e-07
3.672576814e-07
3.517572359e-07
3.368681696e-07
3.225714102e-07
3.088480398e-07
2.956792506e-07
2.830462428e-07
2.709300841e-07
2.593113903e-07
2.481697168e-07
2.374817854e-07
2.2721851e-07
2.173342788e-07
2.077965756e-07
1.986420238e-07
1.898858977e-07
1.815307542e-07
1.735714938e-07
1.659985647e-07
1.588002201e-07
1.519648577e-07
1.454847106e-07
1.393656677e-07
1.336561328e-07
1.285463206e-07
1.247237908e-07
)
;

boundaryField
{
    outlet
    {
        type            inletOutlet;
        inletValue      uniform 0;
        value           nonuniform List<scalar> 10(1.228540595e-07 1.189112681e-07 1.133101632e-07 1.064672876e-07 9.886317778e-08 9.104333762e-08 8.363521684e-08 7.740979855e-08 7.343779974e-08 1.247237908e-07);
    }
    inlet
    {
        type            fixedValue;
        value           uniform 0;
    }
    front
    {
        type            wedge;
    }
    wall
    {
        type            zeroGradient;
    }
    back
    {
        type            wedge;
    }
}


// ************************************************************************* //
