/*--------------------------------*- C++ -*----------------------------------*\
| =========                 |                                                 |
| \\      /  F ield         | OpenFOAM: The Open Source CFD Toolbox           |
|  \\    /   O peration     | Version:  2212                                  |
|   \\  /    A nd           | Website:  www.openfoam.com                      |
|    \\/     M anipulation  |                                                 |
\*---------------------------------------------------------------------------*/
FoamFile
{
    version     2.0;
    format      ascii;
    arch        "LSB;label=32;scalar=64";
    class       volScalarField;
    location    "20.00000000";
    object      A1C2H_0;
}
// * * * * * * * * * * * * * * * * * * * * * * * * * * * * * * * * * * * * * //

dimensions      [0 0 0 0 0 0 0];

internalField   nonuniform List<scalar> 
3000
(
4.441695495e-22
4.989459493e-22
5.816019215e-22
6.917452112e-22
8.282523035e-22
9.874105045e-22
1.159625863e-21
1.323939717e-21
1.440115743e-21
1.667569278e-21
1.880765174e-21
2.202330775e-21
2.631777462e-21
3.168654994e-21
3.809958765e-21
4.544518698e-21
5.335317339e-21
6.035736213e-21
3.735166126e-21
4.245758575e-21
5.023231596e-21
6.078794219e-21
7.431329437e-21
9.100318231e-21
1.107898337e-20
1.325620189e-20
1.511647835e-20
7.114230467e-21
8.17137988e-21
9.80467968e-21
1.206927035e-20
1.504513043e-20
1.880745344e-20
2.333501701e-20
2.826472615e-20
3.224143827e-20
1.263258705e-20
1.468769178e-20
1.791283421e-20
2.247165112e-20
2.857818751e-20
3.640292896e-20
4.581372457e-20
5.580258758e-20
6.345844909e-20
2.1722165e-20
2.55790957e-20
3.171876165e-20
4.053286298e-20
5.249149712e-20
6.789588192e-20
8.628713917e-20
1.053500915e-19
1.194664209e-19
3.687711254e-20
4.396169603e-20
5.537076734e-20
7.193468717e-20
9.457582451e-20
1.237447812e-19
1.582360919e-19
1.93282512e-19
2.185735037e-19
6.241455499e-20
7.523643762e-20
9.606860271e-20
1.26547332e-19
1.683725954e-19
2.221473566e-19
2.85174948e-19
3.482825826e-19
3.930617617e-19
1.058240021e-19
1.287874467e-19
1.663382357e-19
2.215557105e-19
2.974646443e-19
3.947971378e-19
5.08059023e-19
6.202896472e-19
6.990510258e-19
1.800974717e-19
2.209094271e-19
2.879518158e-19
3.868539769e-19
5.229010753e-19
6.968901241e-19
8.982415002e-19
1.096311806e-18
1.234295823e-18
3.078031284e-19
3.799338308e-19
4.98797883e-19
6.744982542e-19
9.161887435e-19
1.224589977e-18
1.580035493e-18
1.927939008e-18
2.169137301e-18
5.281770541e-19
6.55156155e-19
8.648561766e-19
1.175200353e-18
1.601982519e-18
2.14554949e-18
2.770142767e-18
3.379401029e-18
3.800539705e-18
9.094823905e-19
1.132416502e-18
1.501130688e-18
2.047203132e-18
2.797843914e-18
3.752376378e-18
4.846625064e-18
5.911591759e-18
6.646889906e-18
1.570476432e-18
1.961187226e-18
2.608109601e-18
3.566722783e-18
4.88397667e-18
6.556806972e-18
8.470673803e-18
1.033038644e-17
1.161569381e-17
2.717540432e-18
3.401405967e-18
4.534811344e-18
6.215353511e-18
8.524835265e-18
1.145610815e-17
1.48057441e-17
1.805637191e-17
2.030467527e-17
4.708673088e-18
5.903939888e-18
7.886562659e-18
1.082849931e-17
1.48744738e-17
2.001489421e-17
2.589644673e-17
3.160104579e-17
3.551023654e-17
8.164081635e-18
1.024925637e-17
1.370939771e-17
1.884454557e-17
2.590500005e-17
3.486813179e-17
4.510847877e-17
5.502275492e-17
6.181573169e-17
1.415887803e-17
1.779034385e-17
2.381730047e-17
3.276091714e-17
4.505234293e-17
6.064382077e-17
7.843915096e-17
9.565381886e-17
1.074497916e-16
2.45582288e-17
3.087518223e-17
4.135990052e-17
5.691711964e-17
7.829163839e-17
1.053927745e-16
1.363091775e-16
1.662044773e-16
1.866854448e-16
4.259941626e-17
5.357999567e-17
7.180656593e-17
9.885020374e-17
1.360005522e-16
1.830924204e-16
2.367980325e-16
2.887148896e-16
3.242746678e-16
7.390246537e-17
9.298213508e-17
1.246544946e-16
1.716481491e-16
2.36198439e-16
3.1800887e-16
4.112884787e-16
5.014397221e-16
5.631763439e-16
1.282250938e-16
1.613704232e-16
2.163948956e-16
2.980370348e-16
4.101723338e-16
5.522717486e-16
7.142611517e-16
8.707864239e-16
9.779568343e-16
2.225102245e-16
2.800834584e-16
3.756635853e-16
5.174773259e-16
7.122427451e-16
9.590181414e-16
1.24028445e-15
1.512010957e-15
1.698033532e-15
3.8617805e-16
4.861748892e-16
6.521842003e-16
8.984823574e-16
1.236708546e-15
1.665184985e-15
2.153452034e-15
2.625063991e-15
2.947881098e-15
6.703134002e-16
8.439840573e-16
1.132290769e-15
1.559994032e-15
2.147241793e-15
2.891030915e-15
3.738401355e-15
4.556660976e-15
5.116636394e-15
1.163611606e-15
1.465217132e-15
1.96586189e-15
2.708457993e-15
3.727840478e-15
5.018593789e-15
6.48861949e-15
7.907668494e-15
8.878508472e-15
2.020041534e-15
2.543781966e-15
3.41303063e-15
4.702082445e-15
6.471057139e-15
8.710091104e-15
1.125898123e-14
1.371836716e-14
1.540026701e-14
3.506782994e-15
4.416140736e-15
5.925072956e-15
8.162033386e-15
1.123052218e-14
1.511233947e-14
1.952870276e-14
2.378732798e-14
2.669800703e-14
6.08719597e-15
7.665738653e-15
1.02842844e-14
1.416452318e-14
1.948404272e-14
2.620873811e-14
3.385320512e-14
4.121831905e-14
4.624819299e-14
1.056416897e-14
1.330335115e-14
1.784533857e-14
2.457180913e-14
3.378610937e-14
4.542324374e-14
5.863749303e-14
7.135404724e-14
8.002904207e-14
1.832721674e-14
2.307775434e-14
3.095056e-14
4.260067219e-14
5.854319621e-14
7.865217017e-14
1.014530942e-13
1.233612357e-13
1.382844089e-13
3.177719004e-14
4.000919167e-14
5.3641851e-14
7.379470515e-14
1.013357202e-13
1.360170581e-13
1.752664201e-13
2.129025322e-13
2.384891066e-13
5.505369406e-14
6.930181916e-14
9.287572463e-14
1.276786785e-13
1.751587337e-13
2.348223472e-13
3.021805459e-13
3.666026873e-13
4.102897438e-13
9.527575468e-14
1.198970143e-13
1.605857916e-13
2.205559863e-13
3.02192796e-13
4.045056207e-13
5.196616884e-13
6.294408616e-13
7.036526117e-13
1.64647555e-13
2.071030558e-13
2.771614969e-13
3.802043277e-13
5.200969379e-13
6.948449027e-13
8.907929102e-13
1.076849946e-12
1.202144666e-12
2.840125271e-13
3.570187522e-13
4.772724824e-13
6.536910787e-13
8.924098626e-13
1.189420581e-12
1.520963277e-12
1.834275649e-12
2.044306248e-12
4.888144397e-13
6.139213568e-13
8.195389825e-13
1.12025679e-12
1.525556406e-12
2.027434383e-12
2.58468556e-12
3.108373702e-12
3.457579103e-12
8.39026106e-13
1.052506439e-12
1.402439211e-12
1.912328913e-12
2.596325874e-12
3.438619753e-12
4.368104976e-12
5.236075689e-12
5.811407923e-12
1.435560123e-12
1.797988114e-12
2.390211394e-12
3.249403538e-12
4.395709402e-12
5.798343189e-12
7.33543365e-12
8.760661845e-12
9.699175064e-12
2.44716739e-12
3.058793272e-12
4.054571176e-12
5.492010163e-12
7.397911808e-12
9.71336802e-12
1.223131156e-11
1.454805165e-11
1.606287794e-11
4.154127509e-12
5.179198406e-12
6.841128648e-12
9.226576302e-12
1.236753254e-11
1.615349734e-11
2.023635007e-11
2.396218508e-11
2.638036168e-11
7.018521991e-12
8.723157948e-12
1.14738664e-11
1.539716914e-11
2.052380172e-11
2.665093167e-11
3.32004064e-11
3.91262107e-11
4.294309524e-11
1.179608285e-11
1.460629712e-11
1.911748704e-11
2.550739474e-11
3.378899065e-11
4.35983621e-11
5.398822955e-11
6.330704543e-11
6.926378672e-11
1.971223328e-11
2.430130995e-11
3.162660053e-11
4.192597391e-11
5.51595597e-11
7.068953587e-11
8.698607255e-11
1.014758637e-10
1.106687557e-10
3.273591563e-11
4.015376629e-11
5.192359604e-11
6.83437688e-11
8.925445833e-11
1.135636103e-10
1.388371378e-10
1.611177624e-10
1.751515217e-10
5.400034654e-11
6.586184729e-11
8.456497438e-11
1.104497841e-10
1.431169019e-10
1.807388769e-10
2.195002896e-10
2.533923254e-10
2.745936918e-10
8.844152881e-11
1.071964627e-10
1.365807201e-10
1.769209304e-10
2.273761589e-10
2.849548483e-10
3.43762981e-10
3.947858889e-10
4.264998397e-10
1.437552768e-10
1.730698041e-10
2.187054422e-10
2.808578584e-10
3.579174194e-10
4.450875588e-10
5.333893539e-10
6.094497345e-10
6.564485554e-10
2.318145264e-10
2.771037309e-10
3.471668884e-10
4.418506714e-10
5.582647425e-10
6.888656389e-10
8.201527191e-10
9.324912458e-10
1.001537419e-09
3.707447845e-10
4.399087557e-10
5.462617022e-10
6.889288558e-10
8.629598759e-10
1.056700225e-09
1.250094539e-09
1.41458415e-09
1.515202235e-09
5.87932411e-10
6.923659005e-10
8.520365057e-10
1.064746333e-09
1.322325795e-09
1.607057894e-09
1.889477944e-09
2.12839841e-09
2.273930078e-09
9.243460054e-10
1.080316039e-09
1.317513864e-09
1.631484729e-09
2.009147891e-09
2.42396263e-09
2.833073619e-09
3.177530192e-09
3.386575321e-09
1.44069646e-09
1.671217844e-09
2.020072388e-09
2.479141082e-09
3.028002209e-09
3.627423738e-09
4.21564501e-09
4.708859197e-09
5.007242494e-09
2.226123287e-09
2.563485696e-09
3.071735291e-09
3.737036203e-09
4.528191598e-09
5.387893162e-09
6.227849228e-09
6.929630946e-09
7.353060341e-09
3.410243263e-09
3.899435702e-09
4.6334672e-09
5.58982517e-09
6.721704054e-09
7.9462501e-09
9.138142079e-09
1.013093254e-08
1.072860106e-08
5.180173941e-09
5.883520187e-09
6.935154901e-09
8.299680094e-09
9.90793649e-09
1.16412217e-08
1.332278721e-08
1.471983148e-08
1.555929834e-08
7.804104346e-09
8.807513611e-09
1.030315987e-08
1.223684087e-08
1.450769631e-08
1.694702663e-08
1.930697365e-08
2.126335242e-08
2.243713036e-08
1.166390056e-08
1.308528744e-08
1.519826934e-08
1.792158795e-08
2.110980123e-08
2.452485765e-08
2.782095932e-08
3.054845391e-08
3.218289158e-08
1.730003865e-08
1.930065173e-08
2.226779448e-08
2.608172806e-08
3.053476194e-08
3.52931041e-08
3.987653999e-08
4.366363887e-08
4.593088495e-08
2.54733061e-08
2.827295012e-08
3.241686136e-08
3.773109245e-08
4.392157037e-08
5.052289292e-08
5.687095676e-08
6.210975356e-08
6.524384539e-08
3.724923945e-08
4.114670062e-08
4.690566244e-08
5.427641921e-08
6.284566394e-08
7.196775887e-08
8.072775437e-08
8.795005351e-08
9.226853178e-08
5.411328548e-08
5.951370173e-08
6.748172351e-08
7.766248276e-08
8.947885911e-08
1.020392095e-07
1.140872757e-07
1.240129855e-07
1.299458697e-07
7.812734614e-08
8.557884168e-08
9.655926891e-08
1.105686165e-07
1.268056069e-07
1.440437994e-07
1.605636154e-07
1.74165506e-07
1.822940797e-07
1.121418934e-07
1.223845512e-07
1.374617177e-07
1.56674027e-07
1.789145314e-07
2.025023343e-07
2.250902486e-07
2.436804636e-07
2.547891022e-07
1.600823643e-07
1.741135654e-07
1.947483703e-07
2.210147274e-07
2.513901337e-07
2.835782634e-07
3.143834652e-07
3.3972888e-07
3.548741674e-07
2.273341912e-07
2.464955809e-07
2.746526816e-07
3.104617953e-07
3.518370181e-07
3.956504155e-07
4.375614355e-07
4.720371428e-07
4.92639832e-07
3.2125781e-07
3.473507288e-07
3.856673564e-07
4.343591107e-07
4.905781662e-07
5.500751504e-07
6.069673605e-07
6.53760343e-07
6.817273701e-07
4.518733823e-07
4.873115472e-07
5.393207979e-07
6.053687193e-07
6.815795413e-07
7.621945875e-07
8.392575557e-07
9.026360425e-07
9.405218433e-07
6.327644646e-07
6.807749858e-07
7.511997965e-07
8.405829373e-07
9.436650376e-07
1.052660111e-06
1.156828627e-06
1.242496697e-06
1.29371548e-06
8.822597229e-07
9.471460316e-07
1.042283693e-06
1.162973058e-06
1.302096947e-06
1.449151942e-06
1.589669903e-06
1.705231288e-06
1.774334507e-06
1.224960516e-06
1.312443145e-06
1.440663611e-06
1.603252487e-06
1.79060456e-06
1.988582365e-06
2.177733378e-06
2.333292229e-06
2.426327685e-06
1.693687492e-06
1.811340142e-06
1.983723418e-06
2.202233214e-06
2.453941994e-06
2.719865595e-06
2.97390557e-06
3.18283275e-06
3.307802124e-06
2.331917904e-06
2.489715697e-06
2.720852308e-06
3.013743119e-06
3.351038799e-06
3.707312098e-06
4.047632033e-06
4.327518478e-06
4.494944916e-06
3.196773289e-06
3.407765948e-06
3.716737536e-06
4.108142048e-06
4.558766371e-06
5.034650993e-06
5.48917508e-06
5.862969812e-06
6.086571642e-06
4.36258995e-06
4.643703358e-06
5.055245426e-06
5.576423241e-06
6.176277891e-06
6.809601853e-06
7.414382759e-06
7.911671082e-06
8.209102329e-06
5.925057014e-06
6.298010843e-06
6.843835389e-06
7.534812017e-06
8.329793669e-06
9.168822905e-06
9.969758376e-06
1.062810599e-05
1.102172918e-05
8.005830314e-06
8.498136251e-06
9.218357933e-06
1.012966992e-05
1.117759371e-05
1.228296862e-05
1.333756564e-05
1.42039639e-05
1.47217779e-05
1.075741535e-05
1.140338952e-05
1.23479538e-05
1.354237167e-05
1.491484549e-05
1.636145895e-05
1.774065221e-05
1.887309114e-05
1.95495998e-05
1.436795706e-05
1.520964881e-05
1.643962473e-05
1.799369994e-05
1.977780195e-05
2.165665887e-05
2.344659868e-05
2.491535078e-05
2.579229271e-05
1.906543456e-05
2.015337264e-05
2.174197059e-05
2.37472949e-05
2.604721841e-05
2.84669686e-05
3.077016434e-05
3.265860743e-05
3.378539211e-05
2.512078552e-05
2.651452522e-05
2.854804551e-05
3.111241821e-05
3.405025838e-05
3.713767936e-05
4.007324963e-05
4.247790658e-05
4.391156467e-05
3.285050248e-05
3.461902297e-05
3.719703749e-05
4.044428243e-05
4.415960273e-05
4.805883709e-05
5.176149746e-05
5.479100562e-05
5.659548836e-05
4.261732861e-05
4.483843548e-05
4.807282969e-05
5.214136863e-05
5.678924679e-05
6.165940842e-05
6.627688734e-05
7.004966826e-05
7.229436953e-05
5.48274825e-05
5.758641977e-05
6.159921673e-05
6.663908696e-05
7.23863882e-05
7.83973195e-05
8.408603984e-05
8.872657233e-05
9.148403286e-05
6.992425552e-05
7.331137506e-05
7.82312052e-05
8.439940815e-05
9.141921126e-05
9.87453812e-05
0.0001056644617
0.0001112982506
0.000114641121
8.837751116e-05
9.248499481e-05
9.844223783e-05
0.0001058965067
0.0001143608531
0.0001231736525
0.0001314775436
0.0001382250913
0.0001422225592
0.0001106690679
0.0001155868293
0.0001227076466
0.0001315989626
0.0001416703722
0.0001521293419
0.0001619596637
0.0001699299513
0.0001746439523
0.0001372744558
0.00014308549
0.0001514851659
0.0001619495885
0.0001737720357
0.0001860157966
0.0001974931435
0.0002067772689
0.0002122588938
0.0001686420835
0.0001754176575
0.0001851938316
0.0001973443927
0.0002110346056
0.0002251723927
0.0002383889382
0.0002490545907
0.0002553412599
0.0002051713362
0.0002129664915
0.0002241929632
0.0002381124589
0.0002537524614
0.0002698571588
0.0002848707871
0.00029695779
0.0003040700007
0.0002471914471
0.0002560412977
0.0002687630779
0.0002844985627
0.00030213032
0.0003202338746
0.0003370648005
0.0003505832062
0.000358524487
0.0002949430628
0.0003048603024
0.0003190904641
0.0003366500608
0.0003562728139
0.0003763644831
0.0003949945028
0.0004099245785
0.0004186815526
0.000348564233
0.0003595381156
0.0003752567684
0.0003946090989
0.0004161796204
0.0004382071906
0.0004585816886
0.0004748761694
0.0004844202115
0.0004080821203
0.0004200789654
0.0004372343475
0.0004583104555
0.0004817459203
0.0005056194167
0.0005276515998
0.0005452398117
0.0005555305086
0.0004734110993
0.0004863761319
0.0005048874302
0.0005275845036
0.0005527669298
0.0005783632216
0.0006019386647
0.0006207296944
0.000631711915
0.0005443570884
0.0005582172096
0.0005779783774
0.0006021639615
0.0006289445899
0.0006561094397
0.0006810779663
0.0007009439777
0.0007125406353
0.0006206264919
0.0006352934079
0.0006561772542
0.0006816913581
0.0007098841661
0.0007384193331
0.0007645934946
0.0007853857101
0.0007975125771
0.000701834545
0.0007171993311
0.0007390474024
0.0007656931784
0.0007950805076
0.0008247705706
0.000851962675
0.00087353776
0.0008861132235
0.000787459695
0.0008034010051
0.0008260438928
0.0008536220253
0.0008839919581
0.0009146282484
0.000942649952
0.0009648614447
0.000977801746
0.0008769302689
0.000893332019
0.0009166069947
0.0009449215625
0.0009760618079
0.001007434672
0.001036098017
0.001058799916
0.001072021526
0.0009696618883
0.0009864090196
0.001010154841
0.001039012699
0.001070714928
0.001102619116
0.001131740762
0.001154790915
0.001168212516
0.001065050062
0.001082031148
0.001106092007
0.001135307245
0.00116737169
0.00119961099
0.00122901614
0.001252279217
0.001265823365
0.001162485374
0.0011795951
0.001203824068
0.00123322192
0.001265461373
0.001297852413
0.001327378042
0.001350727929
0.001364322394
0.001261368449
0.001278509622
0.001302771382
0.001332191297
0.001364434222
0.001396809344
0.001426306606
0.001449628182
0.001463206933
0.0013611234
0.001378208411
0.001402381189
0.001431678985
0.001463771646
0.001495980832
0.001525316655
0.001548506954
0.00156201081
0.001461209098
0.001478160805
0.001502137533
0.001531186644
0.001562994298
0.001594906211
0.001623964116
0.001646932923
0.001660309891
0.001561127932
0.001577880034
0.001601568791
0.0016302607
0.001661667951
0.001693170178
0.001721850443
0.001744520391
0.001757725741
0.00166043199
0.001676928944
0.001700252798
0.001728496779
0.001759407223
0.00179040587
0.001818625127
0.001840931396
0.001853927499
0.001758726745
0.00177492333
0.001797819701
0.001825542007
0.001855877325
0.001886296092
0.001913986505
0.001935876196
0.001948632196
0.001855672494
0.001871533111
0.001893952766
0.001921095429
0.001950794072
0.001980572966
0.002007681091
0.002029112372
0.002041603724
0.001950983864
0.001966481651
0.001988387477
0.002014906829
0.002043922449
0.002073016251
0.002099501706
0.002120442813
0.002132650734
0.002044427751
0.002059543605
0.002080909242
0.002106774309
0.002135074043
0.002163450661
0.002189284682
0.002209712837
0.002221623713
0.002135820074
0.002150541637
0.002171350074
0.002196540917
0.002224103644
0.002251742426
0.002276906409
0.002296806717
0.002308411494
0.00222502171
0.00223934237
0.002259584568
0.002284090669
0.002310905298
0.002337795395
0.002362279461
0.002381643831
0.002392937408
0.002311933928
0.00232585188
0.002345525471
0.0023693442
0.002395408067
0.002421546879
0.002445348524
0.002464174641
0.002475155292
0.002396493609
0.002410010988
0.002429119076
0.002452254295
0.002477571679
0.002502963438
0.002526086282
0.002544376651
0.002555045497
0.002478668471
0.002491790584
0.002510340684
0.002532801483
0.002557382264
0.002582036716
0.0026044894
0.00262225052
0.002632611033
0.002558452425
0.002571187058
0.00258919014
0.002610989738
0.002634848266
0.00265877962
0.002680574803
0.002697816359
0.002707873912
0.002635861238
0.002648218077
0.002665687784
0.002686842605
0.002709996704
0.002733222621
0.002754376106
0.002771110301
0.00278087178
0.002710928616
0.002722918774
0.002739870745
0.002760399605
0.002782869696
0.002805410436
0.002825940424
0.002842181401
0.002851654868
0.002783702648
0.002795338241
0.002811789534
0.002831712966
0.00285352135
0.002875399077
0.00289532553
0.002911088876
0.002920283275
0.002854242649
0.002865536472
0.002881505101
0.002900844797
0.002922015057
0.002943253244
0.002962597357
0.002977899675
0.002986824583
0.002922616459
0.002933581708
0.002949086258
0.002967864616
0.002988421126
0.00300904407
0.003027827826
0.003042686387
0.003051351804
0.002988898108
0.002999548161
0.003014607489
0.003032847245
0.003052814773
0.003072847196
0.003091093002
0.003105525451
0.003113941625
0.003053165851
0.0030635141
0.003078147085
0.003095871024
0.003115274413
0.003134741142
0.003152471536
0.003166495655
0.003174672937
0.003115500533
0.003125560247
0.003139785606
0.003157016331
0.003175880246
0.00319480596
0.003212043372
0.003225676887
0.003233625619
0.003175984245
0.003185768468
0.003199604609
0.003216364361
0.003234713097
0.003253122123
0.003269888693
0.003283149121
0.003290879537
0.003234699233
0.003244220707
0.003257685619
0.003273996148
0.003291853476
0.00330976964
0.003326087068
0.003338991598
0.003346513754
0.003291727034
0.003300998141
0.003314109314
0.003329991776
0.003347380832
0.003364827339
0.003380716777
0.003393282181
0.003400605896
0.003347147791
0.003356180517
0.003368954883
0.003384429769
0.003401372976
0.003418372326
0.003433854296
0.003446096854
0.00345323167
0.003401039738
0.003409845644
0.003422299539
0.003437386627
0.003453905634
0.003470479561
0.003485573899
0.003497509355
0.003504464504
0.00345347881
0.003462069015
0.003474218157
0.003488936479
0.003505052126
0.003521221564
0.003535947377
0.003547590905
0.003554375287
0.003504538365
0.003512923538
0.003524783013
0.003539150841
0.003554883142
0.003570668194
0.003585043841
0.003596410021
0.003603032193
0.003554288993
0.003562479355
0.003574063612
0.003588098451
0.003603466584
0.00361888652
0.003632929599
0.003644032412
0.003650500577
0.003602798407
0.00361080373
0.003622126588
0.003635845182
0.003650867489
0.003665940744
0.003679668091
0.003690520914
0.003696842922
0.003650131378
0.003657960994
0.003669035652
0.003682453991
0.003697147995
0.003711892176
0.003725319875
0.003735935483
0.003742118834
0.003696349729
0.003704012542
0.003714851588
0.003727984927
0.003742367343
0.003756799248
0.003769942641
0.003780333223
0.003786385067
0.003741512361
0.003749016853
0.003759632286
0.003772495163
0.003786581921
0.003800717558
0.003813591263
0.003823768431
0.003829695583
0.003785675301
0.003793029551
0.003803432796
0.003816039055
0.003829845323
0.003843699932
0.003856317868
0.003866292674
0.003872101616
0.003828891777
0.003836103475
0.003846305405
0.003858668221
0.003872208431
0.003885796512
0.003898171917
0.003907954874
0.003913651772
0.00387121231
0.003878288768
0.003888299726
0.003900431627
0.003913719505
0.003927054845
0.003939200306
0.003948801405
0.003954392117
0.003912684807
0.00391963298
0.003929462798
0.003941375697
0.003954424288
0.003967519991
0.003979447466
0.003988876198
0.003994366287
0.003953354671
0.003960181169
0.003969839192
0.003981544408
0.003994366109
0.004007234624
0.004018955471
0.004028220849
0.004033615598
0.003993264909
0.003999976012
0.004009471121
0.004020979408
0.004033585995
0.004046239144
0.00405776415
0.004066874729
0.004072179149
0.004032456243
0.004039057919
0.004048398549
0.004059720122
0.004072122779
0.004084571788
0.004095911191
0.004104875091
0.004110093937
0.004070967221
0.004077465138
0.004086659302
0.004097803862
0.004110013208
0.004122268736
0.004133432253
0.004142257179
0.00414739496
0.004108834327
0.004115233868
0.004124289175
0.004135265936
0.004147292054
0.004159364216
0.004170361071
0.004179054331
0.004184115327
0.004146092085
0.004152398365
0.004161322041
0.004172139751
0.004183992213
0.004195890612
0.004206729555
0.004215298085
0.004220286352
0.004182773165
0.00418899104
0.00419778995
0.004208456914
0.004220144806
0.004231878557
0.004242567894
0.004251018271
0.004255937657
0.004218908484
0.004225042566
0.004233723225
0.00424424733
0.00425577928
0.004267357033
0.004277904642
0.004286243106
0.00429109726
0.004254527296
0.004260581964
0.004269150561
0.004279539294
0.004290923491
0.004302353456
0.004312766815
0.004320999286
0.004325791667
0.004289657285
0.0042956367
0.004304099111
0.004314359582
0.004325603799
0.004336893768
0.004347179972
0.004355312065
0.004360045955
0.004324324653
0.004330232766
0.00433859457
0.00434873353
0.004359845147
0.004371002515
0.004381168296
0.004389205338
0.004393883849
0.0043585542
0.004364394761
0.004372661259
0.004382685115
0.004393671139
0.004404702925
0.004414754671
0.004422701716
0.004427327798
0.004392369401
0.004398145973
0.004406322195
0.004416237034
0.004427104114
0.004438016981
0.004447960754
0.004455822595
0.004460399047
0.004425792478
0.004431508444
0.004439599169
0.004449410767
0.004460165217
0.004470965488
0.004480807039
0.004488588224
0.0044931177
0.004458844469
0.004464503043
0.004472512807
0.004482226649
0.004492874462
0.004503568138
0.004513312925
0.004521017768
0.004525502786
0.004491545293
0.004497149526
0.004505082637
0.004514703932
0.004525250795
0.004535843572
0.004545496773
0.004553129367
0.004557572314
0.004523913811
0.0045294666
0.004537327148
0.004546860838
0.004557312152
0.004567809433
0.004577375962
0.004584940188
0.004589343328
0.004555967882
0.004561471976
0.004569263844
0.004578714622
0.004589075511
0.004599482425
0.004608966942
0.004616466483
0.004620831961
0.004587724413
0.004593182425
0.004600909297
0.004610281617
0.004620556943
0.004630878356
0.004640285283
0.004647723628
0.004652053481
0.004619199415
0.004624613822
0.004632279198
0.004641577285
0.004651771662
0.004662012188
0.004671345718
0.00467872618
0.004683022336
0.004650408045
0.0046557812
0.004663388397
0.004672616261
0.004682734066
0.004692898083
0.004702162192
0.004709487908
0.004713752196
0.004681364653
0.004686698786
0.004694250954
0.004703412398
0.004713457781
0.004723549439
0.004732747895
0.00474002184
0.004744255992
0.004712082819
0.004717380047
0.004724880171
0.004733978802
0.004743955697
0.00475397893
0.004763115305
0.004770340296
0.004774545953
0.004742575396
0.004747837725
0.004755288636
0.00476432787
0.004774240006
0.004784198542
0.004793276219
0.004800454924
0.00480463364
0.004772854541
0.004778083872
0.004785488251
0.004794471327
0.004804322236
0.004814219603
0.004823241785
0.004830376731
0.004834529975
0.004802931748
0.004808129883
0.00481549027
0.004824420253
0.004834213277
0.004844052816
0.004853022532
0.004860116107
0.00486424527
0.004832817882
0.004837986524
0.004845305322
0.004854185113
0.004863923414
0.004873708283
0.004882628397
0.004889682858
0.004893789252
0.004862523202
0.004867663961
0.004874943442
0.004883775782
0.004893462347
0.004903195527
0.004912068745
0.004919086222
0.004923171086
0.004892057385
0.004897171784
0.004904414091
0.004913201566
0.004922839213
0.004932523519
0.004941352388
0.00494833489
0.00495239939
0.004921429548
0.004926519021
0.004933726177
0.004942471224
0.004952062608
0.004961700686
0.004970487605
0.004977437018
0.004981482253
0.004950648267
0.004955714162
0.004962888067
0.004971592977
0.00498114059
0.004990734927
0.004999482146
0.005006400241
0.005010427237
0.004979721582
0.004984765165
0.0049919076
0.00500057452
0.005010080697
0.005019633617
0.005028343239
0.005035231668
0.005039241385
0.005008657011
0.005013679464
0.005020792093
0.005029423024
0.005038889939
0.005048403608
0.005057077588
0.005063937887
0.005067931215
0.005037461545
0.005042463965
0.005049548332
0.00505814513
0.005067574799
0.005077051217
0.005085691361
0.005092524944
0.005096502702
0.005066141643
0.005071125043
0.005078182568
0.005086746939
0.005096141208
0.005105582207
0.005114190163
0.00512099832
0.005124961252
0.005094703213
0.005099668513
0.00510670049
0.005115233982
0.005124594523
0.005134001756
0.005142579005
0.005149362892
0.005153311666
0.00512315158
0.005128099606
0.005135107188
0.00514361118
0.005152939478
0.005162314405
0.005170862251
0.005177622879
0.005181558075
0.005151491441
0.005156422915
0.005163407108
0.005171882795
0.005181180126
0.005190523993
0.005199043541
0.00520578176
0.005209703862
0.005179726806
0.005184642331
0.005191603974
0.005200052343
0.005209319751
0.005218633566
0.005227125696
0.005233842174
0.005237751559
0.005207860905
0.005212760956
0.005219700697
0.005228122499
0.005237360764
0.00524664526
0.005255110593
0.005261805789
0.005265702708
0.005235896086
0.005240780982
0.00524769925
0.005256094965
0.005265304559
0.00527456015
0.005282999008
0.005289673134
0.005293557692
0.005263833669
0.005268703554
0.005275600521
0.005283970308
0.00529315134
0.005302378064
0.005310790414
0.005317443396
0.005321315523
0.005291673775
0.005296528582
0.005303404117
0.005311747759
0.005320899912
0.005330097363
0.005338482754
0.005345114172
0.005348973597
0.005319415117
0.005324254531
0.005331108145
0.005339424975
0.005348547423
0.005357714668
0.005366072149
0.005372681179
0.005376527384
0.00534705475
0.005351878161
0.005358708935
0.005366997755
0.005376089072
0.00538522455
0.005393552581
0.005400137915
0.005403970097
0.005374587778
0.005379394225
0.005386200739
0.005394459721
0.005403517767
0.005412619177
0.005420915519
0.00542747528
0.005431292293
0.005402007027
0.005406795138
0.005413575373
0.005421801948
0.005430823744
0.005439887915
0.005448149509
0.005454681153
0.005458481453
0.005429302674
0.005434070592
0.005440821834
0.005449012564
0.005457994153
0.0054670169
0.005475239735
0.005481739941
0.005485521524
0.005456461845
0.005461207155
0.005467925882
0.005476076327
0.005485012622
0.005493988589
0.005502167554
0.005508632112
0.005512392445
0.005483468198
0.005488187842
0.005494869604
0.005502974178
0.0055118588
0.005520781301
0.005528910042
0.005535333732
0.005539069681
0.005510301487
0.005514991679
0.005521630984
0.005529682806
0.005538507925
0.00554736878
0.005555439547
0.005561816023
0.00556552379
0.005536937149
0.005541593292
0.005548183483
0.005556174233
0.005564930413
0.005573719791
0.005581723301
0.005588044984
0.005591720041
0.005563345918
0.005567962524
0.00557449567
0.005582415463
0.005591091518
0.005599797804
0.005607723119
0.005613981101
0.005617618141
0.005589493503
0.005594064133
0.005600530936
0.005608368208
0.005616951089
0.005625560773
0.005633395211
0.005639579194
0.005643172094
0.00561534035
0.005619857562
0.0056262473
0.005633988743
0.005642463473
0.005650961088
0.005658690168
0.005664788428
0.005668330237
0.00564084155
0.005645296876
0.005651597371
0.00565922791
0.005667577566
0.005675945691
0.005683553153
0.00568955256
0.005693035511
0.005665946905
0.005670330864
0.005676528506
0.005684031331
0.005692237104
0.005700456434
0.005707924317
0.005713810412
0.005717225974
0.005690601199
0.005694903348
0.005700983175
0.005708339858
0.005716381186
0.005724430693
0.005731739502
0.005737496639
0.00574083561
0.005714744696
0.005718953728
0.005724899577
0.005732090266
0.005739945077
0.005747802268
0.005754931228
0.005760542801
0.005763795441
0.005738313894
0.005742417794
0.005748212526
0.005755216235
0.005762861285
0.005770502572
0.005777429992
0.005782878729
0.005786034947
0.005761242555
0.005765228801
0.005770854607
0.00577764961
0.005785060931
0.00579246211
0.005799165837
0.005804434186
0.005807483767
0.005783462992
0.005787318826
0.00579275761
0.00579932192
0.005806475382
0.005813612212
0.005820070188
0.005825140767
0.005828073648
0.005804907622
0.00580862036
0.005813854202
0.005820166146
0.005827038098
0.005833886978
0.005840077877
0.005844933992
0.005847740567
0.00582551072
0.005829068119
0.005834079788
0.005840118653
0.005846686652
0.005853225366
0.005859129284
0.005863755491
0.005866426938
0.005845210348
0.005848600996
0.005853374518
0.00585912124
0.005865364819
0.005871573322
0.005877172505
0.005881555183
0.005884083807
0.00586395036
0.005867164082
0.005871685321
0.0058771232
0.005883024654
0.005888885859
0.005894165418
0.005898293339
0.005900672891
0.005881682397
0.005884710668
0.005888967901
0.005894083288
0.005899628425
0.00590512895
0.005910077532
0.005913942374
0.005916168351
0.005898367774
0.005901204093
0.005905188535
0.00590997147
0.005915150283
0.005920281107
0.005924891465
0.00592848824
0.005930558119
0.005913979116
0.005916619332
0.005920325588
0.005924770312
0.00592957752
0.005934334478
0.00593860388
0.005941931215
0.00594384458
0.005928501631
0.005930944176
0.005934370554
0.00593847586
0.00594291124
0.005947295292
0.005951225674
0.005954285823
0.005956044275
0.005941933852
0.005944179855
0.005947328488
0.005951097826
0.005955166246
0.005959183409
0.005962781188
0.005965579635
0.005967186719
0.005954287719
0.00595634094
0.005959217649
0.005962658878
0.005966369965
0.005970030826
0.005973307357
0.005975855517
0.005977318775
0.005965587836
0.005967454393
0.005970068185
0.005973192853
0.005976560686
0.005979881898
0.005982853136
0.005985162754
0.005986488784
0.005975869716
0.005977557746
0.005979921013
0.005982745643
0.005985788652
0.005988787735
0.005991469412
0.005993553197
0.005994749472
0.005985181366
0.005986701373
0.005988828694
0.005991370008
0.005994106448
0.005996802088
0.005999211525
0.006001083406
0.006002158125
0.005993576907
0.005994939044
0.005996844863
0.005999120713
0.006001570413
0.006003982848
0.00600613876
0.006007813705
0.006008775635
0.006001111787
0.006002326929
0.006004026765
0.00600605621
0.006008240298
0.006010390969
0.006012313049
0.006013806702
0.006014664966
0.006007844841
0.006008924454
0.006010434621
0.006012237563
0.006014177957
0.006016088932
0.006017797284
0.006019125479
0.006019889207
0.006013837325
0.006014793177
0.006016130333
0.006017726953
0.006019445706
0.006021139005
0.006022653525
0.006023831814
0.006024509937
0.006019151459
0.006019995252
0.006021175875
0.006022586002
0.006024104608
0.006025601517
0.006026941274
0.006027984453
0.006028585416
0.006023848757
0.006024591758
0.006025631635
0.006026874134
0.006028212889
0.006029533333
0.006030716031
0.006031637733
0.006032169271
0.006027988434
0.006028641152
0.006029554936
0.006030647205
0.006031824678
0.006032986738
0.006034028307
0.006034840699
0.006035309668
0.006031626075
0.006032198028
0.006032998926
0.00603395655
0.006034989253
0.006036008878
0.006036923255
0.006037636915
0.006038049259
0.006034812739
0.006035312337
0.006036011976
0.006036848608
0.00603775093
0.006038641944
0.006039441165
0.006040065227
0.006040426097
0.006037594576
0.006038029149
0.006038637656
0.006039365189
0.006040149687
0.006040924229
0.006041619047
0.006042162061
0.006042476651
0.006040012957
0.006040388941
0.006040915262
0.006041544313
0.006042222401
0.006042891809
0.006043492778
0.006043962347
0.006044234284
0.006042105109
0.006042428373
0.006042880792
0.006043421432
0.006044004372
0.006044579987
0.006045096261
0.006045499591
0.006045733303
0.006043905236
0.006044181498
0.006044568302
0.006045030767
0.006045529137
0.006046021012
0.006046462301
0.006046807292
0.006047007379
0.006045446291
0.006045681392
0.006046010442
0.006046403731
0.006046827725
0.006047246535
0.006047622628
0.006047917008
0.006048087984
0.006046758977
0.006046958048
0.006047236801
0.006047570282
0.006047930235
0.006048286244
0.006048606427
0.006048857451
0.006049003497
0.006047872266
0.006048040577
0.006048276493
0.006048559056
0.006048864523
0.006049167169
0.006049439858
0.006049654045
0.0060497789
0.006048814299
0.006048956672
0.00604915646
0.006049396103
0.006049655628
0.006049913251
0.006050145836
0.006050328888
0.006050435812
0.006049610646
0.00604973132
0.006049900858
0.006050104531
0.006050325506
0.006050545296
0.006050744128
0.006050900932
0.006050992718
0.006050283906
0.006050386491
0.006050530783
0.006050704392
0.006050893086
0.006051081132
0.006051251587
0.00605138628
0.00605146529
0.006050853586
0.006050941104
0.006051064337
0.006051212822
0.006051374485
0.006051535887
0.006051682467
0.006051798516
0.006051866731
0.006051336265
0.006051411217
0.00605151686
0.006051644319
0.006051783304
0.0060519223
0.00605204875
0.00605214904
0.006052208111
0.006051745891
0.006051810334
0.006051901242
0.00605201105
0.006052130953
0.006052251042
0.006052360461
0.006052447382
0.00605249868
0.006052094122
0.006052149738
0.00605222825
0.006052323178
0.006052426951
0.006052531015
0.006052625957
0.006052701483
0.006052746142
0.006052390649
0.006052438813
0.006052506842
0.006052589155
0.006052679218
0.006052769622
0.006052852187
0.006052917944
0.006052956898
0.006052643509
0.00605268534
0.006052744443
0.006052815992
0.006052894325
0.006052973006
0.006053044916
0.006053102241
0.006053136262
0.006052859345
0.006052895754
0.006052947201
0.006053009494
0.006053077711
0.006053146253
0.006053208921
0.006053258912
0.006053288636
0.006053043644
0.00605307537
0.006053120191
0.006053174455
0.006053233874
0.00605329357
0.006053348151
0.006053391706
0.006053417649
0.006053200925
0.006053228567
0.0060532676
0.006053314834
0.006053366528
0.006053418435
0.006053465872
0.006053503725
0.006053526317
0.00605333491
0.006053358954
0.006053392879
0.006053433895
0.00605347874
0.006053523722
0.006053564792
0.006053597558
0.006053617163
0.006053448658
0.006053469498
0.006053498868
0.006053534329
0.00605357304
0.006053611812
0.006053647173
0.006053675388
0.006053692338
0.00605354468
0.006053562636
0.006053587899
0.006053618342
0.006053651513
0.00605368468
0.00605371491
0.00605373908
0.006053753767
0.00605362503
0.006053640357
0.006053661875
0.006053687744
0.006053715866
0.006053743941
0.006053769541
0.006053790127
0.006053802754
0.006053691373
0.006053704279
0.006053722347
0.006053744003
0.006053767482
0.006053790888
0.006053812271
0.006053829496
0.006053840093
0.006053745065
0.006053755717
0.006053770571
0.006053788305
0.006053807466
0.006053826537
0.006053843899
0.00605385778
0.006053866364
0.006053787204
0.006053795733
0.00605380756
0.006053821598
0.00605383669
0.006053851562
0.006053864879
0.006053875405
0.006053881975
0.00605381868
0.006053825186
0.006053834123
0.006053844634
0.006053855706
0.006053866305
0.00605387552
0.006053882648
0.006053887185
0.006053840214
0.006053844777
0.006053850904
0.006053857828
0.006053864757
0.006053870977
0.006053875997
0.006053879655
0.006053882117
0.006053852392
0.006053854952
0.006053858131
0.006053861322
0.006053863964
0.006053865665
0.006053866362
0.006053866445
0.006053866773
0.006053855311
0.00605385576
0.006053855853
0.006053855153
0.006053853338
0.006053850345
0.006053846552
0.006053842922
0.006053841034
0.006053848938
0.006053847171
0.00605384403
0.006053839259
0.006053832784
0.006053824884
0.006053816395
0.00605380888
0.006053804673
0.006053833172
0.006053829073
0.006053822532
0.006053813482
0.006053802109
0.006053789047
0.006053775614
0.006053764005
0.006053757354
0.006053807835
0.006053801274
0.006053791144
0.006053777573
0.006053761022
0.006053742499
0.006053723828
0.006053707876
0.006053698631
0.006053772672
0.006053763501
0.006053749562
0.006053731192
0.006053709139
0.006053684804
0.006053660553
0.006053639967
0.006053627952
0.006053727345
0.006053715394
0.006053697396
0.006053673907
0.006053645976
0.006053615426
0.006053585197
0.006053559641
0.006053544652
0.006053671436
0.00605365651
0.006053634167
0.006053605192
0.006053570954
0.006053533725
0.006053497063
0.00605346615
0.006053447951
0.006053604439
0.006053586318
0.006053559303
0.006053524424
0.00605348339
0.006053438953
0.006053395338
0.006053358626
0.006053336949
0.00605352576
0.006053504194
0.006053472137
0.006053430879
0.006053382494
0.006053330249
0.00605327909
0.006053236078
0.006053210618
0.006053434712
0.006053409419
0.006053371902
0.006053323729
0.006053267364
0.006053206633
0.006053147264
0.006053097386
0.006053067799
0.006053330512
0.006053301172
0.006053257724
0.006053202032
0.006053136981
0.006053066998
0.006052998669
0.006052941289
0.006052907188
0.006053212272
0.006053178527
0.006053128619
0.00605306473
0.006052990197
0.006052910107
0.006052831976
0.006052766383
0.006052727335
0.006053078993
0.006053040444
0.006052983483
0.006052910636
0.006052825735
0.006052734579
0.006052645706
0.006052571104
0.006052526626
0.006052929563
0.00605288576
0.006052821084
0.006052738432
0.00605264217
0.00605253888
0.00605243822
0.006052353724
0.006052303278
0.00605276274
0.006052713184
0.006052640055
0.006052546654
0.00605243793
0.006052321318
0.006052207708
0.006052112336
0.006052055325
0.006052577152
0.006052521287
0.006052438886
0.006052333687
0.006052211276
0.006052080025
0.006051952175
0.006051844838
0.0060517806
0.006052371284
0.006052308494
0.006052215912
0.006052097754
0.006051960299
0.00605181295
0.006051669433
0.006051548925
0.00605147673
0.006052143471
0.006052073074
0.006051969305
0.0060518369
0.006051682902
0.006051517841
0.006051357081
0.006051222073
0.006051141114
0.006051891885
0.006051813127
0.006051697059
0.006051548987
0.006051376789
0.006051192237
0.006051012494
0.006050861521
0.006050770909
0.006051614527
0.006051526576
0.006051396983
0.006051231677
0.006051039453
0.006050833447
0.006050632809
0.006050464259
0.006050363019
0.006051309212
0.006051211151
0.006051066681
0.006050882416
0.006050668158
0.006050438543
0.006050214907
0.006050027011
0.006049914072
0.006050973558
0.006050864379
0.006050703548
0.006050498429
0.006050259928
0.006050004338
0.006049755398
0.006049546218
0.006049420408
0.006050604975
0.006050483571
0.006050304748
0.006050076694
0.006049811533
0.006049527374
0.006049250607
0.006049018024
0.006048878062
0.006050200649
0.006050065806
0.006049867204
0.006049613938
0.006049319468
0.006049003905
0.006048696554
0.006048438256
0.006048282747
0.00604975753
0.006049607919
0.006049387585
0.006049106616
0.006048779944
0.006048429884
0.006048088944
0.006047802414
0.006047629841
0.006049272316
0.006049106488
0.006048862287
0.0060485509
0.006048188875
0.006047800949
0.006047423153
0.006047105658
0.006046914375
0.006048741445
0.006048557818
0.006048287428
0.006047942666
0.00604754186
0.006047112411
0.006046694216
0.006046342797
0.006046131024
0.00604816108
0.006047957934
0.006047658831
0.006047277484
0.006046834182
0.00604635925
0.006045896827
0.00604550829
0.006045274112
0.006047527096
0.00604730257
0.006046972019
0.006046550616
0.006046060802
0.006045536116
0.006045025341
0.006044596256
0.006044337618
0.006046835084
0.006046587163
0.006046222212
0.00604575701
0.006045216365
0.006044637337
0.006044073795
0.006043600499
0.006043315212
0.006046080339
0.006045806858
0.006045404337
0.006044891322
0.006044295222
0.006043656959
0.006043035953
0.00604251456
0.006042200314
0.00604525788
0.006044956524
0.006044513046
0.006043947943
0.006043291478
0.006042588799
0.006041905379
0.006041331817
0.0060409862
0.00604436247
0.006044030781
0.006043542763
0.006042921057
0.006042199068
0.00604142656
0.006040675585
0.006040045651
0.006039666194
0.006043388669
0.006043024068
0.006042487761
0.006041804757
0.006041011905
0.006040164013
0.006039340253
0.006038649719
0.006038233966
0.006042330926
0.006041930755
0.00604134231
0.00604059322
0.00603972412
0.006038795301
0.006037893623
0.006037138409
0.006036684036
0.006041183742
0.006040745329
0.006040100911
0.006039281019
0.006038330447
0.006037315445
0.006036331104
0.006035507564
0.006035012577
0.006039941947
0.006039462725
0.006038758699
0.006037863625
0.006036826876
0.006035721146
0.006034650272
0.006033755651
0.006033218696
0.006038601192
0.006038078889
0.006037312118
0.006036338249
0.006035211695
0.006034012097
0.006032852455
0.006031885616
0.006031306473
0.006037158832
0.006036591769
0.006035760096
0.006034705256
0.006033487235
0.006032193102
0.006030945279
0.006029907829
0.006029288179
0.006035615623
0.006035003183
0.006034106167
0.006032970655
0.006031662802
0.006030277559
0.00602894674
0.006027844713
0.00602718928
0.00603397918
0.006033322502
0.006032362507
0.006031150594
0.006029759778
0.006028293243
0.006026891724
0.006025737947
0.006025056119
0.006032271596
0.006031574558
0.006030558245
0.006029280183
0.006027820989
0.006026292268
0.006024842546
0.006023659514
0.00602296731
0.006030547189
0.00602981756
0.006028757597
0.006027431801
0.006025928998
0.006024368981
0.006022906093
0.006021728036
0.006021049588
0.006028936624
0.006028186968
0.006027102952
0.006025756398
0.006024244344
0.006022693831
0.006021262295
0.006020131742
0.006019497064
0.006027757919
0.006027003708
0.006025918073
0.006024578809
0.006023089293
0.006021581395
0.006020212886
0.006019157177
0.00601858519
4.189090766e-22
1.568788989e-21
3.499412143e-21
6.630399054e-21
1.170204323e-20
1.999444019e-20
3.373279189e-20
5.676635778e-20
9.576584092e-20
1.622968424e-19
2.764378696e-19
4.730810755e-19
8.129015143e-19
1.40140593e-18
2.421886883e-18
4.192301033e-18
7.263652242e-18
1.259110055e-17
2.183148538e-17
3.786014675e-17
6.566837129e-17
1.139218157e-16
1.976667186e-16
3.430291624e-16
5.953733329e-16
1.033461121e-15
1.79401557e-15
3.114289082e-15
5.405744352e-15
9.381371893e-15
1.627520658e-14
2.821977641e-14
4.889295603e-14
8.462217221e-14
1.46260789e-13
2.523602601e-13
4.345019724e-13
7.462019951e-13
1.277678654e-12
2.18015493e-12
3.705516425e-12
6.270435103e-12
1.055901939e-11
1.768536566e-11
2.944798954e-11
4.872320389e-11
8.006562625e-11
1.306131652e-10
2.114337914e-10
3.395059721e-10
5.405992824e-10
8.53423879e-10
1.335556085e-09
2.071812601e-09
3.185909588e-09
4.856902808e-09
7.342008229e-09
1.100819799e-08
1.637577864e-08
2.41782787e-08
3.544446194e-08
5.161025284e-08
7.467096598e-08
1.073876723e-07
1.535659654e-07
2.184309123e-07
3.091287961e-07
4.353944799e-07
6.104325535e-07
8.520701972e-07
1.184248477e-06
1.638924481e-06
2.258456193e-06
3.098531477e-06
4.231677768e-06
5.75134428e-06
7.776475695e-06
1.045638502e-05
1.397557871e-05
1.855803723e-05
2.447045734e-05
3.202486159e-05
4.157976615e-05
5.353778335e-05
6.833966125e-05
8.645423406e-05
0.0001083642037
0.0001345481755
0.000165459923
0.0002015063629
0.0002430260725
0.000290270299
0.0003433882579
0.0004024181115
0.0004672844111
0.0005378019648
0.0006136847879
0.0006945565388
0.0007799035148
0.000869151446
0.0009617154216
0.001056989258
0.001154360678
0.001253226469
0.001353006191
0.001453153722
0.001553166267
0.001652590756
0.001751027706
0.001848132794
0.001943616447
0.002037241828
0.002128821614
0.002218213918
0.002305317702
0.002390067952
0.002472430864
0.002552399157
0.002629987691
0.002705229499
0.002778172185
0.002848874746
0.00291740483
0.002983836381
0.003048247651
0.003110719545
0.003171334262
0.003230174194
0.003287321047
0.003342855158
0.003396854962
0.003449396605
0.003500553658
0.003550396928
0.003598994338
0.00364641087
0.003692708551
0.003737946481
0.003782180879
0.00382546516
0.00386785002
0.00390938354
0.003950111285
0.003990076418
0.004029319811
0.004067880153
0.004105794063
0.004143096194
0.00417981934
0.00421599453
0.00425165113
0.004286816929
0.004321518229
0.004355779924
0.004389625578
0.004423077498
0.004456156804
0.004488883493
0.004521276497
0.004553353745
0.004585132211
0.004616627968
0.004647856235
0.004678831418
0.004709567153
0.004740076343
0.004770371195
0.004800463254
0.004830363428
0.00486008202
0.004889628752
0.004919012781
0.004948242723
0.004977326658
0.005006272144
0.005035086212
0.005063775362
0.005092345543
0.005120802125
0.005149149858
0.005177392802
0.005205534253
0.005233576628
0.005261521331
0.005289368583
0.005317117211
0.00534476441
0.005372305448
0.005399733345
0.005427038504
0.005454208315
0.005481226738
0.00550807387
0.00553472553
0.005561152869
0.005587322049
0.005613193988
0.005638724265
0.005663863163
0.005688555926
0.005712743229
0.005736361917
0.005759345996
0.005781627904
0.005803140033
0.005823816464
0.005843594882
0.005862418563
0.005880238386
0.005897014717
0.005912719078
0.005927335457
0.00594086111
0.005953306724
0.005964695763
0.005975062827
0.005984454656
0.005992925564
0.006000530668
0.006007328514
0.006013380204
0.00601874797
0.006023493519
0.006027676412
0.006031352697
0.006034573957
0.00603738686
0.006039833215
0.006041950542
0.006043773149
0.006045333873
0.006046663809
0.006047791848
0.006048746316
0.006049553062
0.006050234984
0.006050811873
0.006051300557
0.006051715202
0.006052067643
0.006052367721
0.006052623594
0.006052842009
0.006053028531
0.006053187748
0.006053323437
0.0060534387
0.006053536085
0.006053617675
0.00605368516
0.006053739915
0.006053783055
0.006053815483
0.006053837935
0.006053851033
0.006053854928
0.006053849585
0.006053834902
0.006053810709
0.006053776758
0.006053732723
0.006053678193
0.006053612678
0.006053535596
0.006053446276
0.00605334395
0.006053227749
0.006053096696
0.006052949696
0.006052785535
0.006052602866
0.006052400202
0.006052175907
0.006051928189
0.006051655084
0.006051354445
0.006051023934
0.006050661007
0.006050262899
0.006049826612
0.006049348903
0.00604882627
0.006048254939
0.006047630855
0.006046949676
0.006046206771
0.006045397228
0.006044515879
0.00604355734
0.006042516103
0.006041386678
0.006040163856
0.006038843162
0.006037421693
0.006035899739
0.006034284135
0.006032595757
0.006030887175
0.006029286836
0.006028111314
)
;

boundaryField
{
    outlet
    {
        type            inletOutlet;
        inletValue      uniform 0;
        value           nonuniform List<scalar> 10(0.006027757919 0.006027003708 0.006025918073 0.006024578809 0.006023089293 0.006021581395 0.006020212886 0.006019157177 0.00601858519 0.006028111314);
    }
    inlet
    {
        type            fixedValue;
        value           uniform 0;
    }
    front
    {
        type            wedge;
    }
    wall
    {
        type            zeroGradient;
    }
    back
    {
        type            wedge;
    }
}


// ************************************************************************* //
