/*--------------------------------*- C++ -*----------------------------------*\
| =========                 |                                                 |
| \\      /  F ield         | OpenFOAM: The Open Source CFD Toolbox           |
|  \\    /   O peration     | Version:  2212                                  |
|   \\  /    A nd           | Website:  www.openfoam.com                      |
|    \\/     M anipulation  |                                                 |
\*---------------------------------------------------------------------------*/
FoamFile
{
    version     2.0;
    format      ascii;
    arch        "LSB;label=32;scalar=64";
    class       volScalarField;
    location    "20.00000000";
    object      C2H2;
}
// * * * * * * * * * * * * * * * * * * * * * * * * * * * * * * * * * * * * * //

dimensions      [0 0 0 0 0 0 0];

internalField   nonuniform List<scalar> 
3000
(
0.3340065119
0.3340065119
0.3340065119
0.3340065119
0.3340065119
0.3340065119
0.3340065119
0.3340065119
0.3340065119
0.3340065119
0.3340065119
0.3340065119
0.3340065119
0.3340065119
0.3340065119
0.3340065119
0.3340065119
0.3340065119
0.3340065119
0.3340065119
0.3340065119
0.3340065119
0.3340065119
0.3340065119
0.3340065119
0.3340065119
0.3340065119
0.3340065119
0.3340065119
0.3340065119
0.3340065119
0.3340065119
0.3340065119
0.3340065119
0.3340065119
0.3340065119
0.3340065119
0.3340065119
0.3340065119
0.3340065119
0.3340065119
0.3340065119
0.3340065119
0.3340065119
0.3340065119
0.3340065119
0.3340065119
0.3340065119
0.3340065119
0.3340065119
0.3340065119
0.3340065119
0.3340065119
0.3340065119
0.3340065119
0.3340065119
0.3340065119
0.3340065119
0.3340065119
0.3340065119
0.3340065119
0.3340065119
0.3340065119
0.3340065119
0.3340065119
0.3340065119
0.3340065119
0.3340065119
0.3340065119
0.3340065119
0.3340065119
0.3340065119
0.3340065119
0.3340065119
0.3340065119
0.3340065119
0.3340065119
0.3340065119
0.3340065119
0.3340065119
0.3340065119
0.3340065119
0.3340065119
0.3340065119
0.3340065119
0.3340065119
0.3340065119
0.3340065119
0.3340065119
0.3340065119
0.3340065119
0.3340065119
0.3340065119
0.3340065119
0.3340065119
0.3340065119
0.3340065119
0.3340065119
0.3340065119
0.3340065119
0.3340065119
0.3340065119
0.3340065119
0.3340065119
0.3340065119
0.3340065119
0.3340065119
0.3340065119
0.3340065119
0.3340065119
0.3340065119
0.3340065119
0.3340065119
0.3340065119
0.3340065119
0.3340065119
0.3340065119
0.3340065119
0.3340065119
0.3340065119
0.3340065119
0.3340065119
0.3340065119
0.3340065119
0.3340065119
0.3340065119
0.3340065119
0.3340065119
0.3340065119
0.3340065119
0.3340065119
0.3340065119
0.3340065119
0.3340065119
0.3340065119
0.3340065119
0.3340065119
0.3340065119
0.3340065119
0.3340065119
0.3340065119
0.3340065119
0.3340065119
0.3340065119
0.3340065119
0.3340065119
0.3340065119
0.3340065119
0.3340065119
0.3340065119
0.3340065119
0.3340065119
0.3340065119
0.3340065119
0.3340065119
0.3340065119
0.3340065119
0.3340065119
0.3340065119
0.3340065119
0.3340065119
0.3340065119
0.3340065119
0.3340065119
0.3340065119
0.3340065119
0.3340065119
0.3340065119
0.3340065119
0.3340065119
0.3340065119
0.3340065119
0.3340065119
0.3340065119
0.3340065119
0.3340065119
0.3340065119
0.3340065119
0.3340065119
0.3340065119
0.3340065119
0.3340065119
0.3340065119
0.3340065119
0.3340065119
0.3340065119
0.3340065119
0.3340065119
0.3340065119
0.3340065119
0.3340065119
0.3340065119
0.3340065119
0.3340065119
0.3340065119
0.3340065119
0.3340065119
0.3340065119
0.3340065119
0.3340065119
0.3340065119
0.3340065119
0.3340065119
0.3340065119
0.3340065119
0.3340065119
0.3340065119
0.3340065119
0.3340065119
0.3340065119
0.3340065119
0.3340065119
0.3340065119
0.3340065119
0.3340065119
0.3340065119
0.3340065119
0.3340065119
0.3340065119
0.3340065119
0.3340065119
0.3340065119
0.3340065119
0.3340065119
0.3340065119
0.3340065119
0.3340065119
0.3340065119
0.3340065119
0.3340065119
0.3340065119
0.3340065119
0.3340065119
0.3340065119
0.3340065119
0.3340065119
0.3340065119
0.3340065119
0.3340065119
0.3340065119
0.3340065119
0.3340065118
0.3340065118
0.3340065119
0.3340065119
0.3340065119
0.3340065119
0.3340065119
0.3340065118
0.3340065118
0.3340065118
0.3340065118
0.3340065119
0.3340065119
0.3340065119
0.3340065118
0.3340065118
0.3340065118
0.3340065118
0.3340065118
0.3340065118
0.3340065119
0.3340065118
0.3340065118
0.3340065118
0.3340065118
0.3340065118
0.3340065118
0.3340065118
0.3340065118
0.3340065118
0.3340065118
0.3340065118
0.3340065118
0.3340065118
0.3340065118
0.3340065118
0.3340065118
0.3340065117
0.3340065118
0.3340065118
0.3340065118
0.3340065118
0.3340065118
0.3340065117
0.3340065117
0.3340065117
0.3340065117
0.3340065118
0.3340065118
0.3340065118
0.3340065118
0.3340065117
0.3340065117
0.3340065116
0.3340065116
0.3340065115
0.3340065118
0.3340065118
0.3340065117
0.3340065117
0.3340065116
0.3340065115
0.3340065114
0.3340065113
0.3340065113
0.3340065117
0.3340065117
0.3340065116
0.3340065116
0.3340065114
0.3340065113
0.3340065111
0.334006511
0.3340065109
0.3340065116
0.3340065116
0.3340065115
0.3340065113
0.3340065111
0.3340065109
0.3340065106
0.3340065104
0.3340065102
0.3340065115
0.3340065114
0.3340065112
0.3340065109
0.3340065106
0.3340065102
0.3340065098
0.3340065093
0.3340065091
0.3340065112
0.334006511
0.3340065107
0.3340065103
0.3340065098
0.3340065091
0.3340065083
0.3340065076
0.3340065071
0.3340065107
0.3340065104
0.3340065099
0.3340065092
0.3340065083
0.3340065071
0.3340065059
0.3340065047
0.334006504
0.3340065099
0.3340065094
0.3340065086
0.3340065074
0.3340065059
0.334006504
0.3340065019
0.3340065
0.3340064988
0.3340065085
0.3340065077
0.3340065063
0.3340065044
0.3340065018
0.3340064987
0.3340064954
0.3340064924
0.3340064904
0.3340065062
0.3340065048
0.3340065025
0.3340064994
0.3340064952
0.3340064902
0.3340064849
0.3340064801
0.334006477
0.3340065023
0.3340065
0.3340064963
0.3340064911
0.3340064844
0.3340064765
0.334006468
0.3340064605
0.3340064556
0.3340064959
0.3340064921
0.3340064862
0.3340064778
0.3340064671
0.3340064545
0.3340064412
0.3340064295
0.334006422
0.3340064853
0.3340064793
0.3340064697
0.3340064564
0.3340064394
0.3340064197
0.3340063991
0.334006381
0.3340063697
0.334006468
0.3340064584
0.3340064432
0.3340064222
0.3340063957
0.3340063651
0.3340063337
0.3340063062
0.3340062889
0.3340064401
0.3340064249
0.334006401
0.3340063683
0.3340063273
0.3340062806
0.3340062328
0.3340061914
0.3340061657
0.3340063953
0.3340063715
0.3340063344
0.334006284
0.3340062215
0.3340061507
0.334006079
0.3340060173
0.3340059792
0.3340063239
0.3340062872
0.3340062304
0.3340061536
0.3340060591
0.3340059531
0.3340058466
0.3340057554
0.3340056993
0.3340062115
0.3340061555
0.3340060692
0.3340059535
0.3340058124
0.3340056552
0.3340054982
0.3340053647
0.3340052831
0.3340060361
0.3340059515
0.3340058221
0.3340056497
0.3340054408
0.3340052099
0.3340049807
0.3340047868
0.3340046686
0.3340057651
0.3340056388
0.3340054467
0.3340051924
0.3340048863
0.3340045499
0.3340042179
0.3340039383
0.3340037685
0.3340053504
0.334005164
0.3340048819
0.3340045104
0.3340040658
0.3340035799
0.3340031025
0.3340027018
0.3340024592
0.3340047224
0.3340044502
0.33400404
0.3340035024
0.3340028624
0.3340021659
0.3340014842
0.3340009137
0.3340005688
0.3340037815
0.334003388
0.3340027971
0.3340020262
0.3340011124
0.3340001217
0.333999155
0.3339983475
0.3339978601
0.3340023863
0.334001823
0.3340009799
0.3339998842
0.3339985901
0.3339971916
0.3339958305
0.3339946956
0.3339940112
0.3340003391
0.3339995404
0.3339983484
0.3339968045
0.333994987
0.3339930287
0.3339911274
0.3339895453
0.3339885924
0.3339973662
0.3339962442
0.3339945742
0.3339924177
0.333989887
0.3339871683
0.3339845357
0.3339823498
0.333981035
0.3339930935
0.3339915321
0.3339892136
0.3339862287
0.3339827364
0.3339789961
0.3339753839
0.3339723904
0.3339705912
0.3339870169
0.3339848644
0.333981676
0.3339775829
0.3339728088
0.3339677102
0.3339627971
0.3339587298
0.3339562848
0.3339784682
0.3339755301
0.3339711882
0.3339656297
0.3339591646
0.3339522756
0.3339456459
0.3339401586
0.3339368572
0.3339665795
0.3339626099
0.333956756
0.3339492797
0.3339406025
0.3339313698
0.3339224897
0.3339151374
0.3339107091
0.333950245
0.3339449354
0.3339371185
0.3339271532
0.3339156037
0.3339033253
0.3338915181
0.3338817383
0.3338758425
0.3339280738
0.3339210384
0.3339106937
0.3338975225
0.3338822731
0.3338660712
0.3338504942
0.3338375891
0.3338298041
0.3338983325
0.3338890923
0.3338755189
0.3338582545
0.3338382842
0.3338170808
0.3337967034
0.3337798231
0.3337696381
0.3338588849
0.3338468537
0.333829196
0.3338067595
0.333780832
0.3337533279
0.3337269137
0.3337050435
0.3336918512
0.3338071388
0.3337916126
0.3337688464
0.333739951
0.3337065988
0.3336712583
0.3336373533
0.3336093054
0.3335923982
0.3337400042
0.3337201545
0.3336910783
0.3336542206
0.3336117365
0.3335667823
0.3335237111
0.3334881235
0.3334666934
0.3336538642
0.3336287367
0.3335919706
0.3335454311
0.3334918717
0.3334352901
0.3333811641
0.3333365081
0.3333096525
0.333544563
0.3335130818
0.3334670756
0.3334089307
0.3333421327
0.3332716939
0.3332044325
0.3331490321
0.3331157651
0.3334074106
0.3333683901
0.3333114414
0.3332395883
0.3331571998
0.3330704934
0.3329878599
0.3329199222
0.3328791937
0.3332372091
0.3331893724
0.3331196547
0.3330318495
0.3329313752
0.3328258602
0.3327255113
0.3326431685
0.3325938889
0.3330282986
0.3329703028
0.3328859037
0.3327798096
0.3326586683
0.3325317345
0.3324112795
0.3323126378
0.3322537071
0.3327746267
0.3327050939
0.3326040597
0.3324773039
0.3323328929
0.332181928
0.332038992
0.3319221805
0.3318525166
0.3324698409
0.3323873924
0.3322677777
0.3321180122
0.3319477749
0.3317702323
0.331602515
0.3314657283
0.3313842774
0.3321074032
0.3320106957
0.3318706143
0.331695578
0.3314970707
0.3312905348
0.3310958668
0.3309373985
0.3308431727
0.3316807232
0.3315684848
0.3314061604
0.3312037385
0.330974695
0.330736945
0.3305133434
0.3303316805
0.3302238557
0.3311833029
0.3310543669
0.3308681797
0.3306364604
0.3303748514
0.3301039161
0.329849695
0.3296436146
0.3295215167
0.3306088833
0.3304622196
0.3302507499
0.3299880734
0.3296921564
0.3293864431
0.3291002964
0.3288688554
0.328731991
0.3299515873
0.3297863282
0.3295483848
0.3292534003
0.328921873
0.3285802176
0.328261207
0.3280037523
0.3278517728
0.3292060379
0.3290215174
0.3287562535
0.3284280518
0.3280600392
0.3276817039
0.3273292867
0.3270454856
0.3268782426
0.3283676553
0.3281634785
0.3278703918
0.327508465
0.3271035398
0.3266882395
0.3263022904
0.3259921435
0.3258096851
0.3274327849
0.3272088005
0.3268877384
0.3264920033
0.3260502071
0.3255981294
0.3251789547
0.3248428036
0.3246453761
0.3263987478
0.3261550603
0.3258062342
0.3253770498
0.3248989085
0.3244107266
0.3239590717
0.3235976023
0.3233856501
0.3252639365
0.3250009153
0.3246249106
0.3241630877
0.3236496201
0.3231264964
0.3226435466
0.3222577858
0.3220319476
0.3240278989
0.3237461816
0.3233439614
0.322850765
0.3223034804
0.3217470614
0.3212344326
0.3208257382
0.3205868397
0.3226914055
0.3223918961
0.3219647969
0.3214419378
0.320862824
0.3202752234
0.3197349426
0.3193049846
0.3190540251
0.3212564965
0.3209403574
0.3204900758
0.3199396912
0.3193311891
0.3187149578
0.3181494321
0.3177001648
0.317438299
0.3197265051
0.3193951418
0.3189237108
0.3183483328
0.317713298
0.3170713817
0.3164833552
0.3160169791
0.3157454861
0.3181060525
0.3177610908
0.3172708456
0.3166733571
0.3160150078
0.3153506917
0.314743195
0.3142621238
0.3139824179
0.3164010107
0.3160442664
0.3155378002
0.3149213783
0.3142432308
0.3135600715
0.3129363558
0.3124431547
0.3121567177
0.3146184321
0.3142518738
0.3137319839
0.3131000335
0.3124058279
0.3117075785
0.311071047
0.310568381
0.3102767415
0.3127664452
0.312392152
0.3118617795
0.3112178602
0.3105114806
0.3098020117
0.309156151
0.3086467342
0.3083514422
0.3108541191
0.3104742348
0.3099364008
0.3092841505
0.3085695446
0.3078527682
0.3072010851
0.3066876378
0.3063902476
0.308891304
0.3085079906
0.3079657315
0.3073087916
0.3065898937
0.3058696935
0.3052156634
0.3047008798
0.3044029183
0.3068884569
0.3065038493
0.3059601553
0.3053021
0.3045827616
0.3038629282
0.3032099156
0.3026963748
0.3023993687
0.3048564698
0.3044726341
0.3039303941
0.3032746636
0.3025585445
0.3018426545
0.3011939395
0.3006841285
0.3003893159
0.3028065297
0.3024253832
0.3018872636
0.3012370945
0.3005276172
0.2998187867
0.2991766371
0.2986721101
0.2983803568
0.300749869
0.3003731675
0.2998414916
0.2991992678
0.2984987132
0.2977990614
0.2971653898
0.2966675883
0.2963797025
0.2986960858
0.2983249734
0.2978013044
0.2971689128
0.296479279
0.2957907124
0.2951671867
0.2946773744
0.2943940669
0.2966530501
0.2962885251
0.295774237
0.2951532953
0.2944762814
0.2938004231
0.2931884526
0.2927076961
0.2924295676
0.2946280841
0.2942709786
0.2937672134
0.293159053
0.2924960495
0.2918342232
0.2912349537
0.2907641195
0.2904916593
0.2926277942
0.2922787681
0.2917864282
0.2911920947
0.2905441875
0.2898974235
0.2893117446
0.2888515061
0.2885850963
0.2906579762
0.2903175222
0.2898372785
0.2892575445
0.2886255318
0.2879945842
0.2874231457
0.286973996
0.2867139185
0.2887235716
0.2883920271
0.2879243358
0.287359723
0.2867441396
0.2861295103
0.2855727443
0.2851350126
0.2848814583
0.2868286613
0.286506224
0.2860513496
0.2855021557
0.284903302
0.2843052697
0.2837634152
0.283337286
0.283090365
0.2849764889
0.2846632352
0.2842212754
0.2836876042
0.2831055779
0.2825242284
0.2819973576
0.2815828896
0.281342642
0.283169507
0.2828654105
0.2824363223
0.2819181136
0.281352842
0.2807880983
0.2802761428
0.2798732885
0.2796396944
0.2814094387
0.2811143888
0.2806980135
0.2801950734
0.2796463434
0.2790979952
0.2786007707
0.2782093949
0.2779823846
0.2796973502
0.2794111693
0.2790072568
0.2785192845
0.2779867721
0.2774545024
0.2769717318
0.276591628
0.2763710915
0.2780337293
0.2777561886
0.2773644185
0.2768910315
0.2763743267
0.2758577364
0.2753890703
0.2750199765
0.2748057714
0.2764185654
0.2761493988
0.275769399
0.2753101548
0.2748087846
0.2743074133
0.2738524481
0.2734940599
0.273286019
0.2748514284
0.2745903438
0.274221707
0.2737761214
0.2732895686
0.2728029127
0.2723612059
0.272013188
0.2718111255
0.2733315423
0.2730782316
0.2727205283
0.2722880908
0.2718158098
0.2713433376
0.270914421
0.270576417
0.2703801342
0.2718578545
0.2716120014
0.2712647903
0.2708449766
0.2703864065
0.2699275705
0.2695109605
0.2691826008
0.2689918903
0.2704290968
0.2701903828
0.2698532196
0.2694455012
0.269000076
0.2685543224
0.2681495288
0.2678304375
0.2676450874
0.2690438396
0.2688119489
0.2684843926
0.2680882444
0.2676554013
0.2672221785
0.266828711
0.2665185102
0.2663383065
0.2677005395
0.2674751624
0.2671567805
0.2667716868
0.2663508713
0.2659296343
0.2655470076
0.2652453227
0.2650700523
0.266397579
0.2661784145
0.2658687859
0.2654942436
0.2650849142
0.2646751297
0.2643028677
0.2640093297
0.2638387822
0.265133299
0.2649200562
0.2646187733
0.2642542952
0.2638559265
0.263457076
0.2630947147
0.2628089633
0.2626429324
0.2639060255
0.2636984247
0.2634050956
0.2630502121
0.2626622968
0.262273879
0.2619209685
0.2616426536
0.2614809382
0.2627140922
0.2625118656
0.2622261144
0.2618803748
0.2615024252
0.2611239568
0.2607800632
0.2605088457
0.2603512509
0.2615558569
0.2613587488
0.261080216
0.2607431889
0.2603747376
0.260005755
0.2596704605
0.259406014
0.2592523514
0.2604297152
0.2602374817
0.2599658248
0.2596370983
0.2592776982
0.2589177573
0.2585906614
0.258332672
0.2581827604
0.2593341099
0.259146519
0.2588814117
0.2585605931
0.258209818
0.2578584944
0.2575392138
0.2572873809
0.2571410462
0.2582675383
0.2580843698
0.2578255017
0.2575122176
0.2571696609
0.2568265499
0.2565147187
0.2562687546
0.2561258303
0.2572285573
0.2570496019
0.2567966784
0.2564905734
0.2561558487
0.2558205648
0.2555158339
0.2552754643
0.2551357912
0.256215786
0.2560408452
0.2557935865
0.2554943234
0.2551670632
0.2548392395
0.2545412768
0.2543062401
0.2541696664
0.2552279078
0.2550567934
0.2548149341
0.2545221925
0.2542020478
0.253881336
0.2535898253
0.2533598728
0.2532262538
0.25426367
0.2540962036
0.2538594922
0.2535729685
0.2532596079
0.252945677
0.2526603183
0.2524352134
0.2523044117
0.2533218843
0.2531578968
0.2529260948
0.252645501
0.2523386106
0.2520311466
0.2517516548
0.2515311728
0.2514030578
0.2524014249
0.2522407563
0.2520136376
0.2517387009
0.2514379827
0.2511366879
0.2508627929
0.2506467207
0.2505211684
0.2515012271
0.2513437257
0.2511210765
0.2508515383
0.2505567102
0.2502613024
0.249992748
0.2497808836
0.2496577765
0.2506202854
0.2504658077
0.2502474253
0.2499830407
0.2496938356
0.2494040476
0.2491405911
0.2489327431
0.2488119698
0.2497576511
0.2496060611
0.2493917537
0.249132291
0.2488484558
0.2485640345
0.2483054461
0.2481014333
0.2479828883
0.2489124297
0.2487635988
0.2485531848
0.2482984246
0.2480197199
0.2477404258
0.2474864881
0.247286139
0.2471697225
0.2480837786
0.2479375851
0.2477308927
0.2474806275
0.2472068266
0.2469324331
0.2466829405
0.2464860927
0.2463717104
0.2472709045
0.2471272332
0.2469240999
0.2466781332
0.2464090218
0.2461393146
0.2458940724
0.2457005725
0.2455881352
0.2464730607
0.2463318027
0.2461320747
0.2458902208
0.2456255962
0.2453603726
0.2451191968
0.2449288998
0.2448183229
0.2456895447
0.2455505969
0.2453541288
0.245116212
0.2448558825
0.2445949508
0.2443576675
0.2441704363
0.2440616402
0.2449196957
0.2447829606
0.2445896148
0.244355469
0.2440992533
0.2438424324
0.2436088772
0.2434245823
0.2433174915
0.2441628921
0.2440282775
0.243837924
0.2436073921
0.2433551189
0.2431022375
0.2428722551
0.2426907739
0.2425853173
0.2434185493
0.2432859681
0.2430984838
0.2428714173
0.2426229245
0.2423738208
0.2421472644
0.2419684813
0.2418645916
0.2426861174
0.2425554872
0.2423707559
0.2421470144
0.2419021489
0.2416566699
0.2414334007
0.2412572064
0.2411548201
0.2419650795
0.2418363222
0.2416542339
0.2414336846
0.2411923018
0.2409503028
0.2407301897
0.2405564809
0.2404555381
0.2412549489
0.2411279908
0.2409484415
0.240730959
0.2404929219
0.2402542663
0.2400371855
0.2398658647
0.2397663085
0.240555268
0.2404300394
0.2402529308
0.2400383963
0.2398035755
0.2395681343
0.2393539685
0.2391849435
0.2390867204
0.239865606
0.239742041
0.2395672801
0.2393555813
0.2391238546
0.2388915055
0.2386801442
0.2385133278
0.2384163873
0.2391855574
0.2390635937
0.2388910924
0.2386821234
0.238453375
0.2382240026
0.2380153411
0.237850651
0.2377549452
0.2385147406
0.238394319
0.2382239943
0.2380176545
0.2377917752
0.2375652702
0.2373592097
0.237196568
0.2371020516
0.2378527959
0.2377338607
0.2375656338
0.2373618283
0.2371387145
0.2369149737
0.2367114206
0.2365507536
0.236457384
0.2371993846
0.2370818829
0.2369156792
0.2367143182
0.236493872
0.2362727978
0.2360716635
0.2359129018
0.2358206384
0.2365541873
0.2364380691
0.2362738183
0.2360748166
0.2358569454
0.2356384452
0.2354396462
0.2352827237
0.2351915284
0.235916903
0.2358021209
0.2356397562
0.2354430334
0.2352276494
0.2350116359
0.2348150927
0.2346599473
0.2345697838
0.2352872477
0.2351737569
0.235013215
0.2348186948
0.2346057151
0.2343921053
0.2341977431
0.2340443156
0.2339551497
0.2346649534
0.2345527114
0.2343939324
0.2342015427
0.2339908886
0.2337796041
0.2335873517
0.2334355863
0.2333473856
0.2340497669
0.2339387335
0.2337816607
0.233591333
0.23338293
0.2331738965
0.2329836867
0.2328335304
0.2327462641
0.2334414494
0.2333315864
0.2331761661
0.2329878355
0.2327816129
0.2325747599
0.232386529
0.2322379317
0.2321515707
0.2328397749
0.2327310462
0.2325772273
0.2323908324
0.2321867233
0.231981984
0.2317956714
0.2316485856
0.2315631024
0.2322445299
0.2321369011
0.2319846353
0.2318001178
0.2315980586
0.2313953697
0.2312109181
0.2310652986
0.230980667
0.2316555124
0.2315489509
0.2313981923
0.2312154968
0.2310154273
0.2308147287
0.2306320837
0.2304878878
0.2304040828
0.2310725312
0.2309670061
0.2308177111
0.230636785
0.2304386481
0.2302398827
0.2300589926
0.2299161796
0.2298331778
0.2304954051
0.2303908871
0.2302430144
0.2300638078
0.2298675491
0.2296706627
0.2294914785
0.2293500099
0.2292677889
0.2299239627
0.2298204239
0.229673934
0.2294963997
0.2293019674
0.2291069087
0.2289293837
0.2287892228
0.2287077613
0.2293580412
0.2292554551
0.2291103108
0.2289344036
0.2287417488
0.2285484686
0.2283725587
0.2282336706
0.2281529484
0.2287974865
0.2286958278
0.2285519936
0.2283776705
0.2281867466
0.2279951985
0.2278208614
0.227683213
0.2276032109
0.228242152
0.2281413968
0.2279988388
0.2278260592
0.2276368217
0.2274469613
0.2272741569
0.2271377168
0.2270584165
0.2276918987
0.2275920242
0.2274507102
0.2272794352
0.2270918418
0.226903627
0.2267323172
0.2265970553
0.2265184393
0.2271465945
0.2270475788
0.2269074781
0.2267376709
0.2265516813
0.226365072
0.2261952203
0.2260611079
0.2259831597
0.2266061136
0.226507936
0.2263690195
0.2262006446
0.2260162205
0.2258311783
0.2256627501
0.22552976
0.2254524638
0.2260703364
0.2259729772
0.2258352169
0.2256682408
0.2254853455
0.2253018339
0.2251347961
0.2250029023
0.2249262429
0.2255391489
0.2254425892
0.2253059585
0.2251403491
0.2249589476
0.2247769317
0.2246112528
0.2244804304
0.2244043934
0.2250124425
0.2249166642
0.2247811378
0.2246168644
0.2244369234
0.2242563698
0.2240920195
0.2239622448
0.2238868164
0.2244901135
0.2243950994
0.2242606529
0.2240976862
0.2239191736
0.2237400505
0.2235769999
0.2234482501
0.2233734172
0.2239720627
0.2238777963
0.2237444064
0.2235827183
0.2234056036
0.2232278803
0.2230661017
0.222938355
0.2228641048
0.2234581951
0.2233646607
0.223232305
0.2230718685
0.2228961222
0.2227197694
0.2225592362
0.2224324717
0.222358792
0.2229484197
0.2228556018
0.222724259
0.2225650481
0.2223906419
0.2222156314
0.2220563179
0.2219305153
0.2218573946
0.2224426486
0.2223505327
0.2222201819
0.2220621716
0.2218890782
0.2217153826
0.221557264
0.2214324039
0.2213598307
0.2219407969
0.2218493687
0.2217199899
0.2215631559
0.2213913489
0.2212189416
0.2210619939
0.2209380573
0.2208660205
0.2214427821
0.2213520278
0.2212236014
0.2210679202
0.2208973736
0.2207262288
0.2205704285
0.2204473967
0.2203758857
0.2209485234
0.2208584294
0.2207309363
0.2205763846
0.2204070731
0.2202371654
0.2200824893
0.219960344
0.219889348
0.220457941
0.220368494
0.2202419152
0.2200884701
0.2199203684
0.2197516725
0.2195980975
0.2194768206
0.2194063289
0.2199709553
0.2198821418
0.2197564585
0.2196040969
0.2194371798
0.2192696702
0.219117173
0.218996746
0.218926748
0.2194874855
0.2193992922
0.219274485
0.2191231836
0.2189574255
0.2187910762
0.2186396331
0.2185200371
0.2184505217
0.219007449
0.2189198618
0.2187959112
0.2186456459
0.2184810201
0.2183158043
0.2181653906
0.2180466058
0.2179775614
0.2185307594
0.218443764
0.2183206492
0.2181713948
0.2180078734
0.2178437626
0.2176943521
0.2175763577
0.217507772
0.2180573252
0.2179709061
0.2178486053
0.2177003349
0.217537888
0.2173748518
0.2172264163
0.2171091897
0.2170410495
0.2175870478
0.2175011886
0.2173796781
0.2172323626
0.2170709578
0.2169089629
0.2167614716
0.2166449879
0.2165772786
0.2171198201
0.2170345026
0.2169137564
0.2167673639
0.2166069654
0.2164459753
0.2162993939
0.2161836257
0.2161163309
0.2166555237
0.216570728
0.2164507176
0.2163052125
0.2161457806
0.2159857544
0.2158400449
0.2157249612
0.2156580627
0.216194028
0.2161097319
0.2159904253
0.2158457682
0.2156872586
0.2155281504
0.21538327
0.2152688363
0.2152023135
0.2157351881
0.2156513669
0.2155327285
0.2153888753
0.2152312384
0.2150729972
0.2149288979
0.2148150753
0.214748905
0.2152788439
0.2151954702
0.2150774605
0.2149343623
0.214777543
0.2146201119
0.2144767406
0.2143634857
0.2142976423
0.2148248203
0.2147418639
0.2146244396
0.2144820426
0.2143259805
0.2141692971
0.2140265951
0.2139138606
0.2138483156
0.2143729283
0.2142903564
0.2141734705
0.2140317166
0.2138763465
0.2137203437
0.2135782482
0.2134659829
0.213400706
0.2139229678
0.213840746
0.2137243488
0.2135831768
0.2134284302
0.2132730374
0.2131314828
0.2130196335
0.212954593
0.2134747338
0.2133928263
0.2132768672
0.2131362147
0.212982022
0.2128271685
0.2126860887
0.2125746024
0.2125097665
0.2130280238
0.212946396
0.2128308253
0.2126906319
0.2125369266
0.2123825447
0.2122418777
0.2121307044
0.2120660437
0.2125826503
0.2125012703
0.2123860433
0.212246255
0.2120929783
0.2119390095
0.2117987022
0.2116878001
0.21162329
0.2121384555
0.2120572978
0.211942379
0.2118029541
0.211650062
0.211496464
0.2113564797
0.2112458209
0.2111814455
0.2116953311
0.2116143803
0.2114997496
0.2113606662
0.2112081382
0.2110548944
0.2109152215
0.2108047994
0.2107405557
0.2112532422
0.211172498
0.2110581575
0.2109194226
0.2107672719
0.210614402
0.2104750646
0.2103649026
0.2103008062
0.210812254
0.2107317369
0.2106177194
0.2104793789
0.2103276645
0.2101752372
0.2100363067
0.209926468
0.2098625589
0.2103725618
0.2102923194
0.2101786975
0.210040848
0.2098896873
0.2097378333
0.2095994414
0.2094900393
0.2094263876
0.2099345225
0.2098546361
0.2097415316
0.2096043319
0.2094539137
0.2093028395
0.20916519
0.2090563977
0.2089931103
0.2094986853
0.2094192763
0.2093068691
0.2091705514
0.2090211481
0.2088711477
0.2087345282
0.2086265878
0.2085638131
0.2090658184
0.2089870539
0.2088755906
0.2087404694
0.2085924472
0.2084439121
0.2083087019
0.2082019307
0.2081398622
0.2086369308
0.2085590281
0.2084488268
0.2083153059
0.2081691308
0.2080225554
0.2078892299
0.207784023
0.2077229005
0.2082132833
0.2081365114
0.2080279646
0.2078965389
0.2077527779
0.2076087592
0.2074778885
0.2073747164
0.2073148242
0.2077963869
0.2077210661
0.2076146385
0.20748589
0.2073452058
0.2072044361
0.2070766763
0.2069760774
0.2069177387
0.2073879862
0.2073144828
0.207210704
0.2070852922
0.2069484297
0.2068116817
0.2066877597
0.2065903258
0.2065338944
0.2069900238
0.2069187423
0.2068181935
0.2066968378
0.206564604
0.2064327079
0.206313399
0.2062197577
0.2061656072
0.2066045877
0.2065359578
0.2064392538
0.2063227097
0.2061959454
0.2060697599
0.205955861
0.2058666582
0.20581517
0.2062338418
0.2061683026
0.206076068
0.2059650974
0.2058446434
0.2057250221
0.2056173083
0.2055331466
0.2054846685
0.2058799441
0.2058179251
0.205730768
0.2056261078
0.2055127599
0.2054004765
0.2052996332
0.2052210333
0.2051758579
0.2055449616
0.2054868616
0.2054053331
0.2053076293
0.2052020695
0.2050977759
0.2050043675
0.2049317581
0.2048901247
0.2052307344
0.2051768855
0.2051014401
0.2050112139
0.2049139811
0.2048181874
0.2047326462
0.2046663433
0.204628422
0.2049387562
0.2048894081
0.2048203834
0.2047380201
0.2046495004
0.2045625529
0.2044851538
0.2044253426
0.2043912242
0.2046701227
0.2046254415
0.2045630533
0.2044887837
0.2044091876
0.2043312497
0.204262095
0.2042088201
0.2041785105
0.2044255082
0.204385566
0.2043298955
0.2042637834
0.204193135
0.2041241795
0.2040631957
0.2040163618
0.2039897873
0.2042051336
0.2041699053
0.2041208949
0.204062835
0.2040009727
0.203940786
0.2038877309
0.2038471103
0.2038241198
0.2040087625
0.2039781275
0.2039355857
0.2038853119
0.2038319004
0.2037800988
0.2037345789
0.2036998282
0.2036802055
0.2038357224
0.2038094731
0.2037730868
0.2037301898
0.2036847425
0.2036407966
0.2036022932
0.2035729755
0.2035564532
0.2036849505
0.2036628045
0.2036321588
0.2035961107
0.2035580187
0.2035212854
0.2034891849
0.2034647958
0.2034510716
0.2035550576
0.2035366741
0.2035112749
0.2034814591
0.203450025
0.2034197823
0.2033934085
0.2033734013
0.2033621511
0.203444404
0.2034294018
0.2034087022
0.2033844446
0.203358917
0.2033343987
0.2033130445
0.2032968546
0.2032877479
0.2033511818
0.2033391572
0.2033225831
0.2033031832
0.2032827908
0.2032632194
0.2032461742
0.2032332365
0.2032259409
0.2032734946
0.2032640393
0.2032510133
0.2032357736
0.2032197557
0.2032043734
0.2031909513
0.2031807434
0.2031749764
0.2032094314
0.2032021471
0.20319211
0.2031803598
0.203167992
0.2031560896
0.203145681
0.203137742
0.2031332272
0.2031571278
0.203151639
0.2031440656
0.2031351814
0.2031258123
0.2031167731
0.2031088243
0.2031027191
0.203099224
0.2031148138
0.2031107784
0.2031052018
0.2030986427
0.2030917004
0.2030849512
0.2030789738
0.2030743413
0.203071663
0.2030808889
0.2030780163
0.203074037
0.2030693202
0.2030642836
0.2030593431
0.2030549188
0.2030514463
0.2030494116
0.2030539413
0.2030519702
0.2030492181
0.203045929
0.2030423729
0.2030388335
0.2030356108
0.2030330362
0.2030315004
0.2030326853
0.2030313999
0.2030295835
0.2030273781
0.2030249456
0.2030224687
0.203020158
0.2030182666
0.2030171121
0.2030160399
0.2030152621
0.2030141388
0.2030127353
0.2030111348
0.2030094459
0.2030078138
0.2030064335
0.2030055663
0.2030030854
0.2030026716
0.2030020457
0.2030012184
0.2030002171
0.2029990986
0.202997961
0.2029969566
0.2029963031
0.2029930533
0.2029928904
0.202992608
0.2029921804
0.2029915975
0.2029908807
0.2029900957
0.2029893632
0.202988867
0.2029853118
0.202985313
0.2029852567
0.2029850942
0.2029847923
0.2029843498
0.2029838104
0.2029832717
0.2029828901
0.2029793494
0.2029794501
0.2029795325
0.2029795357
0.2029794135
0.2029791515
0.2029787791
0.2029783766
0.2029780783
0.2029747579
0.2029749117
0.2029750702
0.2029751677
0.2029751528
0.2029750043
0.2029747426
0.202974435
0.2029741971
0.202971216
0.2029713909
0.2029715823
0.2029717252
0.2029717678
0.2029716865
0.2029714964
0.2029712547
0.2029710611
0.2029684745
0.2029686495
0.2029688458
0.2029690019
0.2029690692
0.2029690248
0.2029688801
0.2029686844
0.2029685236
0.2029663419
0.2029665046
0.2029666887
0.2029668388
0.2029669109
0.2029668841
0.2029667682
0.2029666052
0.2029664688
0.2029646733
0.2029648172
0.2029649804
0.2029651141
0.2029651801
0.2029651602
0.2029650628
0.2029649243
0.2029648084
0.2029633602
0.202963483
0.202963622
0.2029637354
0.2029637906
0.2029637724
0.2029636886
0.2029635712
0.2029634732
0.2029623219
0.2029624242
0.2029625395
0.2029626327
0.2029626766
0.2029626592
0.2029625882
0.2029624902
0.2029624085
0.2029614994
0.2029615834
0.2029616777
0.2029617533
0.2029617886
0.2029617744
0.202961717
0.2029616379
0.2029615715
0.2029608493
0.202960918
0.2029609956
0.2029610588
0.2029610902
0.2029610823
0.2029610401
0.2029609802
0.2029609285
0.2029603403
0.2029603982
0.2029604647
0.2029605212
0.2029605536
0.2029605558
0.202960531
0.2029604909
0.2029604539
0.2029599521
0.2029600033
0.202960064
0.2029601194
0.2029601579
0.2029601742
0.2029601693
0.2029601502
0.2029601283
0.2029596701
0.2029597185
0.2029597785
0.2029598381
0.2029598877
0.2029599219
0.2029599397
0.2029599433
0.2029599367
0.2029594841
0.2029595332
0.2029595972
0.2029596661
0.2029597315
0.2029597876
0.202959831
0.2029598588
0.202959868
0.2029593872
0.2029594404
0.2029595126
0.2029595955
0.2029596813
0.2029597633
0.2029598349
0.2029598882
0.2029599136
0.202959375
0.2029594353
0.2029595199
0.2029596213
0.2029597318
0.2029598431
0.2029599453
0.2029600254
0.2029600674
0.2029594452
0.2029595155
0.2029596162
0.2029597403
0.2029598794
0.202960023
0.2029601579
0.2029602662
0.2029603255
0.2029595972
0.2029596802
0.2029598005
0.2029599509
0.2029601218
0.2029603006
0.2029604703
0.2029606082
0.2029606857
0.2029598318
0.2029599296
0.2029600725
0.2029602523
0.2029604581
0.2029606748
0.2029608816
0.202961051
0.2029611475
0.20296015
0.2029602647
0.2029604326
0.2029606448
0.2029608885
0.2029611458
0.2029613924
0.2029615953
0.2029617122
0.2029605534
0.2029606867
0.2029608823
0.2029611296
0.2029614142
0.2029617154
0.2029620047
0.2029622436
0.2029623823
0.2029610442
0.2029611979
0.2029614234
0.2029617089
0.2029620377
0.2029623864
0.2029627219
0.2029629997
0.2029631619
0.202961625
0.2029618009
0.2029620589
0.2029623859
0.2029627628
0.202963163
0.2029635487
0.2029638688
0.2029640565
0.2029622992
0.2029624992
0.2029627927
0.2029631648
0.2029635943
0.2029640507
0.2029644912
0.2029648572
0.2029650727
0.2029630711
0.2029632975
0.2029636298
0.2029640513
0.2029645382
0.2029650561
0.2029655565
0.2029659729
0.2029662188
0.2029639461
0.2029642013
0.2029645761
0.2029650518
0.2029656017
0.2029661871
0.2029667533
0.2029672251
0.2029675044
0.2029649303
0.2029652173
0.2029656388
0.2029661742
0.2029667934
0.2029674531
0.2029680916
0.2029686243
0.2029689404
0.2029660314
0.2029663533
0.2029668264
0.2029674274
0.202968123
0.2029688645
0.2029695829
0.2029701827
0.2029705392
0.2029672579
0.2029676184
0.2029681483
0.2029688218
0.2029696016
0.2029704335
0.2029712399
0.2029719137
0.2029723148
0.2029686195
0.2029690226
0.2029696153
0.2029703689
0.2029712418
0.2029721735
0.2029730772
0.2029738327
0.2029742831
0.2029701273
0.2029705775
0.2029712396
0.2029720816
0.2029730575
0.2029740996
0.2029751107
0.2029759567
0.2029764617
0.2029717936
0.2029722959
0.2029730347
0.2029739747
0.2029750645
0.2029762286
0.2029773586
0.2029783047
0.2029788703
0.2029736321
0.2029741921
0.2029750157
0.2029760641
0.2029772798
0.202978579
0.2029798408
0.2029808978
0.2029815304
0.202975658
0.2029762818
0.2029771994
0.2029783676
0.2029797228
0.2029811715
0.2029825792
0.2029837592
0.2029844662
0.2029778881
0.2029785824
0.2029796041
0.2029809049
0.2029824144
0.2029840289
0.2029855984
0.2029869147
0.2029877042
0.2029803407
0.2029811132
0.2029822499
0.2029836975
0.2029853781
0.2029871762
0.202988925
0.2029903924
0.2029912734
0.2029830361
0.202983895
0.2029851591
0.2029867694
0.2029886395
0.2029906411
0.2029925885
0.2029942234
0.2029952058
0.2029859964
0.202986951
0.2029883562
0.2029901467
0.2029922266
0.2029944536
0.2029966211
0.2029984416
0.2029995364
0.2029892461
0.2029903067
0.2029918681
0.202993858
0.2029961703
0.2029986469
0.2030010582
0.2030030842
0.2030043035
0.2029928119
0.2029939897
0.202995724
0.2029979347
0.2030005042
0.2030032572
0.2030059383
0.2030081916
0.2030095487
0.2029967228
0.2029980305
0.202999956
0.203002411
0.2030052651
0.2030083237
0.2030113032
0.2030138081
0.2030153174
0.2030010109
0.203002462
0.203004599
0.2030073241
0.2030104929
0.2030138894
0.2030171987
0.2030199814
0.2030216589
0.2030057106
0.2030073204
0.203009691
0.2030127145
0.203016231
0.2030200007
0.2030236742
0.2030267634
0.2030286266
0.2030108597
0.2030126446
0.2030152732
0.2030186262
0.2030225264
0.2030267079
0.203030783
0.2030342104
0.203036278
0.203016499
0.203018477
0.2030213903
0.2030251067
0.2030294299
0.2030340653
0.2030385829
0.2030423824
0.2030446751
0.2030226724
0.2030248634
0.2030280904
0.2030322071
0.2030369961
0.2030421312
0.2030471355
0.2030513441
0.2030538841
0.2030294277
0.2030318531
0.2030354253
0.2030399824
0.2030452837
0.2030509678
0.2030565065
0.2030611639
0.203063975
0.2030368158
0.2030394988
0.2030434503
0.2030484911
0.2030543547
0.2030606409
0.2030667652
0.2030719139
0.2030750214
0.2030448911
0.2030478568
0.2030522243
0.2030577952
0.2030642746
0.2030712195
0.2030779838
0.2030836687
0.2030870992
0.2030537113
0.2030569865
0.2030618091
0.2030679595
0.2030751113
0.2030827747
0.2030902358
0.2030965037
0.2031002849
0.2030633368
0.2030669498
0.2030722688
0.2030790504
0.2030869338
0.2030953774
0.2031035939
0.2031104922
0.2031146518
0.2030738298
0.20307781
0.203083668
0.2030911343
0.2030998094
0.2031090956
0.2031181255
0.2031257007
0.2031302653
0.2030852525
0.2030896298
0.2030960698
0.2031042739
0.2031138
0.2031239887
0.2031338865
0.203142181
0.2031471741
0.2030976645
0.2031024679
0.2031095313
0.2031185232
0.2031289546
0.2031400989
0.2031509107
0.2031599579
0.2031653964
0.2031111172
0.203116373
0.2031240963
0.2031339186
0.2031452987
0.2031574375
0.2031691924
0.203179009
0.2031848981
0.2031256448
0.2031313732
0.203139783
0.2031504635
0.2031628157
0.2031759621
0.2031886598
0.2031992339
0.2032055588
0.2031412462
0.2031474566
0.2031565616
0.2031681025
0.2031814155
0.2031955398
0.2032091318
0.2032204047
0.2032271184
0.203157849
0.2031645324
0.2031743121
0.2031866737
0.2032008813
0.2032158863
0.203230249
0.2032420902
0.2032490967
0.2031752302
0.2031823487
0.2031927371
0.2032058167
0.2032207711
0.2032364616
0.2032513633
0.2032635402
0.2032706732
0.2031928324
0.2032003068
0.2032111744
0.2032247827
0.203240228
0.2032562835
0.2032713596
0.2032835151
0.2032905225
0.2032093091
0.203217009
0.2032281517
0.2032420072
0.2032575842
0.2032735771
0.2032883606
0.2033000482
0.203306615
0.2032213856
0.2032291463
0.2032403253
0.2032541288
0.2032694976
0.2032850734
0.2032992244
0.2033101509
0.203316075
0.3340065119
0.3340065119
0.3340065119
0.3340065119
0.3340065119
0.3340065119
0.3340065119
0.3340065119
0.3340065119
0.3340065119
0.3340065119
0.3340065119
0.3340065119
0.3340065119
0.3340065119
0.3340065119
0.3340065119
0.3340065119
0.3340065119
0.3340065119
0.3340065119
0.3340065119
0.3340065119
0.3340065119
0.3340065119
0.3340065119
0.3340065119
0.3340065119
0.3340065119
0.3340065119
0.3340065118
0.3340065118
0.3340065118
0.3340065118
0.3340065117
0.3340065117
0.3340065115
0.3340065113
0.3340065108
0.3340065101
0.3340065088
0.3340065068
0.3340065033
0.3340064975
0.334006488
0.3340064723
0.3340064469
0.3340064059
0.3340063405
0.3340062369
0.3340060745
0.3340058225
0.3340054353
0.3340048469
0.3340039618
0.334002645
0.3340007067
0.3339978834
0.3339938145
0.3339880122
0.3339798286
0.33396842
0.3339527095
0.333931342
0.3339026275
0.3338644803
0.3338143638
0.3337492465
0.3336655716
0.3335592411
0.333425618
0.3332595485
0.3330554054
0.3328071547
0.3325084461
0.3321527264
0.3317333732
0.3312438397
0.3306778036
0.3300293114
0.3292928968
0.3284638493
0.327538398
0.3265137424
0.3253881493
0.3241610389
0.3228330543
0.3214061121
0.3198834285
0.3182695183
0.3165701612
0.3147923347
0.3129441122
0.3110345299
0.3090734274
0.3070712728
0.3050389913
0.3029878311
0.3009290931
0.2988726758
0.2968265231
0.2947980376
0.2927939082
0.2908200115
0.2888813637
0.286982113
0.285125562
0.2833142129
0.2815498294
0.2798335102
0.2781657678
0.27654661
0.2749756189
0.2734520264
0.2719747837
0.2705426236
0.2691541153
0.2678077124
0.2665017931
0.2652346933
0.2640047336
0.2628102419
0.2616495703
0.2605211085
0.2594232936
0.2583546175
0.2573136316
0.2562989501
0.255309251
0.2543432775
0.2533998364
0.2524777978
0.251576093
0.2506937126
0.2498297042
0.2489831699
0.2481532638
0.2473391896
0.2465401975
0.2457555822
0.2449846803
0.2442268676
0.2434815572
0.2427481971
0.2420262679
0.2413152812
0.2406147773
0.2399243238
0.2392435134
0.2385719628
0.237909311
0.2372552176
0.2366093622
0.2359714422
0.2353411726
0.2347182841
0.2341025228
0.2334936485
0.2328914345
0.2322956663
0.2317061411
0.2311226669
0.2305450619
0.2299731538
0.2294067793
0.2288457835
0.2282900194
0.2277393473
0.2271936347
0.2266527552
0.2261165889
0.2255850213
0.2250579433
0.224535251
0.2240168447
0.2235026292
0.2229925131
0.2224864083
0.2219842297
0.2214858945
0.2209913219
0.220500432
0.220013145
0.2195293804
0.2190490557
0.2185720847
0.2180983763
0.2176278327
0.2171603471
0.2166958023
0.2162340687
0.2157750024
0.2153184448
0.214864222
0.2144121461
0.2139620182
0.2135136334
0.2130667893
0.2126212966
0.212176995
0.2117337714
0.2112915839
0.2108504881
0.2104106667
0.2099724609
0.2095364011
0.209103234
0.2086739452
0.2082497708
0.2078321978
0.2074229484
0.207023947
0.2066372691
0.2062650735
0.2059095218
0.2055726941
0.2052564609
0.2049623548
0.204691511
0.2044446477
0.2042220322
0.2040234732
0.2038483403
0.2036956066
0.2035639113
0.2034516351
0.2033569813
0.2032780566
0.2032129458
0.2031597744
0.2031167578
0.2030822707
0.2030548857
0.2030332971
0.2030164054
0.2030032744
0.2029931209
0.2029853002
0.20297929
0.2029746734
0.2029711222
0.2029683814
0.2029662557
0.2029645972
0.2029632952
0.2029622677
0.2029614549
0.2029608129
0.2029603101
0.2029599259
0.2029596459
0.2029594601
0.2029593617
0.2029593467
0.2029594125
0.202959559
0.2029597868
0.2029600973
0.2029604921
0.2029609735
0.2029615441
0.2029622071
0.2029629669
0.2029638285
0.2029647981
0.202965883
0.2029670917
0.2029684337
0.2029699197
0.202971562
0.2029733738
0.2029753702
0.2029775677
0.2029799842
0.2029826396
0.2029855557
0.2029887564
0.202992268
0.202996119
0.2030003407
0.2030049671
0.2030100353
0.2030155851
0.2030216601
0.2030283069
0.2030355757
0.2030435201
0.203052197
0.203061666
0.2030719888
0.2030832273
0.2030954413
0.2031086836
0.2031229908
0.2031383666
0.2031547469
0.2031719214
0.2031893511
0.2032057136
0.2032177507
)
;

boundaryField
{
    outlet
    {
        type            inletOutlet;
        inletValue      uniform 0.3340065119;
        value           nonuniform List<scalar> 10(0.2032213856 0.2032291463 0.2032403253 0.2032541288 0.2032694976 0.2032850734 0.2032992244 0.2033101509 0.203316075 0.2032177507);
    }
    inlet
    {
        type            fixedValue;
        value           uniform 0.3340065119;
    }
    front
    {
        type            wedge;
    }
    wall
    {
        type            zeroGradient;
    }
    back
    {
        type            wedge;
    }
}


// ************************************************************************* //
