/*--------------------------------*- C++ -*----------------------------------*\
| =========                 |                                                 |
| \\      /  F ield         | OpenFOAM: The Open Source CFD Toolbox           |
|  \\    /   O peration     | Version:  2212                                  |
|   \\  /    A nd           | Website:  www.openfoam.com                      |
|    \\/     M anipulation  |                                                 |
\*---------------------------------------------------------------------------*/
FoamFile
{
    version     2.0;
    format      ascii;
    arch        "LSB;label=32;scalar=64";
    class       volScalarField;
    location    "20.00000000";
    object      C2H5;
}
// * * * * * * * * * * * * * * * * * * * * * * * * * * * * * * * * * * * * * //

dimensions      [0 0 0 0 0 0 0];

internalField   nonuniform List<scalar> 
3000
(
2.683271572e-26
3.014175608e-26
3.513499539e-26
4.178873019e-26
5.003508096e-26
5.964976114e-26
7.005321013e-26
7.99793365e-26
8.699748309e-26
1.007393148e-25
1.136184432e-25
1.330441437e-25
1.58986868e-25
1.914193886e-25
2.301602003e-25
2.745345782e-25
3.22306394e-25
3.646184964e-25
2.256439856e-25
2.56488692e-25
3.034554954e-25
3.672214564e-25
4.489272404e-25
5.497497429e-25
6.692797677e-25
8.008046814e-25
9.13183601e-25
4.297739059e-25
4.936356874e-25
5.923022578e-25
7.291044991e-25
9.088738336e-25
1.1361529e-24
1.409660317e-24
1.707462665e-24
1.947699259e-24
7.631366558e-25
8.872838561e-25
1.082111888e-24
1.35750573e-24
1.72639562e-24
2.199080829e-24
2.767579523e-24
3.371009011e-24
3.833584892e-24
1.3122324e-24
1.545225488e-24
1.916115885e-24
2.44856541e-24
3.170971686e-24
4.101530374e-24
5.212520026e-24
6.364074862e-24
7.216729383e-24
2.227727397e-24
2.655697797e-24
3.344904381e-24
4.345507576e-24
5.713225698e-24
7.475277996e-24
9.558842916e-24
1.167593764e-23
1.3203717e-23
3.770409393e-24
4.544959575e-24
5.803397931e-24
7.64456892e-24
1.017116407e-23
1.341960632e-23
1.722699344e-23
2.103921292e-23
2.374424134e-23
6.39270172e-24
7.779883757e-24
1.004826141e-23
1.338385164e-23
1.796937487e-23
2.384905506e-23
3.069099837e-23
3.747064231e-23
4.222846957e-23
1.087941914e-23
1.334479327e-23
1.739469936e-23
2.336919626e-23
3.15875524e-23
4.209791478e-23
5.42611869e-23
6.62262543e-23
7.456161618e-23
1.859384249e-23
2.295111666e-23
3.013146615e-23
4.074520046e-23
5.534529539e-23
7.397529414e-23
9.544718232e-23
1.164634753e-22
1.310338556e-22
3.190610421e-23
3.957665194e-23
5.224422305e-23
7.099156008e-23
9.677279451e-23
1.296089487e-22
1.673399553e-22
2.041446301e-22
2.295849094e-22
5.493974521e-23
6.840671151e-23
9.067999855e-23
1.236672928e-22
1.690125321e-22
2.266752788e-22
2.927793228e-22
3.571148783e-22
4.01532039e-22
9.486842405e-23
1.184703174e-22
1.575494644e-22
2.154575373e-22
2.950315256e-22
3.960886359e-22
5.117137743e-22
6.240713894e-22
7.017045243e-22
1.641587271e-22
2.054690853e-22
2.739350214e-22
3.754525961e-22
5.149652458e-22
6.920480607e-22
8.944278067e-22
1.09084367e-21
1.226614988e-21
2.84435761e-22
3.566377546e-22
4.764011494e-22
6.541129894e-22
8.985140508e-22
1.209019128e-21
1.564271168e-21
1.908812781e-21
2.144980002e-21
4.931636647e-22
6.191211931e-22
8.281349711e-22
1.13832865e-21
1.564820296e-21
2.106239059e-21
2.724797471e-21
3.323655082e-21
3.734005193e-21
8.552855673e-22
1.074648023e-21
1.438712221e-21
1.978959377e-21
2.721432604e-21
3.663245902e-21
4.738181791e-21
5.778043092e-21
6.490592376e-21
1.483468487e-21
1.865050059e-21
2.498389074e-21
3.43813654e-21
4.729282291e-21
6.366348375e-21
8.233878367e-21
1.003972845e-20
1.127689945e-20
2.57326313e-21
3.23655493e-21
4.337547014e-21
5.971141327e-21
8.215239627e-21
1.105986336e-20
1.430399562e-20
1.744007675e-20
1.958809497e-20
4.464151569e-21
5.616675553e-21
7.529871547e-21
1.036856293e-20
1.426777706e-20
1.920960379e-20
2.484423516e-20
3.028989469e-20
3.401914548e-20
7.745556323e-21
9.747727734e-21
1.307152674e-20
1.800318737e-20
2.477681158e-20
3.336044172e-20
4.314554178e-20
5.260057587e-20
5.907428956e-20
1.344092768e-20
1.691868585e-20
2.269228092e-20
3.125865407e-20
4.302361486e-20
5.793027859e-20
7.4920392e-20
9.133424506e-20
1.02571084e-19
2.332741495e-20
2.936780395e-20
3.939572847e-20
5.427356354e-20
7.47043827e-20
1.005868376e-19
1.300809897e-19
1.585690766e-19
1.780690939e-19
4.049083677e-20
5.098154968e-20
6.839694311e-20
9.423269351e-20
1.297058526e-19
1.74635013e-19
2.258210818e-19
2.752486878e-19
3.090744355e-19
7.028890404e-20
8.85076217e-20
1.187494591e-19
1.636065552e-19
2.251831468e-19
3.031521026e-19
3.919501453e-19
4.776689004e-19
5.363132409e-19
1.220222288e-19
1.536591783e-19
2.061668219e-19
2.840330013e-19
3.908892956e-19
5.261398858e-19
6.801075791e-19
8.286687027e-19
9.302651736e-19
2.118300255e-19
2.667604919e-19
3.579087245e-19
4.930340711e-19
6.783885409e-19
9.128727577e-19
1.179646649e-18
1.436892252e-18
1.612714108e-18
3.677019444e-19
4.630550608e-19
6.212303845e-19
8.556192737e-19
1.176949058e-18
1.583159608e-18
2.0449297e-18
2.489825258e-18
2.793658794e-18
6.381371713e-19
8.03599658e-19
1.077962037e-18
1.48427987e-18
2.04087705e-18
2.743827479e-18
3.542044816e-18
4.310198503e-18
4.834218555e-18
1.107070635e-18
1.394030711e-18
1.869593924e-18
2.573328404e-18
3.53634951e-18
4.751048422e-18
6.128356792e-18
7.451735938e-18
8.353182399e-18
1.91952813e-18
2.416788999e-18
3.240281052e-18
4.457630842e-18
6.121268573e-18
8.216223387e-18
1.058711347e-17
1.286055391e-17
1.44061321e-17
3.325567104e-18
4.186237179e-18
5.610238858e-18
7.712540586e-18
1.058061316e-17
1.418464366e-17
1.825347194e-17
2.214494522e-17
2.478389842e-17
5.755221385e-18
7.242490086e-18
9.700330994e-18
1.332288225e-17
1.825422349e-17
2.443451649e-17
3.139061599e-17
3.802191941e-17
4.250474271e-17
9.94570329e-18
1.251026638e-17
1.674220936e-17
2.296660265e-17
3.141693756e-17
4.197273839e-17
5.380914411e-17
6.504807625e-17
7.261660928e-17
1.715610038e-17
2.15661112e-17
2.883015031e-17
3.948687652e-17
5.390689647e-17
7.184808562e-17
9.18752025e-17
1.108010974e-16
1.234881698e-16
2.952748367e-17
3.708469513e-17
4.950523126e-17
6.767037547e-17
9.215286521e-17
1.224692374e-16
1.561304562e-16
1.877642592e-16
2.088582884e-16
5.068272236e-17
6.357824225e-17
8.471630478e-17
1.155167001e-16
1.568341664e-16
2.077136426e-16
2.638599275e-16
3.162903403e-16
3.510436969e-16
8.671795451e-17
1.086108818e-16
1.443848304e-16
1.962852468e-16
2.655289263e-16
3.502561581e-16
4.431051836e-16
5.291969708e-16
5.858883986e-16
1.478278503e-16
1.847740448e-16
2.449253688e-16
3.31755549e-16
4.46883352e-16
5.867501917e-16
7.388479386e-16
8.787915293e-16
9.702950725e-16
2.509458978e-16
3.128672652e-16
4.132589061e-16
5.573550351e-16
7.470875343e-16
9.757810235e-16
1.222406834e-15
1.447465878e-15
1.59353542e-15
4.239922152e-16
5.269650567e-16
6.931273969e-16
9.301206908e-16
1.239799986e-15
1.609911575e-15
2.00553128e-15
2.363475435e-15
2.594030537e-15
7.126371861e-16
8.82398022e-16
1.154909241e-15
1.540904297e-15
2.041162532e-15
2.63369767e-15
3.261287497e-15
3.824173623e-15
4.183976284e-15
1.190953569e-15
1.468179891e-15
1.910693342e-15
2.532854223e-15
3.332243355e-15
4.270322657e-15
5.254678881e-15
6.129881545e-15
6.685134753e-15
1.978001825e-15
2.426132385e-15
3.137157575e-15
4.129079067e-15
5.392215164e-15
6.860574398e-15
8.387117029e-15
9.732830861e-15
1.05804211e-14
3.263352898e-15
3.979979371e-15
5.109904389e-15
6.673616845e-15
8.646925186e-15
1.091937928e-14
1.326048859e-14
1.530735916e-14
1.658772302e-14
5.345908987e-15
6.479116085e-15
8.254456949e-15
1.069153605e-14
1.373939636e-14
1.721718407e-14
2.07688241e-14
2.384994842e-14
2.576488986e-14
8.692292363e-15
1.04637747e-14
1.322129481e-14
1.697637992e-14
2.163143084e-14
2.689637028e-14
3.222871741e-14
3.682104047e-14
3.965829003e-14
1.402377155e-14
1.67611545e-14
2.099537666e-14
2.671651998e-14
3.374917435e-14
4.163692488e-14
4.956401755e-14
5.634520772e-14
6.051213848e-14
2.244456199e-14
2.6626157e-14
3.305496814e-14
4.167673136e-14
5.219067604e-14
6.389122339e-14
7.55663908e-14
8.549270406e-14
9.156245288e-14
3.563001966e-14
4.19463199e-14
5.160092112e-14
6.445807219e-14
8.002073308e-14
9.721554898e-14
1.142616381e-13
1.286742085e-13
1.374485603e-13
5.610189263e-14
6.5539535e-14
7.98869428e-14
9.886891365e-14
1.216883727e-13
1.467362951e-13
1.714222987e-13
1.921914604e-13
2.047863544e-13
8.763155433e-14
1.015873814e-13
1.226959796e-13
1.504544588e-13
1.83616138e-13
2.19801441e-13
2.552783669e-13
2.849967501e-13
3.029570991e-13
1.358328681e-13
1.562665305e-13
1.87026071e-13
2.272494758e-13
2.750270811e-13
3.268819919e-13
3.774849591e-13
4.197116412e-13
4.451543001e-13
2.09038844e-13
2.386768767e-13
2.830911941e-13
3.408621832e-13
4.091081119e-13
4.82797234e-13
5.543810021e-13
6.13887153e-13
6.496277617e-13
3.196518349e-13
3.622593952e-13
4.258240634e-13
5.080586556e-13
6.046443418e-13
7.083318983e-13
8.084893084e-13
8.912863372e-13
9.407428817e-13
4.862464957e-13
5.469891733e-13
6.371723231e-13
7.531274984e-13
8.883449803e-13
1.032319949e-12
1.170066473e-12
1.282635682e-12
1.348992039e-12
7.36908414e-13
8.228369753e-13
9.496770903e-13
1.111465568e-12
1.298164834e-12
1.494228052e-12
1.678354611e-12
1.825185727e-12
1.909236197e-12
1.114506288e-12
1.235188004e-12
1.411971242e-12
1.63487897e-12
1.887837001e-12
2.147104292e-12
2.382287423e-12
2.561270243e-12
2.65798391e-12
1.684615076e-12
1.852827937e-12
2.096585711e-12
2.398625983e-12
2.732274652e-12
3.060638891e-12
3.341396072e-12
3.53795037e-12
3.632470334e-12
2.545939046e-12
2.778008896e-12
3.109093256e-12
3.508854102e-12
3.932863661e-12
4.325012862e-12
4.629696547e-12
4.811804432e-12
4.876242195e-12
3.840265656e-12
4.155238602e-12
4.595126996e-12
5.107909299e-12
5.622532808e-12
6.058085552e-12
6.346634306e-12
6.464107637e-12
6.457537798e-12
5.75504729e-12
6.172655179e-12
6.741120814e-12
7.376564693e-12
7.97247009e-12
8.419009276e-12
8.639135013e-12
8.631415051e-12
8.50561856e-12
8.512466192e-12
9.052416449e-12
9.768411379e-12
1.053500384e-11
1.120295454e-11
1.163153249e-11
1.173872316e-11
1.155482492e-11
1.126704996e-11
1.234647822e-11
1.303293882e-11
1.392410348e-11
1.484599479e-11
1.560275854e-11
1.602225732e-11
1.601831447e-11
1.565084036e-11
1.518338175e-11
1.74755767e-11
1.835031951e-11
1.947617174e-11
2.062897273e-11
2.156600799e-11
2.208208351e-11
2.207564529e-11
2.161072292e-11
2.099909124e-11
2.408749526e-11
2.523556838e-11
2.672921807e-11
2.829919264e-11
2.965884969e-11
3.056030352e-11
3.085287287e-11
3.054311252e-11
2.992081179e-11
3.236374204e-11
3.395226085e-11
3.608129556e-11
3.844824419e-11
4.072498606e-11
4.259812937e-11
4.380400725e-11
4.418055417e-11
4.385626758e-11
4.256858906e-11
4.48953932e-11
4.813516369e-11
5.196954985e-11
5.603124738e-11
5.990648997e-11
6.312235976e-11
6.51694415e-11
6.575717261e-11
5.520532736e-11
5.874779944e-11
6.385624771e-11
7.022366117e-11
7.745380078e-11
8.499549016e-11
9.203875373e-11
9.745302481e-11
1.000740033e-10
7.121236194e-11
7.667307306e-11
8.476636484e-11
9.524414186e-11
1.077156788e-10
1.214682741e-10
1.351953911e-10
1.467389784e-10
1.533037181e-10
9.218180455e-11
1.005393784e-10
1.131818248e-10
1.300040012e-10
1.506979475e-10
1.743920279e-10
1.990883941e-10
2.210201794e-10
2.345791546e-10
1.206204895e-10
1.332011972e-10
1.525278573e-10
1.787728008e-10
2.118441572e-10
2.50747871e-10
2.92557943e-10
3.311023539e-10
3.56229675e-10
1.602975307e-10
1.788777923e-10
2.077578945e-10
2.475781261e-10
2.98655016e-10
3.599419758e-10
4.273016469e-10
4.911266603e-10
5.343829827e-10
2.167023967e-10
2.43638994e-10
2.858707705e-10
3.44746585e-10
4.212354039e-10
5.143406481e-10
6.184097299e-10
7.192579221e-10
7.900509987e-10
2.975873627e-10
3.359598456e-10
3.964731957e-10
4.814608489e-10
5.928302039e-10
7.297898846e-10
8.850047999e-10
1.038663645e-09
1.149536703e-09
4.135228595e-10
4.672678291e-10
5.523098102e-10
6.722681357e-10
8.303306959e-10
1.026265465e-09
1.251163401e-09
1.4764084e-09
1.64021472e-09
5.783838586e-10
6.524122171e-10
7.697152898e-10
9.355716308e-10
1.155010055e-09
1.429126124e-09
1.744406123e-09
2.060021413e-09
2.291292609e-09
8.09760752e-10
9.101171275e-10
1.069269414e-09
1.294539448e-09
1.594127136e-09
1.966178789e-09
2.391867401e-09
2.818097676e-09
3.133709009e-09
1.12975519e-09
1.263964712e-09
1.477602947e-09
1.779087859e-09
2.175503028e-09
2.664219577e-09
3.22033493e-09
3.775759996e-09
4.188019638e-09
1.567806111e-09
1.745139173e-09
2.024637578e-09
2.415927266e-09
2.926043351e-09
3.549929604e-09
4.254958753e-09
4.955821574e-09
5.47568359e-09
2.153436346e-09
2.381045845e-09
2.737429556e-09
3.232457184e-09
3.8721522e-09
4.647482211e-09
5.51635077e-09
6.374497355e-09
7.009125162e-09
2.914510616e-09
3.199705398e-09
3.643410445e-09
4.254657558e-09
5.037045124e-09
5.975858178e-09
7.017891922e-09
8.038901191e-09
8.790280772e-09
3.878885934e-09
4.228025883e-09
4.767610877e-09
5.504465719e-09
6.438073626e-09
7.546264422e-09
8.7633844e-09
9.945094453e-09
1.080913701e-08
5.071463428e-09
5.48902797e-09
6.129903655e-09
6.997117413e-09
8.08421706e-09
9.359913814e-09
1.074526902e-08
1.207684617e-08
1.304298285e-08
6.511328799e-09
6.999078773e-09
7.74235815e-09
8.738714569e-09
9.973986897e-09
1.140641469e-08
1.294362809e-08
1.440529304e-08
1.545659318e-08
8.209052666e-09
8.765334456e-09
9.606920167e-09
1.072427053e-08
1.209398385e-08
1.366297632e-08
1.53261157e-08
1.688954932e-08
1.800329602e-08
1.016436097e-08
1.078363261e-08
1.171366203e-08
1.293646796e-08
1.441830885e-08
1.609457436e-08
1.784886676e-08
1.947812417e-08
2.062635426e-08
1.236442539e-08
1.303707899e-08
1.403982624e-08
1.534531679e-08
1.690897336e-08
1.865520555e-08
2.045856429e-08
2.211121178e-08
2.325790898e-08
1.478299951e-08
1.549552825e-08
1.654981662e-08
1.79088015e-08
1.951733767e-08
2.12903521e-08
2.309682262e-08
2.473093054e-08
2.585176296e-08
1.738055748e-08
1.811607499e-08
1.919618182e-08
2.057442505e-08
2.218612697e-08
2.393895697e-08
2.570018319e-08
2.72721064e-08
2.833764354e-08
2.010549855e-08
2.084458375e-08
2.192158601e-08
2.328167611e-08
2.485240578e-08
2.653700267e-08
2.820510388e-08
2.967278985e-08
3.06550507e-08
2.289636464e-08
2.36181627e-08
2.466160687e-08
2.596515129e-08
2.745095659e-08
2.902103142e-08
3.05514476e-08
3.187707713e-08
3.275167696e-08
2.56848908e-08
2.636835771e-08
2.734807358e-08
2.855795939e-08
2.991758959e-08
3.133111979e-08
3.268480205e-08
3.383638755e-08
3.458322896e-08
2.839953765e-08
2.902466078e-08
2.99124504e-08
3.09947838e-08
3.219157947e-08
3.34122678e-08
3.455623887e-08
3.55072444e-08
3.610986045e-08
3.096876876e-08
3.151747793e-08
3.228818496e-08
3.321312525e-08
3.421512587e-08
3.521113557e-08
3.611615622e-08
3.684293825e-08
3.727554524e-08
3.332201804e-08
3.377819257e-08
3.440895406e-08
3.51481768e-08
3.592543321e-08
3.666281556e-08
3.728196049e-08
3.775407155e-08
3.802844541e-08
3.538105921e-08
3.572992653e-08
3.619825851e-08
3.670964001e-08
3.722010033e-08
3.768239574e-08
3.805580638e-08
3.831821036e-08
3.845617013e-08
3.702106254e-08
3.724184522e-08
3.752994308e-08
3.78377206e-08
3.812402979e-08
3.835445334e-08
3.8507702e-08
3.858181121e-08
3.859667005e-08
3.823519412e-08
3.83489708e-08
3.848570812e-08
3.861111998e-08
3.869457214e-08
3.87150341e-08
3.866777265e-08
3.857122053e-08
3.847522742e-08
3.908523085e-08
3.910198066e-08
3.910115856e-08
3.905915976e-08
3.895690392e-08
3.878660013e-08
3.855870716e-08
3.831004098e-08
3.81162896e-08
3.959355416e-08
3.952138534e-08
3.939496935e-08
3.920084082e-08
3.893133549e-08
3.859119217e-08
3.820450804e-08
3.782387352e-08
3.754636799e-08
3.977676963e-08
3.962464375e-08
3.938600113e-08
3.905710967e-08
3.864111384e-08
3.815416916e-08
3.763219806e-08
3.714078093e-08
3.679395397e-08
3.96558603e-08
3.94339889e-08
3.909816486e-08
3.865374402e-08
3.811373184e-08
3.750431056e-08
3.687127334e-08
3.62904288e-08
3.588856188e-08
3.925807268e-08
3.89775537e-08
3.856066815e-08
3.80209541e-08
3.738008078e-08
3.667270462e-08
3.595251136e-08
3.530292412e-08
3.485963033e-08
3.861594222e-08
3.828820227e-08
3.780665329e-08
3.719191685e-08
3.647297649e-08
3.569135111e-08
3.490671131e-08
3.420771105e-08
3.373553522e-08
3.776542397e-08
3.740167595e-08
3.687139687e-08
3.620108612e-08
3.542563371e-08
3.459183693e-08
3.376358332e-08
3.303265277e-08
3.254280043e-08
3.674389013e-08
3.635468551e-08
3.579054755e-08
3.508262205e-08
3.427031973e-08
3.340422734e-08
3.255086697e-08
3.180334053e-08
3.13055279e-08
3.558831833e-08
3.518322103e-08
3.459860941e-08
3.386908615e-08
3.303728135e-08
3.215622452e-08
3.129370062e-08
3.054263211e-08
3.004503957e-08
3.433381524e-08
3.392119815e-08
3.332775859e-08
3.259045834e-08
3.175397349e-08
3.087259976e-08
3.001423212e-08
2.927040096e-08
2.877970859e-08
3.301252874e-08
3.259948027e-08
3.200701518e-08
3.127348105e-08
3.044457968e-08
2.95748786e-08
2.873144359e-08
2.800346558e-08
2.752494873e-08
3.165294556e-08
3.12452663e-08
3.066175172e-08
2.994130329e-08
2.912979155e-08
2.828124267e-08
2.746115333e-08
2.675566326e-08
2.629332735e-08
3.027953572e-08
2.988180253e-08
2.931349393e-08
2.861337889e-08
2.78268014e-08
2.700660394e-08
2.621615359e-08
2.553803061e-08
2.509476757e-08
2.891268388e-08
2.852835944e-08
2.797995597e-08
2.730556386e-08
2.654945673e-08
2.576280584e-08
2.500644436e-08
2.435905619e-08
2.393680819e-08
2.756883964e-08
2.720040795e-08
2.667524893e-08
2.603035688e-08
2.530852735e-08
2.455890813e-08
2.383952662e-08
2.322497437e-08
2.282489439e-08
2.626081985e-08
2.590993204e-08
2.54102047e-08
2.479723173e-08
2.411204081e-08
2.340151871e-08
2.272072496e-08
2.214007559e-08
2.176267723e-08
2.499820283e-08
2.466582158e-08
2.419276455e-08
2.361301744e-08
2.296564953e-08
2.229514379e-08
2.165351592e-08
2.110701295e-08
2.075230539e-08
2.378776705e-08
2.347430232e-08
2.302839533e-08
2.248229491e-08
2.187300195e-08
2.124252848e-08
2.063984149e-08
2.012709248e-08
1.97946988e-08
2.263393532e-08
2.233936549e-08
2.192049746e-08
2.140777828e-08
2.083609488e-08
2.024498107e-08
1.968040264e-08
1.920053897e-08
1.888979627e-08
2.153919717e-08
2.126317391e-08
2.087078853e-08
2.039067118e-08
1.985559887e-08
1.930266496e-08
1.877492032e-08
1.832673081e-08
1.803677348e-08
2.050449615e-08
2.024643316e-08
1.98796514e-08
1.943098646e-08
1.893114656e-08
1.841485546e-08
1.792236286e-08
1.750440308e-08
1.723423053e-08
1.952957196e-08
1.928871754e-08
1.894643771e-08
1.852782313e-08
1.806158108e-08
1.758015963e-08
1.712113945e-08
1.673181929e-08
1.648034983e-08
1.861325342e-08
1.838874881e-08
1.806972667e-08
1.767960149e-08
1.724516563e-08
1.679670067e-08
1.636926135e-08
1.600691358e-08
1.577302647e-08
1.775370405e-08
1.754462917e-08
1.724754066e-08
1.688425809e-08
1.647975648e-08
1.60622692e-08
1.56644735e-08
1.532740635e-08
1.510997369e-08
1.694862325e-08
1.67540317e-08
1.647752091e-08
1.613940409e-08
1.576294295e-08
1.537444507e-08
1.500435989e-08
1.469089632e-08
1.448880683e-08
1.619540778e-08
1.601435304e-08
1.575706798e-08
1.544245142e-08
1.509215831e-08
1.473069359e-08
1.438642637e-08
1.409493254e-08
1.390710849e-08
1.549127886e-08
1.532283333e-08
1.508345183e-08
1.479071133e-08
1.446476618e-08
1.412843982e-08
1.380816428e-08
1.353706936e-08
1.336247831e-08
1.483338017e-08
1.467664849e-08
1.445389631e-08
1.418146968e-08
1.38781261e-08
1.356512484e-08
1.326709818e-08
1.301490747e-08
1.285256977e-08
1.421885179e-08
1.407297972e-08
1.386564246e-08
1.361204313e-08
1.332964223e-08
1.303824709e-08
1.276082067e-08
1.25261234e-08
1.237511655e-08
1.364488448e-08
1.350906436e-08
1.331599479e-08
1.307981992e-08
1.28167983e-08
1.254539173e-08
1.228701681e-08
1.206849007e-08
1.192795058e-08
1.310875838e-08
1.298223198e-08
1.280235373e-08
1.258228821e-08
1.233718173e-08
1.20842506e-08
1.184348028e-08
1.163988991e-08
1.150901349e-08
1.260786923e-08
1.248992875e-08
1.232223747e-08
1.211705488e-08
1.188849912e-08
1.165263464e-08
1.142812317e-08
1.123832261e-08
1.111636296e-08
1.213974512e-08
1.202973277e-08
1.187329533e-08
1.168185673e-08
1.14685853e-08
1.124848072e-08
1.103898082e-08
1.08619084e-08
1.074817523e-08
1.170205584e-08
1.159936245e-08
1.14533149e-08
1.127456609e-08
1.107540725e-08
1.086985411e-08
1.067421302e-08
1.050888826e-08
1.040274464e-08
1.129261676e-08
1.119667979e-08
1.106022439e-08
1.089319212e-08
1.070706443e-08
1.051494778e-08
1.033210248e-08
1.017762176e-08
1.007848112e-08
1.090938868e-08
1.081968976e-08
1.069209146e-08
1.053587909e-08
1.036178637e-08
1.018207946e-08
1.001105133e-08
9.866583204e-09
9.773906158e-09
1.055047479e-08
1.046653706e-08
1.034711969e-08
1.020090242e-08
1.003792841e-08
9.869687001e-09
9.709576316e-09
9.574356682e-09
9.487647813e-09
1.021411558e-08
1.013550091e-08
1.00236432e-08
9.886663222e-09
9.73396611e-09
9.576322753e-09
9.426303141e-09
9.299630399e-09
9.218435023e-09
9.898682428e-09
9.82498866e-09
9.720120308e-09
9.591681937e-09
9.448488906e-09
9.300647299e-09
9.159960253e-09
9.041190595e-09
8.965091644e-09
9.602670434e-09
9.53352863e-09
9.435126429e-09
9.314591372e-09
9.180193324e-09
9.041422815e-09
8.909372421e-09
8.797915286e-09
8.726530321e-09
9.324690749e-09
9.259762588e-09
9.167346696e-09
9.054129512e-09
8.927876001e-09
8.797506346e-09
8.673454258e-09
8.568768025e-09
8.501746402e-09
9.063462816e-09
9.0024381e-09
8.915568511e-09
8.809132295e-09
8.690426736e-09
8.567843147e-09
8.45120384e-09
8.352791772e-09
8.289811992e-09
8.817806659e-09
8.760400964e-09
8.678674188e-09
8.578526523e-09
8.466821689e-09
8.351460193e-09
8.241696532e-09
8.149102986e-09
8.089870218e-09
8.58663538e-09
8.532587871e-09
8.455633835e-09
8.361323012e-09
8.256116843e-09
8.147459959e-09
8.044079071e-09
7.95688599e-09
7.901129779e-09
8.368947967e-09
8.318019369e-09
8.245498536e-09
8.156610055e-09
8.057441775e-09
7.955014512e-09
7.857563976e-09
7.775387635e-09
7.722859791e-09
8.163822475e-09
8.115793191e-09
8.047393909e-09
7.963547248e-09
7.869993775e-09
7.773359947e-09
7.681424277e-09
7.6039123e-09
7.554384951e-09
7.970409602e-09
7.925077993e-09
7.860514054e-09
7.781359692e-09
7.693032349e-09
7.601791182e-09
7.514988601e-09
7.44181722e-09
7.395081035e-09
7.7879267e-09
7.745107501e-09
7.684115898e-09
7.609332593e-09
7.525874087e-09
7.439657117e-09
7.357636605e-09
7.288508149e-09
7.244370709e-09
7.615652201e-09
7.575175075e-09
7.517513957e-09
7.446806255e-09
7.367887915e-09
7.286356149e-09
7.208794743e-09
7.143435351e-09
7.101719659e-09
7.452920469e-09
7.414628687e-09
7.36007549e-09
7.29317145e-09
7.21849071e-09
7.141332036e-09
7.067932366e-09
7.006089895e-09
6.966633027e-09
7.299117057e-09
7.262866291e-09
7.211216035e-09
7.147865157e-09
7.077143259e-09
7.004070086e-09
6.934558135e-09
6.876000259e-09
6.83865213e-09
7.153674336e-09
7.119331569e-09
7.070395308e-09
7.010366648e-09
6.943346551e-09
6.874093667e-09
6.808216725e-09
6.752729207e-09
6.71735145e-09
7.016067508e-09
6.983510036e-09
6.937113449e-09
6.880193904e-09
6.81663839e-09
6.750961e-09
6.688485814e-09
6.63587093e-09
6.602335877e-09
6.885810949e-09
6.854925476e-09
6.810907589e-09
6.756900338e-09
6.69659028e-09
6.634262242e-09
6.574973327e-09
6.525048438e-09
6.493238195e-09
6.762454866e-09
6.733136687e-09
6.691348708e-09
6.640071801e-09
6.582804599e-09
6.523616808e-09
6.467314916e-09
6.41991117e-09
6.389716775e-09
6.645582259e-09
6.617734512e-09
6.578038781e-09
6.529323853e-09
6.474912013e-09
6.418670937e-09
6.365171667e-09
6.320132822e-09
6.291453485e-09
6.534806148e-09
6.508339141e-09
6.470608169e-09
6.424299279e-09
6.372569118e-09
6.319095477e-09
6.268228011e-09
6.225409361e-09
6.19815177e-09
6.429767052e-09
6.404597648e-09
6.368713254e-09
6.324665825e-09
6.275456304e-09
6.224583859e-09
6.176189819e-09
6.135457226e-09
6.109534915e-09
6.330130693e-09
6.306181757e-09
6.272034279e-09
6.230114141e-09
6.183275799e-09
6.134850263e-09
6.088782668e-09
6.050011679e-09
6.025344459e-09
6.235585913e-09
6.212785807e-09
6.18027339e-09
6.140355912e-09
6.095749904e-09
6.049627944e-09
6.005750269e-09
5.968825312e-09
5.945338753e-09
6.145842782e-09
6.12412491e-09
6.093152856e-09
6.055122154e-09
6.012619373e-09
5.968667716e-09
5.92685303e-09
5.891666688e-09
5.869291644e-09
6.060630874e-09
6.039933265e-09
6.010413448e-09
5.974161672e-09
5.933641958e-09
5.891736565e-09
5.851866753e-09
5.818319103e-09
5.796991285e-09
5.979697708e-09
5.959962641e-09
5.931812972e-09
5.897239656e-09
5.858591068e-09
5.818616395e-09
5.780581449e-09
5.748579458e-09
5.728239044e-09
5.902807325e-09
5.883980988e-09
5.857124932e-09
5.824136401e-09
5.787254566e-09
5.749102886e-09
5.712800262e-09
5.68225724e-09
5.662848516e-09
5.829739002e-09
5.811771179e-09
5.786137316e-09
5.754646149e-09
5.719433663e-09
5.683004452e-09
5.648338481e-09
5.619173583e-09
5.600644623e-09
5.760286073e-09
5.743129868e-09
5.718651489e-09
5.688576032e-09
5.654941919e-09
5.620141293e-09
5.58702265e-09
5.559160421e-09
5.541462792e-09
5.69425487e-09
5.677866442e-09
5.65448119e-09
5.625745113e-09
5.593604328e-09
5.560344539e-09
5.528689752e-09
5.502059715e-09
5.485148206e-09
5.631463745e-09
5.615802082e-09
5.593451617e-09
5.565983507e-09
5.53525649e-09
5.503455454e-09
5.473186467e-09
5.447722743e-09
5.431555122e-09
5.571742188e-09
5.556768891e-09
5.53539859e-09
5.509131585e-09
5.479743847e-09
5.449324729e-09
5.420368492e-09
5.396009457e-09
5.380546247e-09
5.51493002e-09
5.50060911e-09
5.480167792e-09
5.455039242e-09
5.426920995e-09
5.397811818e-09
5.370099921e-09
5.346787894e-09
5.331992165e-09
5.460876654e-09
5.447174395e-09
5.427614068e-09
5.403565234e-09
5.376651048e-09
5.34878434e-09
5.322252678e-09
5.29993363e-09
5.285770819e-09
5.409440414e-09
5.396325152e-09
5.377600791e-09
5.354576559e-09
5.328805051e-09
5.302117528e-09
5.276705989e-09
5.255329288e-09
5.241767025e-09
5.360487917e-09
5.347929935e-09
5.329999265e-09
5.307947895e-09
5.283261445e-09
5.257693715e-09
5.233345907e-09
5.212864074e-09
5.199872027e-09
5.313893492e-09
5.301864871e-09
5.284688181e-09
5.263561074e-09
5.239905567e-09
5.215401861e-09
5.192064854e-09
5.172433348e-09
5.159983086e-09
5.269538638e-09
5.258013139e-09
5.241553105e-09
5.221304586e-09
5.198629174e-09
5.175137106e-09
5.152761195e-09
5.13393822e-09
5.122003081e-09
5.227311518e-09
5.216264463e-09
5.200485988e-09
5.181073114e-09
5.159329996e-09
5.136800334e-09
5.115338834e-09
5.097285152e-09
5.08584013e-09
5.187106463e-09
5.176514633e-09
5.161384696e-09
5.14276707e-09
5.121911293e-09
5.100297755e-09
5.079706797e-09
5.062385569e-09
5.051407207e-09
5.14882349e-09
5.138665026e-09
5.124152542e-09
5.106292143e-09
5.086281409e-09
5.065540467e-09
5.045778823e-09
5.029155453e-09
5.018621748e-09
5.112367815e-09
5.102622119e-09
5.088697805e-09
5.071558823e-09
5.05235331e-09
5.032444007e-09
5.013472909e-09
4.997514902e-09
4.987405211e-09
5.077649342e-09
5.068296989e-09
5.054933228e-09
5.038481903e-09
5.020044084e-09
5.000927846e-09
4.982710819e-09
4.967387636e-09
4.957682593e-09
5.044582127e-09
5.035604762e-09
5.02277547e-09
5.006979922e-09
4.989274379e-09
4.970914828e-09
4.953417509e-09
4.938700424e-09
4.929381844e-09
5.013083774e-09
5.004464016e-09
4.992144491e-09
4.976974544e-09
4.959967764e-09
4.942330511e-09
4.925520454e-09
4.911382391e-09
4.902433176e-09
4.983074776e-09
4.974796099e-09
4.962962861e-09
4.948389835e-09
4.932049989e-09
4.915102393e-09
4.898948846e-09
4.885364196e-09
4.876768217e-09
4.954477748e-09
4.946524355e-09
4.935154957e-09
4.921151436e-09
4.905448105e-09
4.889158997e-09
4.873632633e-09
4.860577026e-09
4.852318989e-09
4.927216569e-09
4.919573234e-09
4.908646038e-09
4.895185591e-09
4.880089448e-09
4.86442879e-09
4.849501379e-09
4.836951408e-09
4.829016677e-09
4.901215388e-09
4.893867276e-09
4.883361188e-09
4.870418031e-09
4.855900451e-09
4.840838923e-09
4.826482925e-09
4.814415804e-09
4.806790184e-09
4.876397509e-09
4.869329958e-09
4.859224108e-09
4.846772699e-09
4.832805294e-09
4.818313786e-09
4.804501859e-09
4.792894994e-09
4.785564464e-09
4.852684137e-09
4.845882403e-09
4.836155768e-09
4.824170329e-09
4.810724381e-09
4.796773392e-09
4.783477793e-09
4.772308269e-09
4.765258651e-09
4.82999301e-09
4.823441961e-09
4.814072925e-09
4.802526875e-09
4.789572683e-09
4.776131608e-09
4.763323487e-09
4.752567456e-09
4.745784026e-09
4.808236918e-09
4.801920695e-09
4.792886543e-09
4.781751854e-09
4.769257976e-09
4.756294286e-09
4.743942874e-09
4.733574854e-09
4.727041895e-09
4.787322167e-09
4.781223795e-09
4.772500145e-09
4.761746619e-09
4.749679031e-09
4.73715736e-09
4.725229067e-09
4.715221162e-09
4.708921463e-09
4.767147012e-09
4.761247987e-09
4.752808177e-09
4.742402665e-09
4.730723844e-09
4.718605007e-09
4.707062452e-09
4.697383517e-09
4.69129785e-09
4.747600154e-09
4.741879996e-09
4.733694443e-09
4.723600025e-09
4.712268004e-09
4.70050798e-09
4.689308995e-09
4.679923795e-09
4.674030391e-09
4.728559356e-09
4.722995171e-09
4.715030718e-09
4.705205889e-09
4.694173317e-09
4.682722253e-09
4.671818927e-09
4.66268734e-09
4.656961412e-09
4.70989029e-09
4.704456341e-09
4.69667565e-09
4.687073548e-09
4.676286822e-09
4.665088132e-09
4.65442597e-09
4.645502322e-09
4.639915689e-09
4.691445709e-09
4.686113043e-09
4.678474052e-09
4.669041813e-09
4.658440357e-09
4.647430004e-09
4.636947296e-09
4.628179915e-09
4.622700816e-09
4.673065092e-09
4.667801244e-09
4.660256762e-09
4.650935029e-09
4.640450798e-09
4.62955687e-09
4.619184413e-09
4.610515537e-09
4.605108703e-09
4.654574815e-09
4.649343647e-09
4.64184114e-09
4.632563855e-09
4.622121194e-09
4.61126388e-09
4.600925143e-09
4.592291316e-09
4.58691844e-09
4.635789017e-09
4.630550715e-09
4.623032354e-09
4.613726908e-09
4.603242856e-09
4.592334986e-09
4.581946932e-09
4.573280037e-09
4.567900741e-09
4.61651125e-09
4.611222546e-09
4.603625589e-09
4.594213418e-09
4.583598596e-09
4.572546886e-09
4.562021574e-09
4.553250691e-09
4.547824137e-09
4.59653702e-09
4.591151673e-09
4.583409255e-09
4.573807002e-09
4.562967213e-09
4.551674358e-09
4.540921536e-09
4.531975793e-09
4.52646307e-09
4.575657302e-09
4.570126909e-09
4.562169323e-09
4.552290656e-09
4.541129328e-09
4.529497115e-09
4.518427946e-09
4.50924055e-09
4.50360799e-09
4.553663119e-09
4.54793829e-09
4.539694839e-09
4.529453051e-09
4.517874654e-09
4.50580825e-09
4.494340374e-09
4.484853978e-09
4.479077519e-09
4.530351267e-09
4.524383233e-09
4.515784732e-09
4.505096224e-09
4.493010812e-09
4.480424384e-09
4.468488466e-09
4.458662056e-09
4.452732766e-09
4.50553128e-09
4.499273988e-09
4.490256029e-09
4.479044809e-09
4.466373841e-09
4.453197697e-09
4.440745667e-09
4.430563108e-09
4.424493993e-09
4.479033798e-09
4.472446589e-09
4.46295368e-09
4.451157061e-09
4.437840718e-09
4.424030219e-09
4.41104545e-09
4.40052594e-09
4.394360154e-09
4.450720623e-09
4.443771612e-09
4.433762412e-09
4.421338189e-09
4.407344578e-09
4.392891262e-09
4.37940114e-09
4.368611952e-09
4.362432669e-09
4.42049698e-09
4.413167379e-09
4.402621403e-09
4.389557072e-09
4.374894014e-09
4.359839789e-09
4.345931613e-09
4.335003943e-09
4.328946383e-09
4.388326989e-09
4.380616798e-09
4.369543278e-09
4.355868278e-09
4.340598999e-09
4.32505495e-09
4.310896681e-09
4.300045836e-09
4.294312127e-09
4.354254061e-09
4.346189802e-09
4.334639784e-09
4.320442177e-09
4.304706467e-09
4.288877437e-09
4.274743234e-09
4.264291128e-09
4.259165284e-09
4.318428806e-09
4.310073971e-09
4.298156326e-09
4.283603933e-09
4.267642385e-09
4.251849091e-09
4.238130245e-09
4.228494898e-09
4.224318814e-09
4.281146492e-09
4.272613544e-09
4.260511025e-09
4.245866534e-09
4.230022028e-09
4.214659711e-09
4.201733453e-09
4.19313522e-09
4.189913255e-09
4.242886073e-09
4.234339843e-09
4.222300663e-09
4.207877692e-09
4.192462337e-09
4.177630203e-09
4.165048003e-09
4.15558237e-09
4.151835918e-09
4.204284975e-09
4.195894256e-09
4.184095806e-09
4.169953695e-09
4.154663532e-09
4.138521785e-09
4.125021354e-09
4.116143716e-09
4.113477696e-09
4.165700077e-09
4.157398903e-09
4.145274727e-09
4.129767541e-09
4.11320114e-09
4.097353208e-09
4.085263121e-09
4.079287135e-09
4.079569701e-09
4.124652189e-09
4.115546037e-09
4.102733477e-09
4.087278793e-09
4.071617571e-09
4.058323894e-09
4.05016013e-09
4.049020271e-09
4.053598434e-09
4.08092269e-09
4.071996934e-09
4.059915335e-09
4.046430419e-09
4.0339582e-09
4.025240701e-09
4.022924582e-09
4.028343767e-09
4.038487452e-09
4.038384131e-09
4.030774838e-09
4.020957234e-09
4.010967224e-09
4.003362378e-09
4.000972481e-09
4.006301326e-09
4.019994492e-09
4.036993239e-09
4.000737177e-09
3.995237412e-09
3.988800587e-09
3.983639467e-09
3.982453656e-09
3.988123379e-09
4.002939627e-09
4.026656817e-09
4.051548883e-09
3.970627012e-09
3.967942222e-09
3.965917349e-09
3.966902944e-09
3.97372254e-09
3.989281445e-09
4.015615091e-09
4.0514877e-09
4.086251433e-09
3.95038502e-09
3.95121897e-09
3.954649399e-09
3.963141385e-09
3.97962569e-09
4.007015633e-09
4.0470554e-09
4.097387466e-09
4.143956402e-09
3.942271009e-09
3.947342043e-09
3.957296815e-09
3.974698266e-09
4.002578161e-09
4.043861109e-09
4.099989692e-09
4.167359423e-09
4.227947322e-09
3.948503873e-09
3.958534277e-09
3.976092686e-09
4.003834204e-09
4.044907807e-09
4.102289764e-09
4.177157719e-09
4.264568545e-09
4.341903161e-09
3.971209478e-09
3.986909481e-09
4.013143997e-09
4.052675693e-09
4.108824379e-09
4.184715591e-09
4.281378438e-09
4.392568633e-09
4.490834399e-09
4.012356824e-09
4.034418389e-09
4.070397725e-09
4.123219112e-09
4.196492614e-09
4.293686421e-09
4.415874825e-09
4.555323147e-09
4.677981088e-09
4.073733672e-09
4.102854107e-09
4.149707713e-09
4.21752865e-09
4.310536737e-09
4.433162357e-09
4.587567448e-09
4.765388906e-09
4.922896376e-09
4.157023468e-09
4.194010906e-09
4.253176185e-09
4.338482633e-09
4.4557162e-09
4.612435194e-09
4.817379939e-09
5.073116657e-09
5.319857569e-09
4.264181575e-09
4.310320225e-09
4.384388975e-09
4.492290931e-09
4.644098816e-09
4.855251407e-09
5.158933852e-09
5.513818387e-09
5.826330944e-09
4.399012049e-09
4.457278851e-09
4.552923158e-09
4.697394848e-09
4.915891915e-09
5.225998898e-09
5.61258316e-09
6.043514826e-09
6.410061207e-09
4.57403439e-09
4.652750898e-09
4.790883486e-09
5.009235003e-09
5.306544511e-09
5.688582011e-09
6.144066986e-09
6.640733525e-09
7.062001196e-09
4.841738619e-09
4.961208976e-09
5.151060719e-09
5.41957869e-09
5.774214459e-09
6.214446333e-09
6.735833453e-09
7.301456483e-09
7.77953701e-09
5.214987503e-09
5.359523551e-09
5.586233008e-09
5.896423918e-09
6.298782286e-09
6.797703277e-09
7.387279158e-09
8.024872519e-09
8.561098885e-09
5.653651284e-09
5.81842831e-09
6.07338531e-09
6.423487177e-09
6.876258952e-09
7.436806226e-09
8.097621696e-09
8.80920176e-09
9.403250312e-09
6.137936693e-09
6.32286123e-09
6.60824161e-09
6.999942661e-09
7.505733731e-09
8.130601495e-09
8.864598592e-09
9.650066696e-09
1.029923826e-08
6.666736099e-09
6.872640911e-09
7.190024642e-09
7.625106035e-09
8.185800167e-09
8.876321621e-09
9.683225359e-09
1.053947848e-08
1.123826802e-08
7.239690705e-09
7.467285346e-09
7.817659585e-09
8.297068767e-09
8.913127391e-09
9.668466294e-09
1.054499324e-08
1.146540665e-08
1.220550164e-08
7.855459302e-09
8.104965257e-09
8.488428362e-09
9.011755042e-09
9.681639173e-09
1.049820288e-08
1.143764778e-08
1.241209812e-08
1.318287855e-08
8.510855158e-09
8.78177818e-09
9.19724466e-09
9.762339385e-09
1.048213058e-08
1.135333405e-08
1.234569496e-08
1.336121899e-08
1.415070166e-08
9.200314271e-09
9.491283918e-09
9.936282595e-09
1.053907026e-08
1.130241817e-08
1.221894001e-08
1.325166024e-08
1.429367734e-08
1.508971037e-08
9.915658955e-09
1.022436953e-08
1.069502089e-08
1.132960862e-08
1.212810714e-08
1.307868457e-08
1.413793292e-08
1.519180823e-08
1.598327823e-08
1.064625527e-08
1.096955614e-08
1.146079574e-08
1.211993313e-08
1.294393678e-08
1.391662348e-08
1.498895294e-08
1.604177777e-08
1.681991878e-08
1.137964487e-08
1.171380434e-08
1.221986685e-08
1.289573487e-08
1.373553183e-08
1.471930783e-08
1.57937577e-08
1.683713599e-08
1.759932753e-08
1.210263367e-08
1.244375701e-08
1.295886864e-08
1.364409528e-08
1.449129783e-08
1.547795997e-08
1.654898455e-08
1.758518873e-08
1.834469772e-08
1.28026915e-08
1.314723498e-08
1.366641722e-08
1.435518975e-08
1.520417727e-08
1.619012978e-08
1.725952635e-08
1.829196542e-08
1.90259366e-08
1.346943465e-08
1.38147586e-08
1.433469e-08
1.502400525e-08
1.587375106e-08
1.686280065e-08
1.79320909e-08
1.893766502e-08
1.96376144e-08
1.409604116e-08
1.444103393e-08
1.496106911e-08
1.565251721e-08
1.650969642e-08
1.750207604e-08
1.855157826e-08
1.952196641e-08
2.018512519e-08
1.468092028e-08
1.502707056e-08
1.555063243e-08
1.625380516e-08
1.711536392e-08
1.809576988e-08
1.911936506e-08
2.005241965e-08
2.067887538e-08
1.523127293e-08
1.558678266e-08
1.612120401e-08
1.682602565e-08
1.768121926e-08
1.864603605e-08
1.964308119e-08
2.05402019e-08
2.113536876e-08
1.576820084e-08
1.612507289e-08
1.666006476e-08
1.736222743e-08
1.820993362e-08
1.915938163e-08
2.013051409e-08
2.099455815e-08
2.155935104e-08
1.627353213e-08
1.663096594e-08
1.716616806e-08
1.786659376e-08
1.870772514e-08
1.964178938e-08
2.058689455e-08
2.141481689e-08
2.194623074e-08
1.674938513e-08
1.710878887e-08
1.764588356e-08
1.834578258e-08
1.918009519e-08
2.00971623e-08
2.101067839e-08
2.179563191e-08
2.229363429e-08
1.720390231e-08
1.756651865e-08
1.810636288e-08
1.880527439e-08
1.963059372e-08
2.052357372e-08
2.139575708e-08
2.213557564e-08
2.26028043e-08
1.764540497e-08
1.801136985e-08
1.855301873e-08
1.92485932e-08
2.005649059e-08
2.091401863e-08
2.174038168e-08
2.243770577e-08
2.287847264e-08
1.808055217e-08
1.844902556e-08
1.898931565e-08
1.967127246e-08
2.044991914e-08
2.126579679e-08
2.20477735e-08
2.270861104e-08
2.312760972e-08
1.851411213e-08
1.887876981e-08
1.940683056e-08
2.006442829e-08
2.080705549e-08
2.158138533e-08
2.232497832e-08
2.295649286e-08
2.33577055e-08
1.893471813e-08
1.928835871e-08
1.97960295e-08
2.042334797e-08
2.11293845e-08
2.186747224e-08
2.258069417e-08
2.318920831e-08
2.357530026e-08
1.933058707e-08
1.966860029e-08
2.015204476e-08
2.074883998e-08
2.142297372e-08
2.213278035e-08
2.282313487e-08
2.341294744e-08
2.37851627e-08
1.969452043e-08
2.001571032e-08
2.04758232e-08
2.104659276e-08
2.169637564e-08
2.238580248e-08
2.305864168e-08
2.363172049e-08
2.399011876e-08
2.00256469e-08
2.033204107e-08
2.077335917e-08
2.132511334e-08
2.195828472e-08
2.263324775e-08
2.329118274e-08
2.38474691e-08
2.419130982e-08
2.032919308e-08
2.062485094e-08
2.105352e-08
2.159331798e-08
2.221581123e-08
2.287940134e-08
2.352250646e-08
2.406050417e-08
2.438863352e-08
2.061436177e-08
2.090378678e-08
2.132552565e-08
2.185866158e-08
2.247365653e-08
2.312618888e-08
2.375262265e-08
2.427002811e-08
2.458119486e-08
2.08914187e-08
2.117824746e-08
2.159699058e-08
2.212615683e-08
2.273403607e-08
2.337361427e-08
2.398035342e-08
2.447459526e-08
2.476767386e-08
2.116920536e-08
2.145551082e-08
2.187289948e-08
2.239818201e-08
2.299703426e-08
2.362029313e-08
2.420379409e-08
2.467242786e-08
2.494655332e-08
2.145371526e-08
2.173989458e-08
2.215541866e-08
2.267478267e-08
2.326111077e-08
2.38639118e-08
2.442059631e-08
2.486152358e-08
2.511614421e-08
2.174772575e-08
2.203275869e-08
2.244424126e-08
2.295419533e-08
2.352360775e-08
2.410157663e-08
2.462809137e-08
2.503952868e-08
2.52741843e-08
2.205113748e-08
2.233299864e-08
2.273718285e-08
2.3233442e-08
2.378125742e-08
2.433021403e-08
2.482364262e-08
2.520416594e-08
2.54184573e-08
2.236164402e-08
2.263773002e-08
2.303083726e-08
2.350890627e-08
2.403065658e-08
2.454697534e-08
2.500507394e-08
2.535378141e-08
2.55479271e-08
2.267547496e-08
2.294298198e-08
2.332118275e-08
2.377681908e-08
2.426861558e-08
2.474945507e-08
2.517075097e-08
2.548755552e-08
2.566219838e-08
2.298808672e-08
2.324431575e-08
2.360409375e-08
2.40336384e-08
2.449239673e-08
2.493579659e-08
2.531968212e-08
2.560535842e-08
2.576144237e-08
2.329474704e-08
2.353732923e-08
2.387573638e-08
2.42763301e-08
2.469990998e-08
2.51048233e-08
2.545177378e-08
2.570759783e-08
2.584625665e-08
2.359097306e-08
2.381800175e-08
2.413277726e-08
2.450241533e-08
2.488954531e-08
2.525605656e-08
2.55673214e-08
2.57949241e-08
2.591736674e-08
2.387278252e-08
2.408285548e-08
2.437243279e-08
2.47098862e-08
2.506037831e-08
2.538955836e-08
2.566690291e-08
2.586812593e-08
2.59755469e-08
2.413673441e-08
2.432887842e-08
2.459235463e-08
2.489742828e-08
2.52122007e-08
2.550575722e-08
2.575126031e-08
2.592800313e-08
2.602161395e-08
2.437975243e-08
2.455360282e-08
2.47910425e-08
2.506462822e-08
2.534528992e-08
2.560532313e-08
2.58212112e-08
2.597537365e-08
2.605638124e-08
2.459971576e-08
2.475570549e-08
2.496806418e-08
2.521169126e-08
2.546026906e-08
2.568909156e-08
2.587760864e-08
2.601107742e-08
2.608061112e-08
2.479604653e-08
2.493505072e-08
2.512372091e-08
2.533926168e-08
2.555798455e-08
2.575794094e-08
2.592130363e-08
2.603589978e-08
2.60950136e-08
2.496912099e-08
2.509222103e-08
2.525879909e-08
2.544826876e-08
2.563940048e-08
2.581279718e-08
2.595316659e-08
2.605058433e-08
2.610024447e-08
2.511988284e-08
2.522823553e-08
2.537437935e-08
2.553979721e-08
2.570554432e-08
2.585461911e-08
2.597402812e-08
2.605583298e-08
2.609691771e-08
2.524959231e-08
2.534435505e-08
2.547168366e-08
2.561498971e-08
2.575747234e-08
2.588436136e-08
2.598470011e-08
2.605232799e-08
2.608562428e-08
2.535965891e-08
2.544192181e-08
2.555197026e-08
2.567501386e-08
2.579627486e-08
2.590297556e-08
2.598600562e-08
2.604079355e-08
2.60670474e-08
2.545148248e-08
2.552228264e-08
2.561651113e-08
2.572108161e-08
2.582304171e-08
2.591143535e-08
2.59788215e-08
2.602204205e-08
2.604200109e-08
2.552645024e-08
2.558677988e-08
2.566660516e-08
2.575439246e-08
2.583887452e-08
2.591076935e-08
2.596415307e-08
2.599712549e-08
2.601158518e-08
2.558595115e-08
2.56367631e-08
2.570351816e-08
2.577612636e-08
2.584488769e-08
2.590207436e-08
2.59431678e-08
2.596744568e-08
2.597752562e-08
2.563132841e-08
2.567351541e-08
2.572846044e-08
2.578742247e-08
2.584217054e-08
2.588645102e-08
2.59171383e-08
2.593477038e-08
2.594315529e-08
2.566383874e-08
2.569824143e-08
2.574256696e-08
2.578933464e-08
2.583168837e-08
2.586474956e-08
2.588667381e-08
2.589895226e-08
2.590578075e-08
2.568465353e-08
2.571205992e-08
2.574688207e-08
2.578281581e-08
2.581429039e-08
2.583774849e-08
2.585257154e-08
2.586142552e-08
2.586511565e-08
2.569485331e-08
2.571599693e-08
2.574235125e-08
2.576870255e-08
2.579067415e-08
2.580587112e-08
2.581461348e-08
2.581974121e-08
2.582001242e-08
2.569542951e-08
2.571099023e-08
2.572983461e-08
2.574776839e-08
2.576153301e-08
2.576982244e-08
2.577399901e-08
2.577360494e-08
2.577008668e-08
2.568729224e-08
2.569789715e-08
2.5710119e-08
2.572070694e-08
2.572739193e-08
2.572981407e-08
2.57286719e-08
2.572232225e-08
2.571497558e-08
2.567128855e-08
2.567753525e-08
2.568397447e-08
2.568820685e-08
2.568884644e-08
2.568630071e-08
2.567832734e-08
2.566571149e-08
2.565457972e-08
2.564826703e-08
2.565072474e-08
2.565218348e-08
2.565104911e-08
2.564682392e-08
2.56379975e-08
2.56226435e-08
2.560375418e-08
2.558896964e-08
2.561909537e-08
2.561830526e-08
2.561553819e-08
2.560993384e-08
2.560071653e-08
2.558454267e-08
2.556162433e-08
2.553663702e-08
2.551839596e-08
2.558476553e-08
2.558127401e-08
2.55750211e-08
2.556575132e-08
2.554993399e-08
2.552591248e-08
2.549553504e-08
2.546476634e-08
2.544332141e-08
2.554662439e-08
2.554111053e-08
2.553230361e-08
2.55175146e-08
2.54943059e-08
2.54623964e-08
2.542491762e-08
2.538882265e-08
2.536449297e-08
2.550671298e-08
2.549928997e-08
2.548610747e-08
2.546487016e-08
2.543410115e-08
2.539465607e-08
2.535068475e-08
2.530988378e-08
2.528308184e-08
2.546502766e-08
2.545436532e-08
2.543598582e-08
2.540810509e-08
2.53701309e-08
2.532388134e-08
2.527431449e-08
2.52296497e-08
2.520092666e-08
2.542040435e-08
2.540609268e-08
2.538245818e-08
2.5348351e-08
2.530401846e-08
2.525210737e-08
2.519820196e-08
2.515081924e-08
2.512092564e-08
2.537359834e-08
2.53558284e-08
2.532748973e-08
2.52881309e-08
2.523879121e-08
2.518282535e-08
2.512626672e-08
2.507768392e-08
2.504762052e-08
2.532827784e-08
2.530771974e-08
2.527577401e-08
2.523267195e-08
2.518016095e-08
2.512216816e-08
2.506499453e-08
2.501701134e-08
2.498796826e-08
2.529403673e-08
2.527182376e-08
2.523788093e-08
2.519296521e-08
2.513933718e-08
2.508129681e-08
2.502524025e-08
2.497921027e-08
2.495202922e-08
2.530673093e-26
9.477201107e-26
2.114021631e-25
4.005459132e-25
7.069232326e-25
1.207862332e-24
2.037783039e-24
3.429210397e-24
5.78510546e-24
9.804116353e-24
1.669912952e-23
2.857787185e-23
4.910551222e-23
8.46553006e-23
1.462991609e-22
2.532434766e-22
4.387720889e-22
7.6058229e-22
1.318756903e-21
2.286983225e-21
3.966763922e-21
6.881554748e-21
1.194023535e-20
2.072097181e-20
3.596402282e-20
6.242706202e-20
1.083689538e-19
1.881211232e-19
3.265383216e-19
5.666893692e-19
9.831172958e-19
1.704639614e-18
2.95342249e-18
5.111682386e-18
8.835033857e-18
1.524411454e-17
2.624668227e-17
4.507557404e-17
7.718091252e-17
1.316985289e-16
2.238466163e-16
3.788019469e-16
6.379075397e-16
1.068509143e-15
1.779366985e-15
2.944520463e-15
4.839803614e-15
7.898070355e-15
1.279182002e-14
2.055568645e-14
3.276680344e-14
5.180951836e-14
8.126433601e-14
1.264819897e-13
1.954370035e-13
3.000431733e-13
4.582101766e-13
6.971154214e-13
1.058387536e-12
1.60595703e-12
2.43657074e-12
3.690237052e-12
5.553521104e-12
8.248360021e-12
1.200693838e-11
1.704057946e-11
2.351874763e-11
3.158735564e-11
4.145283996e-11
5.353829712e-11
6.868190282e-11
8.835436979e-11
1.149109722e-10
1.519240855e-10
2.046267229e-10
2.804473915e-10
3.895679209e-10
5.454190362e-10
7.650866211e-10
1.070042901e-09
1.488636682e-09
2.051444252e-09
2.786238063e-09
3.721242602e-09
4.882162827e-09
6.289290375e-09
7.954744269e-09
9.880044378e-09
1.205426847e-08
1.445302942e-08
1.703844662e-08
1.976019268e-08
2.255758255e-08
2.536254502e-08
2.810315007e-08
3.070699968e-08
3.310252472e-08
3.521103792e-08
3.691164398e-08
3.817652155e-08
3.907259956e-08
3.962322211e-08
3.984461299e-08
3.975714274e-08
3.938760201e-08
3.87683335e-08
3.793536186e-08
3.692634852e-08
3.577872274e-08
3.452814639e-08
3.320737257e-08
3.184549924e-08
3.046758015e-08
2.909453359e-08
2.774327931e-08
2.642703528e-08
2.515571219e-08
2.393635594e-08
2.277359838e-08
2.167008762e-08
2.06268832e-08
1.964380564e-08
1.871973643e-08
1.785286962e-08
1.704091818e-08
1.628127972e-08
1.557116705e-08
1.490770896e-08
1.428802631e-08
1.370928796e-08
1.31687507e-08
1.266378643e-08
1.219189954e-08
1.175073675e-08
1.133809133e-08
1.095190311e-08
1.059025556e-08
1.025137076e-08
9.933603012e-09
9.635431624e-09
9.3554532e-09
9.092373818e-09
8.845001252e-09
8.612237395e-09
8.393070993e-09
8.186570745e-09
7.99187882e-09
7.808204789e-09
7.634819992e-09
7.471052331e-09
7.316281464e-09
7.169934393e-09
7.031481423e-09
6.900432459e-09
6.776333632e-09
6.658764218e-09
6.547333834e-09
6.441679885e-09
6.341465247e-09
6.246376153e-09
6.156120279e-09
6.070425008e-09
5.98903584e-09
5.911714963e-09
5.838239948e-09
5.768402556e-09
5.702007668e-09
5.638872297e-09
5.578824693e-09
5.521703531e-09
5.467357158e-09
5.415642913e-09
5.366426497e-09
5.319581383e-09
5.274988277e-09
5.232534601e-09
5.192113996e-09
5.153625835e-09
5.116974735e-09
5.082070047e-09
5.048825319e-09
5.017157696e-09
4.986987263e-09
4.958236292e-09
4.930828388e-09
4.904687512e-09
4.879736882e-09
4.855897737e-09
4.833087988e-09
4.81122076e-09
4.790202869e-09
4.769933278e-09
4.7503016e-09
4.731186719e-09
4.712455625e-09
4.693962569e-09
4.675548665e-09
4.657042009e-09
4.638258465e-09
4.61900322e-09
4.5990732e-09
4.578260445e-09
4.556356515e-09
4.533158018e-09
4.508473357e-09
4.482130832e-09
4.453988376e-09
4.4239454e-09
4.391957648e-09
4.358056691e-09
4.322376582e-09
4.285190303e-09
4.246951199e-09
4.208285722e-09
4.169630703e-09
4.129000383e-09
4.085255246e-09
4.042160034e-09
4.0035811e-09
3.972209881e-09
3.950380758e-09
3.940347276e-09
3.944326893e-09
3.964452487e-09
4.002704935e-09
4.060877124e-09
4.140620979e-09
4.243732e-09
4.373421733e-09
4.540157536e-09
4.788497499e-09
5.150028315e-09
5.579179059e-09
6.054214356e-09
6.573443749e-09
7.13649768e-09
7.742229491e-09
8.387761161e-09
9.067917553e-09
9.774947448e-09
1.049861666e-08
1.122676124e-08
1.194630173e-08
1.264459282e-08
1.331088518e-08
1.393771706e-08
1.452243734e-08
1.507029736e-08
1.560447125e-08
1.610917416e-08
1.658396229e-08
1.703670969e-08
1.747618193e-08
1.790967968e-08
1.834348829e-08
1.876821301e-08
1.917090484e-08
1.954277187e-08
1.988128056e-08
2.019045109e-08
2.047903961e-08
2.075757555e-08
2.103559761e-08
2.131992316e-08
2.161406499e-08
2.191846984e-08
2.22311674e-08
2.254853233e-08
2.286600817e-08
2.317872983e-08
2.348200536e-08
2.377161569e-08
2.404390433e-08
2.429553767e-08
2.452401673e-08
2.472847931e-08
2.490918526e-08
2.50670337e-08
2.520328057e-08
2.531935874e-08
2.541670107e-08
2.549671974e-08
2.556081642e-08
2.561036425e-08
2.5646646e-08
2.567085777e-08
2.568410557e-08
2.568740593e-08
2.568169297e-08
2.566783233e-08
2.56466813e-08
2.561912091e-08
2.558613959e-08
2.55490348e-08
2.550975277e-08
2.546946825e-08
2.542654187e-08
2.538140358e-08
2.533746641e-08
2.53040752e-08
)
;

boundaryField
{
    outlet
    {
        type            inletOutlet;
        inletValue      uniform 0;
        value           nonuniform List<scalar> 10(2.529403673e-08 2.527182376e-08 2.523788093e-08 2.519296521e-08 2.513933718e-08 2.508129681e-08 2.502524025e-08 2.497921027e-08 2.495202922e-08 2.53040752e-08);
    }
    inlet
    {
        type            fixedValue;
        value           uniform 0;
    }
    front
    {
        type            wedge;
    }
    wall
    {
        type            zeroGradient;
    }
    back
    {
        type            wedge;
    }
}


// ************************************************************************* //
