/*--------------------------------*- C++ -*----------------------------------*\
| =========                 |                                                 |
| \\      /  F ield         | OpenFOAM: The Open Source CFD Toolbox           |
|  \\    /   O peration     | Version:  2212                                  |
|   \\  /    A nd           | Website:  www.openfoam.com                      |
|    \\/     M anipulation  |                                                 |
\*---------------------------------------------------------------------------*/
FoamFile
{
    version     2.0;
    format      ascii;
    arch        "LSB;label=32;scalar=64";
    class       volScalarField;
    location    "20.00000000";
    object      I-C4H3_0;
}
// * * * * * * * * * * * * * * * * * * * * * * * * * * * * * * * * * * * * * //

dimensions      [0 0 0 0 0 0 0];

internalField   nonuniform List<scalar> 
3000
(
8.321615697e-23
9.347843355e-23
1.089638935e-22
1.295990286e-22
1.551733248e-22
1.849911983e-22
2.172552517e-22
2.480389659e-22
2.698041951e-22
3.124221927e-22
3.523640273e-22
4.126086518e-22
4.930644337e-22
5.936469186e-22
7.137931533e-22
8.514105435e-22
9.995641905e-22
1.130785679e-21
6.997878712e-22
7.954460294e-22
9.41103388e-22
1.138859691e-21
1.392252366e-21
1.704931059e-21
2.075626393e-21
2.48352044e-21
2.832037053e-21
1.332853442e-21
1.530906809e-21
1.83689964e-21
2.261161863e-21
2.81867677e-21
3.523531658e-21
4.371751522e-21
5.295313298e-21
6.04033621e-21
2.366706286e-21
2.751721641e-21
3.355938147e-21
4.210011819e-21
5.354042551e-21
6.819970287e-21
8.583038632e-21
1.045440799e-20
1.188870987e-20
4.069607847e-21
4.792185124e-21
5.942421075e-21
7.593697955e-21
9.834085238e-21
1.272001367e-20
1.616551386e-20
1.973684847e-20
2.238144995e-20
6.9088179e-21
8.236076202e-21
1.037350316e-20
1.347666158e-20
1.77183514e-20
2.318298944e-20
2.964473744e-20
3.621047875e-20
4.094859589e-20
1.169311741e-20
1.409522305e-20
1.799800883e-20
2.370802289e-20
3.154374524e-20
4.161813812e-20
5.342599645e-20
6.52488511e-20
7.363797591e-20
1.982561073e-20
2.412767735e-20
3.116260019e-20
4.150727969e-20
5.572839456e-20
7.396310421e-20
9.518210875e-20
1.162079208e-19
1.30963454e-19
3.374025398e-20
4.138613846e-20
5.39461542e-20
7.247493986e-20
9.79626584e-20
1.305586389e-19
1.68280845e-19
2.053883769e-19
2.312390366e-19
5.766500202e-20
7.117828062e-20
9.344681829e-20
1.263633903e-19
1.716429581e-19
2.294205577e-19
2.960117595e-19
3.611900139e-19
4.063774723e-19
9.895033584e-20
1.22739134e-19
1.620252925e-19
2.201667314e-19
3.001224624e-19
4.019575426e-19
5.189727395e-19
6.331149322e-19
7.12013344e-19
1.703844992e-19
2.121497698e-19
2.812261596e-19
3.835298778e-19
5.241588881e-19
7.029867457e-19
9.07990597e-19
1.107508424e-18
1.245261692e-18
2.942148839e-19
3.674115029e-19
4.886076134e-19
6.681972383e-19
9.149768481e-19
1.22837379e-18
1.586931644e-18
1.93534498e-18
2.176130326e-18
5.091035401e-19
6.372189942e-19
8.495514472e-19
1.164385071e-18
1.597045921e-18
2.146198521e-18
2.773740684e-18
3.382742383e-18
3.803907227e-18
8.821154181e-19
1.106034146e-18
1.477453992e-18
2.028588247e-18
2.78654696e-18
3.749527866e-18
4.85133188e-18
5.91996886e-18
6.652310998e-18
1.529436404e-18
1.920065135e-18
2.568273784e-18
3.530268935e-18
4.852937924e-18
6.532037253e-18
8.450392005e-18
1.030765799e-17
1.158022147e-17
2.652472054e-18
3.332773708e-18
4.461833849e-18
6.137283966e-18
8.439891204e-18
1.136070731e-17
1.469437652e-17
1.791926811e-17
2.012905928e-17
4.600632326e-18
5.784017542e-18
7.748168675e-18
1.066257257e-17
1.466675437e-17
1.974372566e-17
2.553542587e-17
3.113583905e-17
3.497262673e-17
7.980371048e-18
1.00374128e-17
1.345187742e-17
1.851808031e-17
2.547761477e-17
3.429953447e-17
4.436043347e-17
5.408623686e-17
6.074779945e-17
1.38445101e-17
1.741878764e-17
2.335210696e-17
3.215562778e-17
4.424810441e-17
5.957399233e-17
7.704844592e-17
9.393684751e-17
1.0550222e-16
2.402100023e-17
3.023025386e-17
4.053821709e-17
5.5832575e-17
7.683933726e-17
1.034593938e-16
1.338055165e-16
1.631280169e-16
1.832046719e-16
4.168382213e-17
5.246924965e-17
7.037465964e-17
9.694119339e-17
1.334273689e-16
1.796567701e-16
2.323474798e-16
2.832510534e-16
3.180993741e-16
7.234436733e-17
9.107716871e-17
1.221763417e-16
1.683163301e-16
2.316775417e-16
3.11945666e-16
4.034145792e-16
4.917634191e-16
5.522379531e-16
1.255725399e-16
1.581069291e-16
2.121165226e-16
2.922397911e-16
4.022511169e-16
5.415879033e-16
7.003289432e-16
8.536165289e-16
9.585187738e-16
2.1798395e-16
2.744848413e-16
3.682724868e-16
5.073857613e-16
6.983504291e-16
9.401519628e-16
1.21553722e-15
1.481372803e-15
1.663243753e-15
3.784221253e-16
4.765363412e-16
6.393758679e-16
8.808586282e-16
1.212247052e-15
1.631693339e-15
2.109186054e-15
2.569911595e-15
2.884987875e-15
6.569387898e-16
8.272920571e-16
1.109965756e-15
1.529023565e-15
2.103854513e-15
2.831049133e-15
3.658382101e-15
4.456165389e-15
5.001433137e-15
1.140336773e-15
1.436050796e-15
1.92659227e-15
2.653491135e-15
3.650015494e-15
4.909776326e-15
6.341841131e-15
7.721573681e-15
8.66383752e-15
1.979023945e-15
2.492164595e-15
3.343031066e-15
4.603124382e-15
6.329271462e-15
8.509296429e-15
1.098476772e-14
1.336700398e-14
1.499212084e-14
3.433302872e-15
4.323237678e-15
5.798077818e-15
7.980533875e-15
1.096710225e-14
1.473418601e-14
1.900556197e-14
2.310968976e-14
2.590529924e-14
5.952933145e-15
7.495062577e-15
1.004891589e-14
1.382421976e-14
1.898357319e-14
2.548054775e-14
3.283326578e-14
3.988376801e-14
4.467698882e-14
1.031340115e-14
1.29825516e-14
1.739873257e-14
2.39184897e-14
3.281309162e-14
4.399008108e-14
5.66085233e-14
6.867694361e-14
7.686098931e-14
1.78483383e-14
2.246072347e-14
3.00830918e-14
4.131751398e-14
5.661081704e-14
7.577742836e-14
9.735000786e-14
1.17915315e-13
1.318176552e-13
3.084399585e-14
3.879733021e-14
5.192161767e-14
7.122498331e-14
9.743154345e-14
1.301676755e-13
1.668752831e-13
2.017299807e-13
2.252018665e-13
5.320504507e-14
6.688155057e-14
8.940909221e-14
1.224581892e-13
1.671781916e-13
2.228182194e-13
2.849272388e-13
3.436211089e-13
3.829668531e-13
9.157128835e-14
1.150079936e-13
1.535270437e-13
2.098615335e-13
2.857876872e-13
3.798061913e-13
4.841979425e-13
5.823022148e-13
6.477200436e-13
1.571776384e-13
1.971696362e-13
2.627237326e-13
3.582431021e-13
4.863785724e-13
6.441683364e-13
8.182919453e-13
9.808918295e-13
1.088670757e-12
2.689283996e-13
3.368232692e-13
4.477664699e-13
6.087218505e-13
8.234632109e-13
1.086223339e-12
1.37417168e-12
1.641164477e-12
1.816979314e-12
4.584362623e-13
5.730142244e-13
7.595566888e-13
1.028837016e-12
1.385876027e-12
1.819638259e-12
2.2913331e-12
2.725335799e-12
3.009113283e-12
7.782069794e-13
9.702370196e-13
1.281572089e-12
1.728446122e-12
2.316852114e-12
3.026089693e-12
3.790944228e-12
4.488917375e-12
4.941922464e-12
1.31480389e-12
1.634139223e-12
2.1494389e-12
2.884404652e-12
3.844794222e-12
4.99261025e-12
6.219545403e-12
7.329646126e-12
8.044675777e-12
2.209800868e-12
2.736248128e-12
3.581345061e-12
4.778388653e-12
6.32980859e-12
8.167431707e-12
1.011380075e-11
1.18595257e-11
1.297542174e-11
3.692760467e-12
4.552448578e-12
5.924721369e-12
7.854139555e-12
1.033323385e-11
1.324251847e-11
1.629540472e-11
1.900982621e-11
2.073196108e-11
6.132530371e-12
7.522143688e-12
9.727029346e-12
1.280308086e-11
1.672035702e-11
2.127427861e-11
2.600885851e-11
3.018276527e-11
3.281175668e-11
1.011606256e-11
1.233812336e-11
1.584185302e-11
2.069095582e-11
2.681061501e-11
3.38584859e-11
4.11198095e-11
4.746893052e-11
5.144065829e-11
1.656802059e-11
2.008145985e-11
2.558613655e-11
3.314324129e-11
4.259523884e-11
5.338170658e-11
6.439848963e-11
7.395682839e-11
7.989793317e-11
2.693004108e-11
3.242166386e-11
4.09708021e-11
5.261411838e-11
6.705007771e-11
8.338011657e-11
9.992216314e-11
1.141709618e-10
1.229754979e-10
4.342618471e-11
5.191044068e-11
6.503575155e-11
8.277341813e-11
1.045819993e-10
1.29048345e-10
1.536432883e-10
1.74688494e-10
1.876234272e-10
6.945158484e-11
8.240847542e-11
1.023322648e-10
1.290591506e-10
1.616618236e-10
1.979569965e-10
2.341875209e-10
2.650031547e-10
2.838530758e-10
1.101356197e-10
1.296998707e-10
1.596122656e-10
1.994612597e-10
2.47716578e-10
3.010592534e-10
3.539693077e-10
3.987302989e-10
4.25995335e-10
1.731505449e-10
2.023697435e-10
2.468065281e-10
3.056268745e-10
3.763807555e-10
4.540962975e-10
5.307446636e-10
5.95280862e-10
6.344472826e-10
2.69863381e-10
3.130494483e-10
3.784053459e-10
4.644113332e-10
5.672428284e-10
6.795506589e-10
7.897636723e-10
8.821784046e-10
9.380885534e-10
4.169584303e-10
4.801612766e-10
5.753816269e-10
7.000304201e-10
8.482660542e-10
1.009353674e-09
1.16675059e-09
1.298262988e-09
1.377616732e-09
6.386840274e-10
7.303335261e-10
8.678595808e-10
1.047051281e-09
1.259146424e-09
1.488626245e-09
1.712008637e-09
1.89809489e-09
2.010131383e-09
9.700193744e-10
1.101794595e-09
1.298837062e-09
1.554529644e-09
1.855929986e-09
2.18080753e-09
2.496041352e-09
2.757982724e-09
2.91540693e-09
1.461043532e-09
1.649045455e-09
1.92930371e-09
2.2916944e-09
2.717352126e-09
3.174688416e-09
3.61725103e-09
3.98423007e-09
4.204465485e-09
2.182948212e-09
2.449280816e-09
2.845262184e-09
3.355732464e-09
3.953506405e-09
4.594019316e-09
5.212447592e-09
5.724387351e-09
6.031274136e-09
3.236264459e-09
3.611165384e-09
4.167312998e-09
4.882404706e-09
5.717657299e-09
6.610597959e-09
7.471165165e-09
8.182590436e-09
8.608705662e-09
4.762049003e-09
5.286759994e-09
6.063671384e-09
7.060457718e-09
8.222276617e-09
9.462044508e-09
1.065512589e-08
1.164044469e-08
1.223029236e-08
6.956993934e-09
7.687627213e-09
8.767744799e-09
1.015108955e-08
1.176071753e-08
1.347585472e-08
1.512462484e-08
1.648538342e-08
1.729980013e-08
1.009368517e-08
1.110642726e-08
1.260170984e-08
1.451407664e-08
1.673634166e-08
1.910178783e-08
2.137413954e-08
2.324902187e-08
2.437128201e-08
1.454752062e-08
1.594561816e-08
1.800785966e-08
2.06425488e-08
2.370136257e-08
2.695517139e-08
3.008007586e-08
3.265871614e-08
3.420301574e-08
2.083204959e-08
2.275514423e-08
2.558980289e-08
2.920877225e-08
3.340811708e-08
3.787423758e-08
4.21641924e-08
4.570625709e-08
4.782950465e-08
2.964465867e-08
3.228118881e-08
3.616582794e-08
4.112357566e-08
4.687579838e-08
5.299499913e-08
5.887672623e-08
6.373819833e-08
6.66563511e-08
4.192455025e-08
4.552808061e-08
5.083673648e-08
5.761201462e-08
6.547563302e-08
7.384712806e-08
8.190323198e-08
8.857236583e-08
9.25829242e-08
5.8924604e-08
6.383500327e-08
7.106989543e-08
8.030718144e-08
9.103663726e-08
1.024732995e-07
1.134980198e-07
1.22643908e-07
1.281565494e-07
8.229766967e-08
8.896795622e-08
9.87998012e-08
1.113622579e-07
1.259718541e-07
1.415717358e-07
1.566438551e-07
1.691806063e-07
1.76758076e-07
1.141958699e-07
1.232251382e-07
1.365427085e-07
1.535775238e-07
1.734207122e-07
1.946563586e-07
2.152310612e-07
2.323995143e-07
2.42810275e-07
1.57378453e-07
1.695504704e-07
1.875187166e-07
2.105338261e-07
2.373965312e-07
2.662205209e-07
2.942385837e-07
3.177042326e-07
3.319862223e-07
2.153199062e-07
2.316455793e-07
2.557694105e-07
2.867174185e-07
3.229197809e-07
3.6187948e-07
3.998858547e-07
4.318453839e-07
4.513758574e-07
2.92306034e-07
3.140660363e-07
3.462537818e-07
3.876144621e-07
4.361093953e-07
4.884563021e-07
5.397113114e-07
5.829913392e-07
6.095515303e-07
3.935026654e-07
4.222842609e-07
4.649012492e-07
5.197489326e-07
5.841992321e-07
6.53970232e-07
7.225277979e-07
7.806512126e-07
8.164688637e-07
5.24980483e-07
5.627003297e-07
6.185995671e-07
6.906371342e-07
7.754474634e-07
8.674898235e-07
9.582129193e-07
1.035406796e-06
1.08316279e-06
6.936803772e-07
7.42583338e-07
8.150978243e-07
9.086363166e-07
1.018914224e-06
1.138825813e-06
1.257312518e-06
1.358442035e-06
1.421245582e-06
9.073060614e-07
9.699294865e-07
1.062810449e-06
1.182674116e-06
1.324097012e-06
1.478058282e-06
1.630459587e-06
1.760877461e-06
1.842161185e-06
1.174133803e-06
1.253228434e-06
1.370517386e-06
1.521860596e-06
1.700435964e-06
1.894924624e-06
2.087643986e-06
2.252845906e-06
2.356029925e-06
1.502733767e-06
1.601137437e-06
1.746968891e-06
1.935005958e-06
2.156735444e-06
2.398147466e-06
2.637350308e-06
2.842462403e-06
2.970744848e-06
1.901606475e-06
2.022075539e-06
2.200422685e-06
2.430091857e-06
2.70057668e-06
2.994649374e-06
3.285672396e-06
3.535073838e-06
3.691111939e-06
2.37875818e-06
2.523773201e-06
2.738175351e-06
3.013762433e-06
3.337575816e-06
3.688829956e-06
4.035760424e-06
4.332711949e-06
4.518517138e-06
2.941284448e-06
3.112836579e-06
3.36596986e-06
3.690529996e-06
4.070807155e-06
4.482129882e-06
4.887360981e-06
5.233615228e-06
5.450204481e-06
3.594659965e-06
3.793935931e-06
4.087324371e-06
4.46242211e-06
4.90048791e-06
5.372755663e-06
5.836656861e-06
6.232209208e-06
6.479484881e-06
4.342158782e-06
4.569436413e-06
4.903243675e-06
5.328684973e-06
5.82378957e-06
6.355629922e-06
6.876357661e-06
7.319315058e-06
7.595994028e-06
5.184541663e-06
5.439077356e-06
5.811967944e-06
6.285656854e-06
6.834855208e-06
7.422565039e-06
7.996022593e-06
8.482592784e-06
8.786204386e-06
6.119797724e-06
6.399789867e-06
6.808897553e-06
7.326828757e-06
7.92501225e-06
8.56263107e-06
9.182570177e-06
9.707162639e-06
1.003411186e-05
7.143068449e-06
7.445697565e-06
7.88670145e-06
8.44308251e-06
9.083150312e-06
9.76267053e-06
1.042091446e-05
1.097633571e-05
1.132202196e-05
8.246763066e-06
8.568299699e-06
9.035593405e-06
9.623075594e-06
1.02962193e-05
1.100790433e-05
1.169466481e-05
1.227238624e-05
1.263136525e-05
9.420846272e-06
9.756810479e-06
1.024374082e-05
1.085372885e-05
1.154979745e-05
1.228257509e-05
1.298683422e-05
1.35773089e-05
1.394347939e-05
1.065325752e-05
1.099861078e-05
1.149775911e-05
1.21207683e-05
1.28286812e-05
1.35705838e-05
1.428052017e-05
1.487353232e-05
1.524030054e-05
1.193040994e-05
1.227976094e-05
1.278324185e-05
1.340927356e-05
1.411745272e-05
1.485608219e-05
1.555954447e-05
1.614467656e-05
1.650543498e-05
1.32377171e-05
1.358552577e-05
1.408528135e-05
1.470418988e-05
1.540097677e-05
1.612394097e-05
1.680885737e-05
1.737579365e-05
1.77239739e-05
1.456010421e-05
1.490087303e-05
1.538894827e-05
1.599078352e-05
1.666482886e-05
1.736015334e-05
1.801493377e-05
1.855381291e-05
1.888314202e-05
1.588247054e-05
1.621091541e-05
1.667970353e-05
1.725501562e-05
1.789562565e-05
1.855212091e-05
1.916601984e-05
1.966775758e-05
1.997248036e-05
1.719007593e-05
1.750126861e-05
1.794371307e-05
1.84837987e-05
1.908120867e-05
1.968875102e-05
2.02521376e-05
2.07086646e-05
2.098372998e-05
1.8468815e-05
1.875828472e-05
1.916801426e-05
1.966506408e-05
2.021057634e-05
2.076020208e-05
2.12646014e-05
2.166882397e-05
2.190957202e-05
1.970529369e-05
1.996906486e-05
2.034041376e-05
2.078746811e-05
2.127333463e-05
2.17568986e-05
2.219400833e-05
2.253845414e-05
2.273908997e-05
2.088645134e-05
2.112098099e-05
2.144881577e-05
2.183925978e-05
2.225767698e-05
2.266630322e-05
2.302546177e-05
2.330174017e-05
2.345966616e-05
2.19979103e-05
2.2199509e-05
2.247824093e-05
2.280362466e-05
2.314520421e-05
2.347225257e-05
2.375464603e-05
2.396609384e-05
2.408321762e-05
2.301662212e-05
2.318093724e-05
2.340596292e-05
2.366603244e-05
2.393414952e-05
2.418398335e-05
2.439220006e-05
2.45408598e-05
2.461835284e-05
2.39344901e-05
2.4063708e-05
2.423824225e-05
2.443580256e-05
2.4633072e-05
2.480839911e-05
2.49447505e-05
2.50325266e-05
2.507157922e-05
2.475937694e-05
2.485490008e-05
2.498089824e-05
2.511809645e-05
2.5246848e-05
2.535018164e-05
2.541717012e-05
2.544629417e-05
2.544838565e-05
2.54949464e-05
2.555793319e-05
2.563708299e-05
2.571604471e-05
2.577881247e-05
2.581302352e-05
2.581365035e-05
2.578687074e-05
2.575385341e-05
2.614306667e-05
2.617474366e-05
2.620889268e-05
2.623206094e-05
2.623184209e-05
2.620036375e-05
2.613823406e-05
2.605884953e-05
2.599294313e-05
2.670516738e-05
2.670697082e-05
2.669829565e-05
2.666856314e-05
2.660889896e-05
2.651575694e-05
2.639505784e-05
2.626686361e-05
2.617060326e-05
2.71829473e-05
2.715656528e-05
2.710760981e-05
2.702832939e-05
2.691327868e-05
2.676302838e-05
2.658843807e-05
2.641562679e-05
2.629178878e-05
2.757870593e-05
2.752606658e-05
2.743971244e-05
2.731464104e-05
2.714869506e-05
2.694631147e-05
2.672287512e-05
2.650991841e-05
2.6361438e-05
2.789546162e-05
2.781869349e-05
2.769809612e-05
2.753130511e-05
2.731927417e-05
2.707002146e-05
2.680301566e-05
2.655454194e-05
2.638443192e-05
2.81369481e-05
2.803832737e-05
2.78868366e-05
2.768260812e-05
2.742949861e-05
2.713879584e-05
2.683359494e-05
2.655427313e-05
2.636554847e-05
2.83075411e-05
2.818943422e-05
2.801051055e-05
2.77732319e-05
2.748412511e-05
2.715741824e-05
2.681937086e-05
2.651380593e-05
2.630941769e-05
2.841214534e-05
2.827695249e-05
2.807408598e-05
2.780814951e-05
2.748808967e-05
2.713073636e-05
2.676505715e-05
2.643770087e-05
2.622048108e-05
2.84560614e-05
2.830616417e-05
2.808280034e-05
2.779251371e-05
2.744640974e-05
2.706358074e-05
2.667526011e-05
2.633033867e-05
2.610295678e-05
2.844484568e-05
2.82825611e-05
2.80420367e-05
2.773154638e-05
2.736408996e-05
2.696068892e-05
2.655442187e-05
2.619588066e-05
2.596081149e-05
2.838417346e-05
2.821171561e-05
2.795720569e-05
2.763043511e-05
2.724603612e-05
2.682663835e-05
2.640677217e-05
2.603823705e-05
2.57977394e-05
2.827971201e-05
2.809916173e-05
2.783363858e-05
2.749424132e-05
2.709698044e-05
2.666579006e-05
2.623628977e-05
2.586104344e-05
2.561714826e-05
2.81370087e-05
2.795029146e-05
2.76764952e-05
2.732782254e-05
2.692142017e-05
2.648224398e-05
2.604667381e-05
2.56676454e-05
2.54221523e-05
2.796139722e-05
2.777026858e-05
2.749068857e-05
2.713577038e-05
2.672357021e-05
2.627980638e-05
2.5841325e-05
2.546109094e-05
2.521557126e-05
2.775792316e-05
2.756396098e-05
2.728082689e-05
2.692236412e-05
2.650732955e-05
2.606196965e-05
2.562333625e-05
2.524412936e-05
2.499993463e-05
2.753128934e-05
2.733589238e-05
2.705117391e-05
2.669154096e-05
2.627626112e-05
2.583190001e-05
2.539548971e-05
2.501921633e-05
2.477749101e-05
2.728581952e-05
2.709021042e-05
2.680562295e-05
2.644687724e-05
2.603358153e-05
2.559243715e-05
2.516026311e-05
2.478852457e-05
2.455022117e-05
2.702543702e-05
2.683066916e-05
2.654768499e-05
2.619158307e-05
2.578216222e-05
2.534610046e-05
2.491984062e-05
2.455395796e-05
2.431985394e-05
2.675365846e-05
2.656062585e-05
2.628048944e-05
2.592850749e-05
2.552453858e-05
2.509510173e-05
2.467612818e-05
2.431716866e-05
2.408788405e-05
2.64735992e-05
2.628304827e-05
2.600679392e-05
2.566015082e-05
2.526292493e-05
2.484136209e-05
2.443077186e-05
2.407957607e-05
2.385559123e-05
2.618798759e-05
2.600053023e-05
2.572900129e-05
2.538868323e-05
2.499923422e-05
2.458653247e-05
2.418517834e-05
2.384238699e-05
2.362405986e-05
2.589918621e-05
2.57153133e-05
2.544918192e-05
2.511596738e-05
2.47351007e-05
2.433201587e-05
2.394053644e-05
2.360661607e-05
2.339419866e-05
2.560921762e-05
2.542931257e-05
2.516909939e-05
2.484358375e-05
2.447190453e-05
2.407899075e-05
2.369783901e-05
2.33731062e-05
2.316675983e-05
2.531979297e-05
2.514414496e-05
2.489023807e-05
2.457285722e-05
2.421079691e-05
2.382843447e-05
2.345790439e-05
2.314254811e-05
2.294235745e-05
2.503234207e-05
2.486115852e-05
2.461383143e-05
2.430488387e-05
2.395272509e-05
2.358114616e-05
2.322139712e-05
2.291549907e-05
2.272148481e-05
2.474804341e-05
2.458146171e-05
2.434088998e-05
2.404055728e-05
2.369845662e-05
2.333776866e-05
2.298884749e-05
2.269240031e-05
2.250453042e-05
2.446785362e-05
2.43059518e-05
2.407222825e-05
2.378059361e-05
2.344860217e-05
2.309880897e-05
2.27606696e-05
2.247359305e-05
2.229179273e-05
2.41925354e-05
2.40353418e-05
2.380849019e-05
2.35255551e-05
2.320363685e-05
2.286465718e-05
2.253717802e-05
2.225933314e-05
2.208349346e-05
2.392268362e-05
2.377018548e-05
2.355017273e-05
2.327587168e-05
2.29639197e-05
2.263560367e-05
2.231860272e-05
2.204980412e-05
2.18797895e-05
2.365874928e-05
2.35109004e-05
2.329764724e-05
2.303186069e-05
2.272971126e-05
2.241185454e-05
2.210510248e-05
2.18451289e-05
2.16807835e-05
2.340106122e-05
2.325778854e-05
2.30511789e-05
2.27937445e-05
2.250118932e-05
2.219354537e-05
2.189677675e-05
2.164538005e-05
2.148653317e-05
2.314984551e-05
2.301105489e-05
2.281094391e-05
2.256166612e-05
2.227846279e-05
2.198075327e-05
2.169367598e-05
2.145058872e-05
2.129705935e-05
2.290524264e-05
2.277082375e-05
2.257704464e-05
2.233570299e-05
2.206158385e-05
2.177350745e-05
2.149581068e-05
2.126075247e-05
2.111235302e-05
2.266732253e-05
2.253715302e-05
2.23495229e-05
2.211587886e-05
2.185055846e-05
2.157179822e-05
2.130315914e-05
2.107584182e-05
2.093238125e-05
2.243609757e-05
2.231004655e-05
2.212837133e-05
2.190217414e-05
2.164535543e-05
2.137558484e-05
2.1115674e-05
2.089580598e-05
2.075709232e-05
2.22115338e-05
2.208946481e-05
2.191354321e-05
2.169453465e-05
2.14459141e-05
2.118480209e-05
2.093328788e-05
2.072057759e-05
2.05864199e-05
2.199356051e-05
2.187533386e-05
2.170496074e-05
2.149287906e-05
2.125215081e-05
2.09993658e-05
2.075591801e-05
2.055007663e-05
2.042028667e-05
2.178207825e-05
2.1667553e-05
2.150252208e-05
2.129710517e-05
2.106396437e-05
2.081917747e-05
2.058347014e-05
2.038421377e-05
2.02586072e-05
2.157696562e-05
2.146600115e-05
2.130610716e-05
2.110709506e-05
2.088124053e-05
2.064412809e-05
2.041584166e-05
2.022289302e-05
2.010129033e-05
2.137808485e-05
2.127054211e-05
2.11155825e-05
2.092271941e-05
2.070385568e-05
2.047410123e-05
2.025292425e-05
2.006601386e-05
1.994824106e-05
2.118528645e-05
2.108102893e-05
2.093080517e-05
2.074384094e-05
2.053167983e-05
2.030897553e-05
2.009460587e-05
1.991347297e-05
1.979936208e-05
2.099841291e-05
2.089730735e-05
2.075162597e-05
2.057031726e-05
2.036457903e-05
2.014862674e-05
1.994077242e-05
1.976516559e-05
1.965455494e-05
2.081730173e-05
2.071921871e-05
2.057789199e-05
2.040200308e-05
2.020241721e-05
1.999292921e-05
1.9791309e-05
1.96209865e-05
1.951372091e-05
2.064178783e-05
2.054660211e-05
2.04094486e-05
2.023875194e-05
2.004505772e-05
1.984175712e-05
1.964610085e-05
1.948083081e-05
1.937676166e-05
2.04717054e-05
2.037929619e-05
2.024614105e-05
2.008041759e-05
1.989236438e-05
1.969498537e-05
1.950503406e-05
1.934459452e-05
1.92435797e-05
2.030688934e-05
2.021714044e-05
2.008781558e-05
1.992685497e-05
1.974420234e-05
1.955249025e-05
1.936799605e-05
1.921217487e-05
1.911407872e-05
2.01471763e-05
2.005997618e-05
1.993432035e-05
1.977792094e-05
1.960043863e-05
1.941414984e-05
1.923487592e-05
1.908347059e-05
1.898816373e-05
1.999240554e-05
1.99076473e-05
1.978550604e-05
1.963347483e-05
1.946094262e-05
1.927984434e-05
1.910556463e-05
1.895838203e-05
1.88657412e-05
1.984241936e-05
1.976000069e-05
1.964122626e-05
1.949337871e-05
1.932558622e-05
1.914945623e-05
1.897995512e-05
1.883681122e-05
1.874671906e-05
1.969706355e-05
1.961688663e-05
1.950133779e-05
1.935749764e-05
1.919424403e-05
1.902287036e-05
1.885794232e-05
1.871866184e-05
1.863100667e-05
1.955618754e-05
1.94781589e-05
1.936570077e-05
1.922569974e-05
1.906679338e-05
1.889997391e-05
1.873942313e-05
1.860383922e-05
1.851851478e-05
1.941964451e-05
1.934367489e-05
1.923417869e-05
1.909785619e-05
1.894311433e-05
1.878065641e-05
1.862429636e-05
1.849225018e-05
1.84091554e-05
1.928729139e-05
1.921329557e-05
1.91066384e-05
1.897384122e-05
1.882308957e-05
1.866480959e-05
1.851246262e-05
1.8383803e-05
1.830284177e-05
1.91589888e-05
1.908688544e-05
1.898295e-05
1.885353199e-05
1.870660437e-05
1.855232735e-05
1.840382426e-05
1.827840731e-05
1.819948819e-05
1.903460097e-05
1.896431241e-05
1.886298677e-05
1.873680849e-05
1.859354642e-05
1.844310559e-05
1.829828522e-05
1.817597399e-05
1.809901001e-05
1.891399559e-05
1.88454477e-05
1.874662502e-05
1.862355343e-05
1.848380578e-05
1.833704217e-05
1.819575098e-05
1.807641505e-05
1.800132348e-05
1.879704369e-05
1.87301657e-05
1.863374398e-05
1.851365212e-05
1.837727471e-05
1.823403673e-05
1.809612841e-05
1.797964363e-05
1.790634572e-05
1.868361951e-05
1.86183438e-05
1.852422565e-05
1.840699232e-05
1.827384757e-05
1.813399067e-05
1.799932576e-05
1.788557384e-05
1.781399465e-05
1.857360032e-05
1.85098623e-05
1.84179547e-05
1.830346416e-05
1.817342076e-05
1.803680702e-05
1.790525256e-05
1.779412079e-05
1.772418895e-05
1.846686633e-05
1.840460427e-05
1.831481832e-05
1.820296002e-05
1.807589259e-05
1.79423904e-05
1.781381957e-05
1.770520055e-05
1.763684809e-05
1.836330054e-05
1.830245541e-05
1.821470616e-05
1.810537447e-05
1.798116324e-05
1.785064696e-05
1.772493877e-05
1.761873008e-05
1.755189226e-05
1.826278864e-05
1.820330401e-05
1.811751021e-05
1.801060416e-05
1.788913473e-05
1.776148435e-05
1.763852334e-05
1.75346273e-05
1.746924241e-05
1.816521894e-05
1.810704081e-05
1.802312477e-05
1.791854782e-05
1.779971081e-05
1.767481174e-05
1.755448766e-05
1.745281111e-05
1.738882032e-05
1.807048228e-05
1.801355897e-05
1.793144634e-05
1.782910615e-05
1.771279703e-05
1.759053974e-05
1.747274734e-05
1.737320136e-05
1.731054859e-05
1.797847195e-05
1.7922754e-05
1.784237363e-05
1.774218188e-05
1.762830068e-05
1.75085805e-05
1.739321924e-05
1.729571898e-05
1.723435073e-05
1.788908367e-05
1.783452372e-05
1.775580753e-05
1.765767969e-05
1.754613079e-05
1.742884769e-05
1.731582153e-05
1.722028598e-05
1.716015123e-05
1.780221555e-05
1.774876825e-05
1.767165105e-05
1.757550625e-05
1.74661982e-05
1.735125653e-05
1.724047372e-05
1.714682555e-05
1.708787563e-05
1.771776803e-05
1.766538996e-05
1.758980935e-05
1.749557018e-05
1.738841551e-05
1.727572384e-05
1.716709673e-05
1.707526211e-05
1.70174506e-05
1.763564385e-05
1.758429345e-05
1.751018968e-05
1.741778208e-05
1.731269712e-05
1.720216806e-05
1.709561293e-05
1.700552141e-05
1.694880401e-05
1.755574802e-05
1.750538546e-05
1.743270137e-05
1.734205449e-05
1.723895925e-05
1.71305093e-05
1.702594619e-05
1.693753052e-05
1.688186502e-05
1.747798768e-05
1.742857488e-05
1.735725576e-05
1.726830184e-05
1.716711985e-05
1.706066923e-05
1.695802184e-05
1.687121789e-05
1.681656406e-05
1.740227202e-05
1.735377252e-05
1.728376604e-05
1.71964403e-05
1.709709852e-05
1.699257108e-05
1.689176662e-05
1.68065133e-05
1.675283282e-05
1.732851196e-05
1.728089089e-05
1.721214704e-05
1.712638759e-05
1.702881627e-05
1.692613938e-05
1.682710848e-05
1.674334761e-05
1.669060406e-05
1.725661985e-05
1.720984388e-05
1.714231484e-05
1.705806256e-05
1.696219516e-05
1.686129957e-05
1.67639762e-05
1.668165245e-05
1.662981123e-05
1.718650881e-05
1.714054605e-05
1.707418614e-05
1.699138457e-05
1.689715761e-05
1.679797736e-05
1.670229869e-05
1.662135954e-05
1.657038784e-05
1.711809189e-05
1.707291182e-05
1.700767732e-05
1.692627253e-05
1.68336254e-05
1.673609764e-05
1.664200394e-05
1.656239952e-05
1.651226628e-05
1.705128072e-05
1.700685405e-05
1.694270304e-05
1.686264334e-05
1.677151812e-05
1.667558287e-05
1.658301726e-05
1.650470025e-05
1.645537606e-05
1.698598364e-05
1.69422821e-05
1.687917418e-05
1.680040984e-05
1.671075085e-05
1.661635062e-05
1.652525875e-05
1.644818408e-05
1.639964108e-05
1.69221031e-05
1.687909917e-05
1.681699501e-05
1.673947769e-05
1.665123093e-05
1.65583101e-05
1.64686396e-05
1.639276405e-05
1.634497566e-05
1.685953208e-05
1.681719852e-05
1.675605924e-05
1.667974119e-05
1.659285344e-05
1.650135734e-05
1.641305692e-05
1.633833842e-05
1.629127893e-05
1.67981493e-05
1.675645854e-05
1.669624479e-05
1.662107771e-05
1.653549517e-05
1.644536866e-05
1.63583868e-05
1.628478329e-05
1.623842725e-05
1.67378131e-05
1.669673632e-05
1.663740695e-05
1.656334029e-05
1.647900665e-05
1.63901921e-05
1.630447504e-05
1.623194288e-05
1.618626408e-05
1.667835353e-05
1.663785943e-05
1.657936964e-05
1.65063483e-05
1.642320208e-05
1.633563642e-05
1.62511254e-05
1.6179617e-05
1.613458703e-05
1.661956254e-05
1.657961567e-05
1.652191462e-05
1.644987581e-05
1.636784666e-05
1.628145755e-05
1.619808495e-05
1.61275455e-05
1.608313173e-05
1.656118215e-05
1.652174074e-05
1.646476831e-05
1.639363745e-05
1.631264143e-05
1.622734203e-05
1.614502627e-05
1.607538942e-05
1.60315523e-05
1.650289034e-05
1.646390353e-05
1.640758626e-05
1.633727182e-05
1.625720525e-05
1.617288762e-05
1.609152669e-05
1.602270893e-05
1.59793984e-05
1.644428471e-05
1.640568918e-05
1.634993526e-05
1.628032228e-05
1.620105422e-05
1.611758118e-05
1.603704449e-05
1.596893815e-05
1.592608925e-05
1.638486415e-05
1.634658002e-05
1.629127326e-05
1.622221563e-05
1.614357884e-05
1.60607741e-05
1.598089272e-05
1.591335756e-05
1.587088499e-05
1.632400869e-05
1.628593471e-05
1.623092754e-05
1.616223903e-05
1.608401937e-05
1.600165612e-05
1.592221144e-05
1.585506477e-05
1.581285665e-05
1.62609581e-05
1.622296629e-05
1.616807177e-05
1.609951584e-05
1.602144043e-05
1.593922842e-05
1.585993938e-05
1.5792945e-05
1.575085572e-05
1.619479003e-05
1.615671975e-05
1.610170286e-05
1.603298159e-05
1.595470585e-05
1.587227742e-05
1.579278666e-05
1.572564291e-05
1.568348547e-05
1.612439856e-05
1.608605023e-05
1.603061877e-05
1.596136119e-05
1.588245532e-05
1.579935091e-05
1.571921045e-05
1.565153783e-05
1.560907596e-05
1.604847446e-05
1.600960325e-05
1.595339858e-05
1.588314907e-05
1.580308467e-05
1.571873844e-05
1.563739572e-05
1.556872492e-05
1.552566534e-05
1.596548852e-05
1.592579829e-05
1.58683866e-05
1.579659401e-05
1.571473163e-05
1.562845842e-05
1.554524358e-05
1.547500474e-05
1.543099047e-05
1.587367972e-05
1.583281775e-05
1.577368247e-05
1.56996907e-05
1.561526939e-05
1.552625404e-05
1.544036999e-05
1.53678844e-05
1.532248957e-05
1.577104985e-05
1.572860276e-05
1.566713896e-05
1.559018034e-05
1.550231062e-05
1.540960103e-05
1.532011739e-05
1.524459299e-05
1.519732028e-05
1.565536646e-05
1.561085813e-05
1.554636976e-05
1.546556224e-05
1.537322374e-05
1.527572956e-05
1.518158239e-05
1.510211445e-05
1.505239599e-05
1.552417642e-05
1.547706835e-05
1.540876937e-05
1.532311888e-05
1.522516433e-05
1.512166268e-05
1.502166176e-05
1.493724028e-05
1.488444307e-05
1.537483176e-05
1.532452675e-05
1.525154719e-05
1.515995644e-05
1.505512353e-05
1.494427374e-05
1.483711888e-05
1.474664434e-05
1.469008117e-05
1.520452984e-05
1.515037964e-05
1.507177761e-05
1.497306278e-05
1.485999545e-05
1.474036415e-05
1.462467232e-05
1.452698093e-05
1.446592764e-05
1.501036954e-05
1.495168716e-05
1.486646779e-05
1.475938417e-05
1.463666461e-05
1.450676279e-05
1.43811072e-05
1.427500675e-05
1.420872631e-05
1.478942484e-05
1.472550207e-05
1.463264418e-05
1.45159218e-05
1.438211421e-05
1.424044698e-05
1.410340886e-05
1.398772551e-05
1.391549914e-05
1.453883677e-05
1.44689673e-05
1.436745838e-05
1.423984814e-05
1.409355458e-05
1.393868398e-05
1.378891693e-05
1.366255271e-05
1.35837177e-05
1.425592394e-05
1.417943235e-05
1.406831183e-05
1.392864211e-05
1.376857038e-05
1.359919049e-05
1.343549653e-05
1.329749623e-05
1.321148926e-05
1.393831108e-05
1.38545873e-05
1.373299792e-05
1.358024096e-05
1.340528306e-05
1.32203058e-05
1.304172077e-05
1.289134587e-05
1.27977502e-05
1.358407345e-05
1.349261236e-05
1.335985836e-05
1.319320469e-05
1.300252368e-05
1.280117203e-05
1.260705666e-05
1.244386256e-05
1.234245615e-05
1.319189367e-05
1.309233825e-05
1.294794848e-05
1.276688651e-05
1.256000755e-05
1.234191111e-05
1.213204176e-05
1.195595226e-05
1.184675266e-05
1.276122439e-05
1.265341061e-05
1.249720303e-05
1.230159858e-05
1.207849718e-05
1.184378089e-05
1.161842888e-05
1.14297962e-05
1.131309348e-05
1.229244679e-05
1.217644624e-05
1.200858765e-05
1.179875444e-05
1.155992903e-05
1.130927665e-05
1.106925136e-05
1.086887144e-05
1.074522274e-05
1.178700753e-05
1.166316135e-05
1.148421138e-05
1.126095565e-05
1.100745921e-05
1.074211342e-05
1.048871059e-05
1.027770246e-05
1.01477774e-05
1.124750427e-05
1.111643633e-05
1.092735554e-05
1.069196516e-05
1.042535463e-05
1.014698696e-05
9.881740824e-06
9.661053882e-06
9.525457697e-06
1.067766128e-05
1.054025062e-05
1.034233582e-05
1.009646458e-05
9.818630579e-06
9.529001389e-06
9.254121345e-06
9.026793199e-06
8.88774308e-06
1.008207072e-05
9.939361273e-06
9.734034892e-06
9.479357284e-06
9.192666461e-06
8.895582544e-06
8.614974016e-06
8.383917978e-06
8.243152953e-06
9.465403401e-06
9.318543136e-06
9.107921533e-06
8.847869724e-06
8.556310822e-06
8.255468112e-06
7.972523047e-06
7.74051697e-06
7.599726721e-06
8.834886527e-06
8.685944168e-06
8.472866383e-06
8.210601513e-06
7.917636677e-06
7.616557068e-06
7.334571731e-06
7.104312082e-06
6.96512934e-06
8.199051993e-06
8.049785719e-06
7.836727597e-06
7.575269977e-06
7.284248317e-06
6.986350738e-06
6.708505582e-06
6.482565076e-06
6.346522923e-06
7.565471115e-06
7.417563938e-06
7.206913417e-06
6.949175881e-06
6.663312493e-06
6.371849267e-06
6.101127224e-06
5.881869872e-06
5.750309e-06
6.941294249e-06
6.796353509e-06
6.590381376e-06
6.33910916e-06
6.061396747e-06
5.779350064e-06
5.518445889e-06
5.307997251e-06
5.182202846e-06
6.333186772e-06
6.192697754e-06
5.993482096e-06
5.751152152e-06
5.484242979e-06
5.214200305e-06
4.965395874e-06
4.76550225e-06
4.646464834e-06
5.747139956e-06
5.612404741e-06
5.421744018e-06
5.190461756e-06
4.93655981e-06
4.680614193e-06
4.445698955e-06
4.257682072e-06
4.146120803e-06
5.188249472e-06
5.060332399e-06
4.879673153e-06
4.661093827e-06
4.421881708e-06
4.1815744e-06
3.961810585e-06
3.78655785e-06
3.682930918e-06
4.660533242e-06
4.540226172e-06
4.370621144e-06
4.165911093e-06
3.942523454e-06
3.718835316e-06
3.514968469e-06
3.352959808e-06
3.257508136e-06
4.166833768e-06
4.054647445e-06
3.8967513e-06
3.706595635e-06
3.499644685e-06
3.293041413e-06
3.105359368e-06
2.956714434e-06
2.869422321e-06
3.708823802e-06
3.605006809e-06
3.45911132e-06
3.283771319e-06
3.093432938e-06
2.903988466e-06
2.732496403e-06
2.59721712e-06
2.518098316e-06
3.287113301e-06
3.191697277e-06
3.057804656e-06
2.897224185e-06
2.723384785e-06
2.550983188e-06
2.395716531e-06
2.274261531e-06
2.204020077e-06
2.9014467e-06
2.814315757e-06
2.692247685e-06
2.5462032e-06
2.38864689e-06
2.233152112e-06
2.094335543e-06
1.985902597e-06
1.922975818e-06
2.550991051e-06
2.471973829e-06
2.361519212e-06
2.22981972e-06
2.088541479e-06
1.94975025e-06
1.825418217e-06
1.728145034e-06
1.67171881e-06
2.234758951e-06
2.163728531e-06
2.064842738e-06
1.947435766e-06
1.821265987e-06
1.696935725e-06
1.585518621e-06
1.498427895e-06
1.447940628e-06
1.952336856e-06
1.889163315e-06
1.801007029e-06
1.696011993e-06
1.583099577e-06
1.471922936e-06
1.372376315e-06
1.294679383e-06
1.249704872e-06
1.701139768e-06
1.644729026e-06
1.565956053e-06
1.472189239e-06
1.371486594e-06
1.272453684e-06
1.183931771e-06
1.114977597e-06
1.075142056e-06
1.477436426e-06
1.427185588e-06
1.357086473e-06
1.273700298e-06
1.184288329e-06
1.096525696e-06
1.018248929e-06
9.574157238e-07
9.22349514e-07
1.278919555e-06
1.234357686e-06
1.172261793e-06
1.098494314e-06
1.019541158e-06
9.422115378e-07
8.734034768e-07
8.200590976e-07
7.893810898e-07
1.103552753e-06
1.064249557e-06
1.009543684e-06
9.446546366e-07
8.753375094e-07
8.075961907e-07
7.474643626e-07
7.009604109e-07
6.742788016e-07
9.494504306e-07
9.149807091e-07
8.670569708e-07
8.103003943e-07
7.49786004e-07
6.907758066e-07
6.385169574e-07
5.981982279e-07
5.751184029e-07
8.147627677e-07
7.846979786e-07
7.429442246e-07
6.935685889e-07
6.410198485e-07
5.898837645e-07
5.446994886e-07
5.099186801e-07
4.900528673e-07
6.976527803e-07
6.715651314e-07
6.353722369e-07
5.926328055e-07
5.472248903e-07
5.031240841e-07
4.642383952e-07
4.343706237e-07
4.173466582e-07
5.963146525e-07
5.73785355e-07
5.425592537e-07
5.057333345e-07
4.666706947e-07
4.28801541e-07
3.954761312e-07
3.69930726e-07
3.55398819e-07
5.090049118e-07
4.896324341e-07
4.62805584e-07
4.312060466e-07
3.977365604e-07
3.653439997e-07
3.368895549e-07
3.151183727e-07
3.027556774e-07
4.340722487e-07
4.174788906e-07
3.945191463e-07
3.675044654e-07
3.38929482e-07
3.113160331e-07
2.870994733e-07
2.686019609e-07
2.581152592e-07
3.699802098e-07
3.558165497e-07
3.362329976e-07
3.132135925e-07
2.888939392e-07
2.654247434e-07
2.448730097e-07
2.291988226e-07
2.20326325e-07
3.153213689e-07
3.032687239e-07
2.86614763e-07
2.670560987e-07
2.464146884e-07
2.265193312e-07
2.091204888e-07
1.958705625e-07
1.883829879e-07
2.688237176e-07
2.585949842e-07
2.444691963e-07
2.278923334e-07
2.104141243e-07
1.935858569e-07
1.788874636e-07
1.677082967e-07
1.6139443e-07
2.293508431e-07
2.206901314e-07
2.087355243e-07
1.947158336e-07
1.799459533e-07
1.657392961e-07
1.533424603e-07
1.439181244e-07
1.385983533e-07
1.958976211e-07
1.885790648e-07
1.784812136e-07
1.666458996e-07
1.541866556e-07
1.422097578e-07
1.317618292e-07
1.238227058e-07
1.193433406e-07
1.675830361e-07
1.61409144e-07
1.528935865e-07
1.429185666e-07
1.324198149e-07
1.223290721e-07
1.13529214e-07
1.068447226e-07
1.03074427e-07
1.436415868e-07
1.384419422e-07
1.312703315e-07
1.228683993e-07
1.140260663e-07
1.055288184e-07
9.81201332e-08
9.249356824e-08
8.932076541e-08
1.234130971e-07
1.190352154e-07
1.129971263e-07
1.059232299e-07
9.847898194e-08
9.132576051e-08
8.508932527e-08
8.035341626e-08
7.768291626e-08
1.063182192e-07
1.026335694e-07
9.755152973e-08
9.159751468e-08
8.533150484e-08
7.931004448e-08
7.405990447e-08
7.007241786e-08
6.78234835e-08
9.186748389e-08
8.876702863e-08
8.449038806e-08
7.947933806e-08
7.420480311e-08
6.913507422e-08
6.471348948e-08
6.135410787e-08
5.945884313e-08
7.964602124e-08
7.703718629e-08
7.343808438e-08
6.921995497e-08
6.477874443e-08
6.050826537e-08
5.678197073e-08
5.394962577e-08
5.235099177e-08
6.93023931e-08
6.710674509e-08
6.407693984e-08
6.052489457e-08
5.678316621e-08
5.31832662e-08
5.004043426e-08
4.765030165e-08
4.630039734e-08
6.053955566e-08
5.86908788e-08
5.61389922e-08
5.314566129e-08
4.999066559e-08
4.695349376e-08
4.430036069e-08
4.228124226e-08
4.11398533e-08
5.310708279e-08
5.154928267e-08
4.939799759e-08
4.687324759e-08
4.4210615e-08
4.16458393e-08
3.940375621e-08
3.76958771e-08
3.672926545e-08
4.6793297e-08
4.54793328e-08
4.36640447e-08
4.153254735e-08
3.928332594e-08
3.71152348e-08
3.521818427e-08
3.377137124e-08
3.295126383e-08
4.14207287e-08
4.03113611e-08
3.877814256e-08
3.697693381e-08
3.507499629e-08
3.324005669e-08
3.163260869e-08
3.040478211e-08
2.970751764e-08
3.684092318e-08
3.590341473e-08
3.460720713e-08
3.308356885e-08
3.147343558e-08
2.991829179e-08
2.855392542e-08
2.750983603e-08
2.691563857e-08
3.292970248e-08
3.213668281e-08
3.103974721e-08
2.974944248e-08
2.838450759e-08
2.706435129e-08
2.590406062e-08
2.501421801e-08
2.450657614e-08
2.958308042e-08
2.891159502e-08
2.798223967e-08
2.688808736e-08
2.572918606e-08
2.460641424e-08
2.36175328e-08
2.285729054e-08
2.242242729e-08
2.671382575e-08
2.614457188e-08
2.535613751e-08
2.442687116e-08
2.344110993e-08
2.248420087e-08
2.163940056e-08
2.098817463e-08
2.061459689e-08
2.424863688e-08
2.376536239e-08
2.309541603e-08
2.230475798e-08
2.14645404e-08
2.064709952e-08
1.992353546e-08
1.93641388e-08
1.904225629e-08
2.212584506e-08
2.171487067e-08
2.114455185e-08
2.047044394e-08
1.975264556e-08
1.90525905e-08
1.843117193e-08
1.794925045e-08
1.767105438e-08
2.029354013e-08
1.994336779e-08
1.945684291e-08
1.88807943e-08
1.826605768e-08
1.766492307e-08
1.712969514e-08
1.67132525e-08
1.647204427e-08
1.870802162e-08
1.840900358e-08
1.799300073e-08
1.749952944e-08
1.697166206e-08
1.645401011e-08
1.599163561e-08
1.563064149e-08
1.542082116e-08
1.733250207e-08
1.707655639e-08
1.671996571e-08
1.629612086e-08
1.584158387e-08
1.53945086e-08
1.499383514e-08
1.467989746e-08
1.449677995e-08
1.613601337e-08
1.591637916e-08
1.560991068e-08
1.524486696e-08
1.48523461e-08
1.446506292e-08
1.411677229e-08
1.384289001e-08
1.368257065e-08
1.509248327e-08
1.490351171e-08
1.463940569e-08
1.432412346e-08
1.398417368e-08
1.364768409e-08
1.334401235e-08
1.310435596e-08
1.296358728e-08
1.417995808e-08
1.401693681e-08
1.378872226e-08
1.351566755e-08
1.322042445e-08
1.292724805e-08
1.266175802e-08
1.245151433e-08
1.232761605e-08
1.337995221e-08
1.323896069e-08
1.304125868e-08
1.280417908e-08
1.254713438e-08
1.229111604e-08
1.205854459e-08
1.187379963e-08
1.176460882e-08
1.267690685e-08
1.255470059e-08
1.238307141e-08
1.217682791e-08
1.195267523e-08
1.172884328e-08
1.152500484e-08
1.136272031e-08
1.126662548e-08
1.205774587e-08
1.195166728e-08
1.180249296e-08
1.162294044e-08
1.142745576e-08
1.123195214e-08
1.105373233e-08
1.091185147e-08
1.082811206e-08
1.151150076e-08
1.141941398e-08
1.128981572e-08
1.11337058e-08
1.096368212e-08
1.079372482e-08
1.063910083e-08
1.051656424e-08
1.044499915e-08
1.102900832e-08
1.094923998e-08
1.083699988e-08
1.070191284e-08
1.055509783e-08
1.040899298e-08
1.027722237e-08
1.017461451e-08
1.01161779e-08
1.060262639e-08
1.05339148e-08
1.043740106e-08
1.032163532e-08
1.019660363e-08
1.007358494e-08
9.964996069e-09
9.883968761e-09
9.84302687e-09
1.022600389e-08
1.016743189e-08
1.008549245e-08
9.987915136e-09
9.883833934e-09
9.783648812e-09
9.698817884e-09
9.640202681e-09
9.612967222e-09
9.893855653e-09
9.844784133e-09
9.776643629e-09
9.696541281e-09
9.612959842e-09
9.535574957e-09
9.474023753e-09
9.43724903e-09
9.419116963e-09
9.601788114e-09
9.561798214e-09
9.506970553e-09
9.44393746e-09
9.380684597e-09
9.326016137e-09
9.288240717e-09
9.266816964e-09
9.255032614e-09
9.346181017e-09
9.315031469e-09
9.273253042e-09
9.227078586e-09
9.18398336e-09
9.15100872e-09
9.133702265e-09
9.122912826e-09
9.115576984e-09
9.124139059e-09
9.101761942e-09
9.073017728e-09
9.043847723e-09
9.020360808e-09
9.009042745e-09
9.00483112e-09
9.001033285e-09
8.996724752e-09
8.933507959e-09
8.920019743e-09
8.904518988e-09
8.891973954e-09
8.888169003e-09
8.892213212e-09
8.896652543e-09
8.897424634e-09
8.895163429e-09
8.773001768e-09
8.768458539e-09
8.765868482e-09
8.769861352e-09
8.781969486e-09
8.795655841e-09
8.805468673e-09
8.809100418e-09
8.808195558e-09
8.641414702e-09
8.64577819e-09
8.656297633e-09
8.674708537e-09
8.69630785e-09
8.715555382e-09
8.728385826e-09
8.733659423e-09
8.733616826e-09
8.53846702e-09
8.552388068e-09
8.573888337e-09
8.60033729e-09
8.626943155e-09
8.648889301e-09
8.663079593e-09
8.669136857e-09
8.66960364e-09
8.465684485e-09
8.485112093e-09
8.511908059e-09
8.542018536e-09
8.570554816e-09
8.593236854e-09
8.607649884e-09
8.613898323e-09
8.614624851e-09
8.414987009e-09
8.436576865e-09
8.465161558e-09
8.496079941e-09
8.524515589e-09
8.546637209e-09
8.560522228e-09
8.566566222e-09
8.567379366e-09
8.379724973e-09
8.401478972e-09
8.429725905e-09
8.459675106e-09
8.486736864e-09
8.507488987e-09
8.520378738e-09
8.525967291e-09
8.526750722e-09
8.35522682e-09
8.375993378e-09
8.402666173e-09
8.430606609e-09
8.455555976e-09
8.474478073e-09
8.486109581e-09
8.49109653e-09
8.491775529e-09
8.338201995e-09
8.357360099e-09
8.38179679e-09
8.407183269e-09
8.429649035e-09
8.446523169e-09
8.456776668e-09
8.461090364e-09
8.461620337e-09
8.326328061e-09
8.343588324e-09
8.365494417e-09
8.388105881e-09
8.407961844e-09
8.422733617e-09
8.431586742e-09
8.435206874e-09
8.435564608e-09
8.317965246e-09
8.333243377e-09
8.352555178e-09
8.372377156e-09
8.389654829e-09
8.402375652e-09
8.409869823e-09
8.412810422e-09
8.41298769e-09
8.311957475e-09
8.325293042e-09
8.342087332e-09
8.359231807e-09
8.374059425e-09
8.384845965e-09
8.391062433e-09
8.393359895e-09
8.393359051e-09
8.307492561e-09
8.318996713e-09
8.333431444e-09
8.348083234e-09
8.360644486e-09
8.369651108e-09
8.374694953e-09
8.37640034e-09
8.376231707e-09
8.30400363e-09
8.313825763e-09
8.326101842e-09
8.338483697e-09
8.3489913e-09
8.35639272e-09
8.36038342e-09
8.361558592e-09
8.361239605e-09
8.301099841e-09
8.309406962e-09
8.319744611e-09
8.330096498e-09
8.338776876e-09
8.344759128e-09
8.347826902e-09
8.34854435e-09
8.348100586e-09
8.298519363e-09
8.305484685e-09
8.31411118e-09
8.322679954e-09
8.329766895e-09
8.33452543e-09
8.336812973e-09
8.337159461e-09
8.336627824e-09
8.296102608e-09
8.301901768e-09
8.309047984e-09
8.316086097e-09
8.321822461e-09
8.325566812e-09
8.327236085e-09
8.327319969e-09
8.326754072e-09
8.293791147e-09
8.298606226e-09
8.304512711e-09
8.310286048e-09
8.314933215e-09
8.317897189e-09
8.319139142e-09
8.319098666e-09
8.318574518e-09
8.291668518e-09
8.29570488e-09
8.300643601e-09
8.305453989e-09
8.309310067e-09
8.311762156e-09
8.312798776e-09
8.312798721e-09
8.312411649e-09
8.29010164e-09
8.293638008e-09
8.297969816e-09
8.302202605e-09
8.30562561e-09
8.307859112e-09
8.308901236e-09
8.309072411e-09
8.308888146e-09
7.848364421e-23
2.939158913e-22
6.556199571e-22
1.242209213e-21
2.192372675e-21
3.745926869e-21
6.319746373e-21
1.06349603e-20
1.794127368e-20
3.040541044e-20
5.178890317e-20
8.862843517e-20
1.522907172e-19
2.625408793e-19
4.53715786e-19
7.853793172e-19
1.360753211e-18
2.358771798e-18
4.089818141e-18
7.092541947e-18
1.230198117e-17
2.134150678e-17
3.702978688e-17
6.426111571e-17
1.11533729e-16
1.936023711e-16
3.360798502e-16
5.834114856e-16
1.01267801e-15
1.757446394e-15
3.048892629e-15
5.286510491e-15
9.159288812e-15
1.585256606e-14
2.739953997e-14
4.727551772e-14
8.139674859e-14
1.397885814e-13
2.393519261e-13
4.084159068e-13
6.941671278e-13
1.174662189e-12
1.978057443e-12
3.31306012e-12
5.516591073e-12
9.127475136e-12
1.49989286e-11
2.446807146e-11
3.960816292e-11
6.35994483e-11
1.012684096e-10
1.598641831e-10
2.501665056e-10
3.880497294e-10
5.96656542e-10
9.094554216e-10
1.374468874e-09
2.060096531e-09
3.063086644e-09
4.519379292e-09
6.618754775e-09
9.624473407e-09
1.389937043e-08
1.994011333e-08
2.842148058e-08
4.025254227e-08
5.664630574e-08
7.920342137e-08
1.100087103e-07
1.517364198e-07
2.077565303e-07
2.822306632e-07
3.801832529e-07
5.075324932e-07
6.710662957e-07
8.78350344e-07
1.137557514e-06
1.457211115e-06
1.845841687e-06
2.311576011e-06
2.861720674e-06
3.502118724e-06
4.236464725e-06
5.065994717e-06
5.98919395e-06
7.001684682e-06
8.096308914e-06
9.263390897e-06
1.049114034e-05
1.176614426e-05
1.307389417e-05
1.439930312e-05
1.572717769e-05
1.704261742e-05
1.833130705e-05
1.957962105e-05
2.077429921e-05
2.190097165e-05
2.293716023e-05
2.387153306e-05
2.471226803e-05
2.546314674e-05
2.612601423e-05
2.670220638e-05
2.719330461e-05
2.760149414e-05
2.792969635e-05
2.818157217e-05
2.836145122e-05
2.847421878e-05
2.852518078e-05
2.851992103e-05
2.846416069e-05
2.836362759e-05
2.82239406e-05
2.805051221e-05
2.784847085e-05
2.762260326e-05
2.737731588e-05
2.711661173e-05
2.684408275e-05
2.656291413e-05
2.627589809e-05
2.598545472e-05
2.569365772e-05
2.540226324e-05
2.511274009e-05
2.482630031e-05
2.454392897e-05
2.426641263e-05
2.399436593e-05
2.3728256e-05
2.346842465e-05
2.321510819e-05
2.296845499e-05
2.272854086e-05
2.249538239e-05
2.226894844e-05
2.204916995e-05
2.183594818e-05
2.162916168e-05
2.142867205e-05
2.123432866e-05
2.104597253e-05
2.086343943e-05
2.068656233e-05
2.051517337e-05
2.034910531e-05
2.018819266e-05
2.003227247e-05
1.988118494e-05
1.973477375e-05
1.959288629e-05
1.945537377e-05
1.932209122e-05
1.919289746e-05
1.906765497e-05
1.894622981e-05
1.882849143e-05
1.871431257e-05
1.86035691e-05
1.849613987e-05
1.839190662e-05
1.829075383e-05
1.819256866e-05
1.809724086e-05
1.800466268e-05
1.791472886e-05
1.782733656e-05
1.774238531e-05
1.7659777e-05
1.757941578e-05
1.750120803e-05
1.742506212e-05
1.735088827e-05
1.727859808e-05
1.720810402e-05
1.713931848e-05
1.707215252e-05
1.7006514e-05
1.694230504e-05
1.687941846e-05
1.681773318e-05
1.675710809e-05
1.66973744e-05
1.6638326e-05
1.657970786e-05
1.652120217e-05
1.646241232e-05
1.640284491e-05
1.634188987e-05
1.62787994e-05
1.621266631e-05
1.614240281e-05
1.60667207e-05
1.598411468e-05
1.589285013e-05
1.579095713e-05
1.567623264e-05
1.554625283e-05
1.539839745e-05
1.522988817e-05
1.503784259e-05
1.481934549e-05
1.457153805e-05
1.429172577e-05
1.397750429e-05
1.36269015e-05
1.323853242e-05
1.28117611e-05
1.23468597e-05
1.184514921e-05
1.130909354e-05
1.074229239e-05
1.014925166e-05
9.534645884e-06
8.905210574e-06
8.269621508e-06
7.635487659e-06
7.009993626e-06
6.399859055e-06
5.81115829e-06
5.249096821e-06
4.717820282e-06
4.220304535e-06
3.75834826e-06
3.332667534e-06
2.94308186e-06
2.588791984e-06
2.268794806e-06
1.982590492e-06
1.728149421e-06
1.501507525e-06
1.300278543e-06
1.12240338e-06
9.65993492e-07
8.292007205e-07
7.101881314e-07
6.071460798e-07
5.183233049e-07
4.420575014e-07
3.767990183e-07
3.211259846e-07
2.737514842e-07
2.335243237e-07
1.994251299e-07
1.705594073e-07
1.461490369e-07
1.255238008e-07
1.080945892e-07
9.336212516e-08
8.090354427e-08
7.036060127e-08
6.143039469e-08
5.385754113e-08
4.742612638e-08
4.195489501e-08
3.729223595e-08
3.331136433e-08
2.990615274e-08
2.698760584e-08
2.448095384e-08
2.232329241e-08
2.046166411e-08
1.885147908e-08
1.745519592e-08
1.624120959e-08
1.518291113e-08
1.425789484e-08
1.344729332e-08
1.2735223e-08
1.210832643e-08
1.155538767e-08
1.106702309e-08
1.063539726e-08
1.025399278e-08
9.91738976e-09
9.621086347e-09
9.361373645e-09
9.135273856e-09
8.940549638e-09
8.775843092e-09
8.640129295e-09
8.532947346e-09
8.456563616e-09
8.404434538e-09
8.368927122e-09
8.344840662e-09
8.328577594e-09
8.3176309e-09
8.3102489e-09
8.305208577e-09
8.301659159e-09
8.299013063e-09
8.296869778e-09
8.294964054e-09
8.293135114e-09
8.291321441e-09
8.289595243e-09
8.288285818e-09
)
;

boundaryField
{
    outlet
    {
        type            inletOutlet;
        inletValue      uniform 0;
        value           nonuniform List<scalar> 10(8.29010164e-09 8.293638008e-09 8.297969816e-09 8.302202605e-09 8.30562561e-09 8.307859112e-09 8.308901236e-09 8.309072411e-09 8.308888146e-09 8.288285818e-09);
    }
    inlet
    {
        type            fixedValue;
        value           uniform 0;
    }
    front
    {
        type            wedge;
    }
    wall
    {
        type            zeroGradient;
    }
    back
    {
        type            wedge;
    }
}


// ************************************************************************* //
