/*--------------------------------*- C++ -*----------------------------------*\
| =========                 |                                                 |
| \\      /  F ield         | OpenFOAM: The Open Source CFD Toolbox           |
|  \\    /   O peration     | Version:  2212                                  |
|   \\  /    A nd           | Website:  www.openfoam.com                      |
|    \\/     M anipulation  |                                                 |
\*---------------------------------------------------------------------------*/
FoamFile
{
    version     2.0;
    format      ascii;
    arch        "LSB;label=32;scalar=64";
    class       volScalarField;
    location    "20.00000000";
    object      SC3H5;
}
// * * * * * * * * * * * * * * * * * * * * * * * * * * * * * * * * * * * * * //

dimensions      [0 0 0 0 0 0 0];

internalField   nonuniform List<scalar> 
3000
(
7.746900668e-23
8.702998795e-23
1.014575561e-22
1.206835021e-22
1.4451187e-22
1.72294586e-22
2.023568061e-22
2.310397957e-22
2.513197579e-22
2.908704811e-22
3.280869905e-22
3.842225542e-22
4.591930939e-22
5.529207443e-22
6.648808083e-22
7.931218956e-22
9.311788434e-22
1.053452633e-21
6.516156738e-22
7.407631306e-22
8.765113297e-22
1.060821287e-21
1.296993252e-21
1.588430379e-21
1.933948564e-21
2.314139743e-21
2.638982806e-21
1.24137511e-21
1.425994128e-21
1.711243215e-21
2.106764186e-21
2.626537655e-21
3.283707847e-21
4.074575284e-21
4.935716352e-21
5.630409177e-21
2.20489422e-21
2.563903788e-21
3.127339659e-21
3.923821693e-21
4.990782945e-21
6.358048705e-21
8.002559265e-21
9.748205184e-21
1.108643431e-20
3.792664496e-21
4.466680245e-21
5.539685797e-21
7.080216648e-21
9.170530561e-21
1.186337607e-20
1.507861332e-20
1.841148942e-20
2.08794245e-20
6.441211985e-21
7.679779731e-21
9.674536382e-21
1.257084148e-20
1.653019403e-20
2.163161945e-20
2.766447141e-20
3.379495227e-20
3.821927484e-20
1.090652757e-20
1.314912956e-20
1.67930889e-20
2.212500255e-20
2.944272329e-20
3.885222727e-20
4.988202527e-20
6.092694275e-20
6.876471321e-20
1.850085906e-20
2.251920162e-20
2.909080758e-20
3.875533872e-20
5.20431394e-20
6.908332376e-20
8.891473795e-20
1.085677535e-19
1.223611157e-19
3.150184709e-20
3.864711415e-20
5.038598234e-20
6.77055948e-20
9.153327509e-20
1.220104499e-19
1.57285252e-19
1.91989318e-19
2.161679088e-19
5.386819556e-20
6.650337486e-20
8.732717922e-20
1.181123128e-19
1.604660189e-19
2.145179997e-19
2.768238366e-19
3.378151226e-19
3.801039315e-19
9.248629126e-20
1.147414384e-19
1.514990414e-19
2.059059236e-19
2.807371743e-19
3.760599416e-19
4.856078862e-19
5.924797874e-19
6.663597377e-19
1.593439632e-19
1.984385287e-19
2.631054234e-19
3.588923739e-19
4.905839243e-19
6.580735606e-19
8.501098286e-19
1.037032535e-18
1.166097154e-18
2.753083225e-19
3.438633682e-19
4.573879139e-19
6.256347667e-19
8.568660839e-19
1.150569997e-18
1.486662185e-18
1.813298948e-18
2.039011688e-18
4.766638422e-19
5.967241884e-19
7.957310762e-19
1.09085124e-18
1.496490421e-18
2.011447381e-18
2.600054487e-18
3.171390503e-18
3.566364821e-18
8.263878801e-19
1.036349007e-18
1.384660086e-18
1.901581246e-18
2.612598918e-18
3.51607131e-18
4.549896573e-18
5.552683445e-18
6.240118168e-18
1.433648769e-18
1.80013998e-18
2.408370435e-18
3.311169927e-18
4.552646651e-18
6.12891626e-18
7.930035914e-18
9.674018775e-18
1.086915871e-17
2.487798365e-18
3.12643283e-18
4.186472536e-18
5.759738418e-18
7.922260416e-18
1.066581848e-17
1.379764029e-17
1.682767169e-17
1.890417431e-17
4.317528123e-18
5.429078322e-18
7.274231024e-18
1.001248078e-17
1.377525061e-17
1.854690072e-17
2.39911182e-17
2.925622338e-17
3.286368012e-17
7.493667128e-18
9.426965248e-18
1.263643285e-17
1.73991972e-17
2.394295949e-17
3.223918815e-17
4.170199863e-17
5.085084857e-17
5.711790126e-17
1.3007775e-17
1.636899802e-17
2.194934945e-17
3.023042026e-17
4.160712024e-17
5.60281779e-17
7.247344513e-17
8.836929209e-17
9.925611197e-17
2.258245227e-17
2.842499944e-17
3.81254186e-17
5.252053599e-17
7.229542583e-17
9.735850331e-17
1.259340516e-16
1.535493874e-16
1.724591931e-16
3.921052546e-17
4.936492703e-17
6.622486705e-17
9.124403909e-17
1.256106997e-16
1.691616561e-16
2.188071027e-16
2.667751132e-16
2.996172981e-16
6.809192215e-17
8.573905879e-17
1.150395602e-16
1.585175905e-16
2.182330366e-16
2.938948327e-16
3.801277172e-16
4.634302633e-16
5.204567691e-16
1.182611577e-16
1.48928016e-16
1.998437575e-16
2.753887696e-16
3.79130899e-16
5.105485456e-16
6.602902697e-16
8.049070003e-16
9.038860206e-16
2.054138503e-16
2.587028887e-16
3.471701381e-16
4.784116305e-16
6.585996609e-16
8.867924045e-16
1.146717947e-15
1.39766333e-15
1.569365683e-15
3.568134293e-16
4.494050703e-16
6.030979225e-16
8.310509091e-16
1.143922706e-15
1.539995417e-15
1.990947615e-15
2.426122366e-15
2.723757307e-15
6.197999127e-16
7.806604602e-16
1.047615461e-15
1.443429695e-15
1.986463667e-15
2.67354237e-15
3.455351845e-15
4.209337209e-15
4.724725523e-15
1.076527662e-15
1.355932008e-15
1.819475e-15
2.50646818e-15
3.448433745e-15
4.63941107e-15
5.993484629e-15
7.298247254e-15
8.189407546e-15
1.869448664e-15
2.354585324e-15
3.159113845e-15
4.350756475e-15
5.983390552e-15
8.045633828e-15
1.03877031e-14
1.264185493e-14
1.41797599e-14
3.245278334e-15
4.087174292e-15
5.482567693e-15
7.547754813e-15
1.037428012e-14
1.394003802e-14
1.798371761e-14
2.18695635e-14
2.451676834e-14
5.630638505e-15
7.090468388e-15
9.508309442e-15
1.308304966e-14
1.79690421e-14
2.412269854e-14
3.108785586e-14
3.776756896e-14
4.230919277e-14
9.761760669e-15
1.229017167e-14
1.647396739e-14
2.265148532e-14
3.108040695e-14
4.167374462e-14
5.363488917e-14
6.507606646e-14
7.283556536e-14
1.690599339e-14
2.127829238e-14
2.850468417e-14
3.915687799e-14
5.365961308e-14
7.183793044e-14
9.230081491e-14
1.118105434e-13
1.250006488e-13
2.923833255e-14
3.678344203e-14
4.923538934e-14
6.755214538e-14
9.242253248e-14
1.234935899e-13
1.583383666e-13
1.914279498e-13
2.137133618e-13
5.04780754e-14
6.346341982e-14
8.485461154e-14
1.162402849e-13
1.587146197e-13
2.115668903e-13
2.705705922e-13
3.263355869e-13
3.637214037e-13
8.695889963e-14
1.092317988e-13
1.458414871e-13
1.993893007e-13
2.715676283e-13
3.609546681e-13
4.602136e-13
5.535025307e-13
6.157146054e-13
1.49415549e-13
1.874614151e-13
2.498308866e-13
3.407189269e-13
4.626536226e-13
6.128210605e-13
7.785465008e-13
9.33315206e-13
1.035910525e-12
2.559452273e-13
3.206138074e-13
4.262939669e-13
5.796279033e-13
7.842186689e-13
1.034576733e-12
1.308950398e-12
1.563369372e-12
1.730913203e-12
4.368764025e-13
5.461627541e-13
7.241053967e-13
9.809950551e-13
1.321632479e-12
1.7354933e-12
2.185563915e-12
2.59968137e-12
2.870464641e-12
7.427016726e-13
9.261654673e-13
1.223642375e-12
1.65067005e-12
2.212993447e-12
2.890831833e-12
3.621844723e-12
4.28893883e-12
4.721903498e-12
1.256872535e-12
1.562558177e-12
2.055901101e-12
2.759655058e-12
3.679377953e-12
4.778688683e-12
5.953824503e-12
7.017059609e-12
7.701888171e-12
2.116199034e-12
2.621302574e-12
3.432316766e-12
4.581369503e-12
6.070940778e-12
7.83563974e-12
9.705001218e-12
1.138174284e-11
1.245352665e-11
3.542946811e-12
4.369983976e-12
5.690631064e-12
7.54829145e-12
9.936288792e-12
1.273987627e-11
1.568289633e-11
1.830026486e-11
1.996097624e-11
5.894581027e-12
7.235450666e-12
9.364339073e-12
1.233673986e-11
1.612542603e-11
2.053398577e-11
2.512157058e-11
2.916901077e-11
3.171964318e-11
9.739573306e-12
1.189065437e-11
1.528597572e-11
1.999152853e-11
2.593992883e-11
3.280358976e-11
3.988967201e-11
4.609838955e-11
4.998928557e-11
1.597092393e-11
1.938310732e-11
2.47377558e-11
3.210543954e-11
4.134719433e-11
5.193140719e-11
6.278783383e-11
7.225338155e-11
7.816758766e-11
2.597352001e-11
3.132175112e-11
3.9667192e-11
5.107191501e-11
6.527767073e-11
8.144582516e-11
9.79546763e-11
1.123201114e-10
1.213079208e-10
4.186851541e-11
5.014609661e-11
6.299209596e-11
8.043498312e-11
1.02026071e-10
1.264755398e-10
1.513685914e-10
1.730317425e-10
1.866312816e-10
6.687077944e-11
7.951508719e-11
9.903378357e-11
1.253748998e-10
1.57788079e-10
1.943124404e-10
2.313486089e-10
2.63375116e-10
2.82994489e-10
1.058198059e-10
1.248795754e-10
1.541462285e-10
1.93397589e-10
2.413838442e-10
2.950534322e-10
3.487396762e-10
3.933132187e-10
4.19851304e-10
1.659870287e-10
1.943461957e-10
2.376478843e-10
2.953040133e-10
3.651044783e-10
4.417649306e-10
5.146349302e-10
5.733476593e-10
6.067673883e-10
2.583186186e-10
2.999838217e-10
3.631486213e-10
4.462947563e-10
5.446768132e-10
6.468472412e-10
7.402846707e-10
8.099688142e-10
8.442001551e-10
3.992392174e-10
4.595874694e-10
5.498928677e-10
6.656006702e-10
7.952516617e-10
9.238633113e-10
1.03049042e-09
1.094192679e-09
1.10920011e-09
6.124260458e-10
6.97713164e-10
8.207693462e-10
9.71955496e-10
1.133642654e-09
1.27827541e-09
1.371529458e-09
1.387992464e-09
1.343523512e-09
9.258838194e-10
1.038859585e-09
1.198534872e-09
1.385417941e-09
1.566294755e-09
1.693566761e-09
1.717974502e-09
1.622672926e-09
1.472301273e-09
1.367973678e-09
1.511249961e-09
1.704634993e-09
1.910480065e-09
2.070424777e-09
2.113730496e-09
1.991592959e-09
1.730511232e-09
1.464954451e-09
1.965207901e-09
2.130397086e-09
2.334172092e-09
2.510310921e-09
2.571175798e-09
2.440347083e-09
2.114173229e-09
1.697172791e-09
1.364383574e-09
2.708710419e-09
2.865574338e-09
3.022160714e-09
3.080378274e-09
2.942463287e-09
2.576864552e-09
2.068554512e-09
1.572438221e-09
1.233583608e-09
3.510004334e-09
3.599663585e-09
3.619481052e-09
3.461920165e-09
3.071692013e-09
2.507973322e-09
1.914776349e-09
1.420533549e-09
1.109982997e-09
4.174084432e-09
4.128316886e-09
3.938457785e-09
3.538464533e-09
2.95669567e-09
2.312528117e-09
1.730317973e-09
1.281357934e-09
1.009064573e-09
4.473648478e-09
4.271937219e-09
3.893201025e-09
3.342718309e-09
2.703329293e-09
2.084841796e-09
1.563109211e-09
1.171793153e-09
9.364340145e-10
4.335989743e-09
4.039257552e-09
3.582429874e-09
3.015473344e-09
2.422791852e-09
1.880768884e-09
1.432812852e-09
1.097047549e-09
8.936754324e-10
3.91243156e-09
3.608471284e-09
3.178078278e-09
2.678396568e-09
2.175759001e-09
1.721702901e-09
1.344569385e-09
1.057739516e-09
8.810083822e-10
3.409731954e-09
3.150773256e-09
2.794814644e-09
2.38931334e-09
1.982595977e-09
1.611718062e-09
1.297773725e-09
1.053183354e-09
8.988170695e-10
2.948990874e-09
2.749762346e-09
2.476352473e-09
2.163136977e-09
1.844769486e-09
1.548108811e-09
1.290053913e-09
1.082876684e-09
9.482256432e-10
2.569369057e-09
2.426645977e-09
2.228486912e-09
1.997376792e-09
1.756804587e-09
1.526148176e-09
1.31898308e-09
1.146848486e-09
1.031000975e-09
2.271561868e-09
2.177552e-09
2.043932725e-09
1.883668067e-09
1.711620173e-09
1.541143728e-09
1.382493649e-09
1.245378988e-09
1.149030313e-09
2.044887513e-09
1.991430329e-09
1.91229042e-09
1.813338145e-09
1.702833265e-09
1.589058778e-09
1.478702124e-09
1.378432155e-09
1.303578129e-09
1.877232009e-09
1.857422207e-09
1.824545677e-09
1.779463027e-09
1.725471896e-09
1.666539187e-09
1.605560487e-09
1.545056591e-09
1.494531147e-09
1.759163964e-09
1.767514927e-09
1.774411062e-09
1.777364502e-09
1.776043297e-09
1.770776074e-09
1.760580917e-09
1.742969493e-09
1.719859185e-09
1.684738533e-09
1.716899815e-09
1.758326898e-09
1.804443373e-09
1.852353861e-09
1.899381733e-09
1.940762284e-09
1.968484204e-09
1.975496702e-09
1.650984024e-09
1.703394112e-09
1.774885434e-09
1.859700891e-09
1.95320863e-09
2.050315689e-09
2.142750509e-09
2.216859904e-09
2.255775424e-09
1.656886633e-09
1.726484326e-09
1.823991149e-09
1.943086314e-09
2.078022773e-09
2.22183951e-09
2.363208133e-09
2.483123959e-09
2.554736144e-09
1.702240024e-09
1.786262894e-09
1.905936439e-09
2.054774275e-09
2.226383979e-09
2.4124819e-09
2.599360077e-09
2.763624901e-09
2.869110243e-09
1.786595456e-09
1.882465511e-09
2.020570313e-09
2.194516874e-09
2.397660501e-09
2.621013951e-09
2.849648504e-09
3.057408967e-09
3.19714334e-09
1.908511249e-09
2.013805408e-09
2.166757485e-09
2.361279694e-09
2.590888888e-09
2.846845482e-09
3.114412947e-09
3.361915478e-09
3.530350403e-09
2.065258887e-09
2.177772694e-09
2.342307205e-09
2.55341609e-09
2.805477095e-09
3.091219644e-09
3.391644969e-09
3.669720243e-09
3.861351523e-09
2.253113417e-09
2.371101505e-09
2.544902304e-09
2.769906112e-09
3.042853586e-09
3.351204883e-09
3.674357471e-09
3.974712472e-09
4.184938711e-09
2.468811985e-09
2.591404984e-09
2.774457526e-09
3.012196809e-09
3.297755361e-09
3.61931596e-09
3.956170069e-09
4.270423617e-09
4.492538137e-09
2.712967534e-09
2.839882664e-09
3.027776544e-09
3.270949106e-09
3.561974563e-09
3.889058074e-09
4.23166242e-09
4.552182753e-09
4.780420593e-09
2.97871921e-09
3.10633433e-09
3.294761402e-09
3.538088562e-09
3.828639712e-09
4.154625174e-09
4.495909233e-09
4.815780398e-09
5.044847795e-09
3.256000116e-09
3.381873927e-09
3.567450693e-09
3.806636359e-09
4.09160543e-09
4.410675222e-09
4.744357637e-09
5.057390057e-09
5.282493278e-09
3.536973737e-09
3.659160619e-09
3.839031051e-09
4.07036267e-09
4.345264613e-09
4.652294699e-09
4.972855313e-09
5.273619274e-09
5.490537327e-09
3.814973239e-09
3.93178542e-09
4.103435373e-09
4.323634159e-09
4.584521283e-09
4.875041344e-09
5.177714958e-09
5.461562958e-09
5.666694174e-09
4.084079014e-09
4.194011589e-09
4.355206023e-09
4.561382379e-09
4.804820732e-09
5.07500366e-09
5.355776579e-09
5.618847023e-09
5.809224489e-09
4.338976755e-09
4.440693635e-09
4.589468521e-09
4.779120911e-09
5.00219276e-09
5.248854262e-09
5.504455721e-09
5.743655662e-09
5.91693051e-09
4.57492811e-09
4.667270477e-09
4.801946361e-09
4.97297691e-09
5.173292849e-09
5.393892653e-09
5.621775457e-09
5.834726668e-09
5.989072146e-09
4.787783935e-09
4.86978613e-09
4.988988847e-09
5.139724481e-09
5.315440006e-09
5.508088384e-09
5.706412066e-09
5.891341768e-09
6.024889431e-09
4.974012163e-09
5.044918407e-09
5.147599833e-09
5.276813169e-09
5.426649731e-09
5.590145785e-09
5.757914491e-09
5.914223166e-09
6.027326339e-09
5.130728199e-09
5.19000627e-09
5.275459102e-09
5.382377249e-09
5.505613349e-09
5.639389787e-09
5.776254978e-09
5.903820238e-09
5.996517765e-09
5.255721826e-09
5.30307206e-09
5.370937735e-09
5.455243242e-09
5.551702262e-09
5.655796337e-09
5.762023441e-09
5.86126002e-09
5.933914359e-09
5.347475691e-09
5.382833917e-09
5.433101855e-09
5.494923465e-09
5.564951941e-09
5.639970805e-09
5.716400247e-09
5.788243381e-09
5.84158258e-09
5.405169915e-09
5.428702377e-09
5.461697344e-09
5.501585032e-09
5.546010789e-09
5.593069846e-09
5.641035106e-09
5.686846897e-09
5.721864106e-09
5.428663009e-09
5.440749536e-09
5.457100668e-09
5.475974447e-09
5.49602709e-09
5.516636126e-09
5.537795794e-09
5.559183195e-09
5.577101698e-09
5.418421432e-09
5.419616615e-09
5.420190231e-09
5.419234805e-09
5.416376153e-09
5.412222701e-09
5.408459158e-09
5.407291165e-09
5.408924566e-09
5.375303935e-09
5.366245215e-09
5.351982999e-09
5.332415729e-09
5.308247818e-09
5.281026695e-09
5.253337713e-09
5.230995926e-09
5.218788449e-09
5.299867746e-09
5.281317229e-09
5.253275532e-09
5.215748444e-09
5.1712359e-09
5.123241579e-09
5.076545127e-09
5.037704531e-09
5.0143502e-09
5.191136007e-09
5.163528355e-09
5.122886587e-09
5.070982605e-09
5.010828953e-09
4.946751567e-09
4.884656008e-09
4.832346824e-09
4.799810817e-09
5.053815763e-09
5.01937907e-09
4.969178015e-09
4.90586129e-09
4.83314009e-09
4.756092494e-09
4.681482132e-09
4.61821681e-09
4.578205838e-09
4.894908106e-09
4.855048556e-09
4.797238142e-09
4.724761148e-09
4.641960377e-09
4.554556931e-09
4.469999081e-09
4.39806545e-09
4.352155078e-09
4.718608743e-09
4.674462553e-09
4.61066015e-09
4.531005676e-09
4.440375484e-09
4.345012784e-09
4.252887666e-09
4.174412704e-09
4.124066961e-09
4.528297172e-09
4.480898195e-09
4.412588228e-09
4.327599e-09
4.231237791e-09
4.130146785e-09
4.032661477e-09
3.949606327e-09
3.89616751e-09
4.327133681e-09
4.277449262e-09
4.206018883e-09
4.117412823e-09
4.017266142e-09
3.912499701e-09
3.811668222e-09
3.725807755e-09
3.670482017e-09
4.118184673e-09
4.067111513e-09
3.993840709e-09
3.90319301e-09
3.80103042e-09
3.69443873e-09
3.592059262e-09
3.504964177e-09
3.448811001e-09
3.904399265e-09
3.852750622e-09
3.778794063e-09
3.687515544e-09
3.584908414e-09
3.478119057e-09
3.375758429e-09
3.288785237e-09
3.232712861e-09
3.688548944e-09
3.637043353e-09
3.563415676e-09
3.472737087e-09
3.371044451e-09
3.265451872e-09
3.164439694e-09
3.078729306e-09
3.023495968e-09
3.47316844e-09
3.422422896e-09
3.349990578e-09
3.260955248e-09
3.161319124e-09
3.058083828e-09
2.959515785e-09
2.875999762e-09
2.822219871e-09
3.260510311e-09
3.211038283e-09
3.140518296e-09
3.053982882e-09
2.957332242e-09
2.85738848e-09
2.76213725e-09
2.681550153e-09
2.629704243e-09
3.052516438e-09
3.004730195e-09
2.936694552e-09
2.853336592e-09
2.760398396e-09
2.664468527e-09
2.573200464e-09
2.496096629e-09
2.446543924e-09
2.850806016e-09
2.805022392e-09
2.73990731e-09
2.660237996e-09
2.571553449e-09
2.480167043e-09
2.393362757e-09
2.320135878e-09
2.273128407e-09
2.65667804e-09
2.613126671e-09
2.551245004e-09
2.475625519e-09
2.391569758e-09
2.305085626e-09
2.223062759e-09
2.153966849e-09
2.109664178e-09
2.471125544e-09
2.429958686e-09
2.371514346e-09
2.300174268e-09
2.220977853e-09
2.139607403e-09
2.062544142e-09
1.997714705e-09
1.956198543e-09
2.294858664e-09
2.256161765e-09
2.201265031e-09
2.134321507e-09
2.060092374e-09
1.983922988e-09
1.911881166e-09
1.851355636e-09
1.812643749e-09
2.128333608e-09
2.09213598e-09
2.040818797e-09
1.97829546e-09
1.909040267e-09
1.838057703e-09
1.771004621e-09
1.714741428e-09
1.678800466e-09
1.971784955e-09
1.93807005e-09
1.890300647e-09
1.832145512e-09
1.767789614e-09
1.70189872e-09
1.639727118e-09
1.587622944e-09
1.554379919e-09
1.82525906e-09
1.793973972e-09
1.749670308e-09
1.695772148e-09
1.636177755e-09
1.575221175e-09
1.517766922e-09
1.469671812e-09
1.439024139e-09
1.688646946e-09
1.659710995e-09
1.618752834e-09
1.568955707e-09
1.513937752e-09
1.457711998e-09
1.404769505e-09
1.360500032e-09
1.33232414e-09
1.561715286e-09
1.53502745e-09
1.497266755e-09
1.451382502e-09
1.400722347e-09
1.348991781e-09
1.30032706e-09
1.259677313e-09
1.233835803e-09
1.444134498e-09
1.419579737e-09
1.384849528e-09
1.342668407e-09
1.296125403e-09
1.248633857e-09
1.203995337e-09
1.166745959e-09
1.143093447e-09
1.335503794e-09
1.312958339e-09
1.281080067e-09
1.242379517e-09
1.199700456e-09
1.156180664e-09
1.115307945e-09
1.081233413e-09
1.05962121e-09
1.235372834e-09
1.214708462e-09
1.185497951e-09
1.150049648e-09
1.110976343e-09
1.071157487e-09
1.033788268e-09
1.002662607e-09
9.829423641e-10
1.143259947e-09
1.124347386e-09
1.097619537e-09
1.065194947e-09
1.029470166e-09
9.930837201e-10
9.589591383e-10
9.305602937e-10
9.125867619e-10
1.058667194e-09
1.041378742e-09
1.016951152e-09
9.873257806e-10
9.546977484e-10
9.214818935e-10
8.90350517e-10
8.644635789e-10
8.480966314e-10
9.810924779e-10
9.653039683e-10
9.429996291e-10
9.159561657e-10
8.861818784e-10
8.558847077e-10
8.275053961e-10
8.039248895e-10
7.890309297e-10
9.100390696e-10
8.956312867e-10
8.752805105e-10
8.506110625e-10
8.234586057e-10
7.958403414e-10
7.699841909e-10
7.48515596e-10
7.349684754e-10
8.450228646e-10
8.318825076e-10
8.133242347e-10
7.908318157e-10
7.660818857e-10
7.409162967e-10
7.173678475e-10
6.978285103e-10
6.855100561e-10
7.855777295e-10
7.735980178e-10
7.566806209e-10
7.361800475e-10
7.136268361e-10
6.90702024e-10
6.69259888e-10
6.514794554e-10
6.402796951e-10
7.31259253e-10
7.203402477e-10
7.049219439e-10
6.862402688e-10
6.656918526e-10
6.4481055e-10
6.252875926e-10
6.091080821e-10
5.989252393e-10
6.816471952e-10
6.716959015e-10
6.576448637e-10
6.406214541e-10
6.218998067e-10
6.028793043e-10
5.851024911e-10
5.703780904e-10
5.61118411e-10
6.363468927e-10
6.27277199e-10
6.1447144e-10
5.989577911e-10
5.818985154e-10
5.645703172e-10
5.483803168e-10
5.349769866e-10
5.265544447e-10
5.949898439e-10
5.867223401e-10
5.750494327e-10
5.609087892e-10
5.453606483e-10
5.295699331e-10
5.148205479e-10
5.026154909e-10
4.949514127e-10
5.572336632e-10
5.496953738e-10
5.390520553e-10
5.261588996e-10
5.119832102e-10
4.975881621e-10
4.841456455e-10
4.73026687e-10
4.66049324e-10
5.227615606e-10
5.15885622e-10
5.061773215e-10
4.944167749e-10
4.814867118e-10
4.68357769e-10
4.561000746e-10
4.459649935e-10
4.396090667e-10
4.912814777e-10
4.850067801e-10
4.761471001e-10
4.654142727e-10
4.536141233e-10
4.416331831e-10
4.304491792e-10
4.212050162e-10
4.154112511e-10
4.625249826e-10
4.567957942e-10
4.487059696e-10
4.389052864e-10
4.281296841e-10
4.171892922e-10
4.069779691e-10
3.985403339e-10
3.932549975e-10
4.36246009e-10
4.310115947e-10
4.236199453e-10
4.146644689e-10
4.048176276e-10
3.948201738e-10
3.85489861e-10
3.777822537e-10
3.72956704e-10
4.122195021e-10
4.074337462e-10
4.006751376e-10
3.924859025e-10
3.834808671e-10
3.743378021e-10
3.658054109e-10
3.587585677e-10
3.543488216e-10
3.902400236e-10
3.858610636e-10
3.79676384e-10
3.721817531e-10
3.639396778e-10
3.555707617e-10
3.477610613e-10
3.413123323e-10
3.372786567e-10
3.701203529e-10
3.661102283e-10
3.604458883e-10
3.53580939e-10
3.460304006e-10
3.383629901e-10
3.312079232e-10
3.253006869e-10
3.216072147e-10
3.516901133e-10
3.480144326e-10
3.428218916e-10
3.365278362e-10
3.296041871e-10
3.225725656e-10
3.160106076e-10
3.105937232e-10
3.072080962e-10
3.347944423e-10
3.314220709e-10
3.266573929e-10
3.208810347e-10
3.145257978e-10
3.080705508e-10
3.020461131e-10
2.970734133e-10
2.939664517e-10
3.192927216e-10
3.161954894e-10
3.118189292e-10
3.065121573e-10
3.006724639e-10
2.947398996e-10
2.892027782e-10
2.846326006e-10
2.817779992e-10
3.050573739e-10
3.022098057e-10
2.981854247e-10
2.933047459e-10
2.879328164e-10
2.824744312e-10
2.773792986e-10
2.731740559e-10
2.705481056e-10
2.91972734e-10
2.893517991e-10
2.85647112e-10
2.811532199e-10
2.762058856e-10
2.711778736e-10
2.664838132e-10
2.626095994e-10
2.601909332e-10
2.799339946e-10
2.775188779e-10
2.741045275e-10
2.699619064e-10
2.654001718e-10
2.60762975e-10
2.564330557e-10
2.528592874e-10
2.506286492e-10
2.688462282e-10
2.666181195e-10
2.634675792e-10
2.596441428e-10
2.55432785e-10
2.511506836e-10
2.47151572e-10
2.438506621e-10
2.417906966e-10
2.586234834e-10
2.56565386e-10
2.53654688e-10
2.501214488e-10
2.462286527e-10
2.422693917e-10
2.385709999e-10
2.355180613e-10
2.336131243e-10
2.491879535e-10
2.472845086e-10
2.445919967e-10
2.413227657e-10
2.377197925e-10
2.340542427e-10
2.306294085e-10
2.27801986e-10
2.260379726e-10
2.404692133e-10
2.387065415e-10
2.362126463e-10
2.3318376e-10
2.298446457e-10
2.264464966e-10
2.23270694e-10
2.206485217e-10
2.190127111e-10
2.324035214e-10
2.307690782e-10
2.284561129e-10
2.25646186e-10
2.225474693e-10
2.193929504e-10
2.164440279e-10
2.140088105e-10
2.124897264e-10
2.249331838e-10
2.234156285e-10
2.212676046e-10
2.186573058e-10
2.157777808e-10
2.128454105e-10
2.101033549e-10
2.0783857e-10
2.064258548e-10
2.180059738e-10
2.165950516e-10
2.145975112e-10
2.121693609e-10
2.094898542e-10
2.067602125e-10
2.042069356e-10
2.020976559e-10
2.007819575e-10
2.115746052e-10
2.102610399e-10
2.084009051e-10
2.061390923e-10
2.036422617e-10
2.010977854e-10
1.987169321e-10
1.967496653e-10
1.955225352e-10
2.055962541e-10
2.043716517e-10
2.026370882e-10
2.005273054e-10
1.981974585e-10
1.958222566e-10
1.935990317e-10
1.917615762e-10
1.906153786e-10
2.000321258e-10
1.988888873e-10
1.972691814e-10
1.952984757e-10
1.931214061e-10
1.909010935e-10
1.88822106e-10
1.87103422e-10
1.860312512e-10
1.948470627e-10
1.937783054e-10
1.92263753e-10
1.904203922e-10
1.883832323e-10
1.863047802e-10
1.843579033e-10
1.827479959e-10
1.817436028e-10
1.900091892e-10
1.890086762e-10
1.875904834e-10
1.85863835e-10
1.839549231e-10
1.820065243e-10
1.801807697e-10
1.786705845e-10
1.777283107e-10
1.854895924e-10
1.845516684e-10
1.832218613e-10
1.816022839e-10
1.798110453e-10
1.779819929e-10
1.762673973e-10
1.748487267e-10
1.739634451e-10
1.81262032e-10
1.803815665e-10
1.791329104e-10
1.77611656e-10
1.759284951e-10
1.742090741e-10
1.725965978e-10
1.712619964e-10
1.704290581e-10
1.773026804e-10
1.764750156e-10
1.753009423e-10
1.738700682e-10
1.722862724e-10
1.706676613e-10
1.691490968e-10
1.678918061e-10
1.671069926e-10
1.735898871e-10
1.728107918e-10
1.717053341e-10
1.703576237e-10
1.688652766e-10
1.673394599e-10
1.659073498e-10
1.647212301e-10
1.639807106e-10
1.701039672e-10
1.69369595e-10
1.683273278e-10
1.670562198e-10
1.656481229e-10
1.642078119e-10
1.628553753e-10
1.617348448e-10
1.610351377e-10
1.668270107e-10
1.661338621e-10
1.651498497e-10
1.639493738e-10
1.626189768e-10
1.612575387e-10
1.59978605e-10
1.58918585e-10
1.582565239e-10
1.637427104e-10
1.630875996e-10
1.621573478e-10
1.610220676e-10
1.597634052e-10
1.584747991e-10
1.572637486e-10
1.562596145e-10
1.556323168e-10
1.608362075e-10
1.602162317e-10
1.593356454e-10
1.582606066e-10
1.570682419e-10
1.558469617e-10
1.546986721e-10
1.537462093e-10
1.531510488e-10
1.580939526e-10
1.575064647e-10
1.566718093e-10
1.556524931e-10
1.545214668e-10
1.533624896e-10
1.522722882e-10
1.513676525e-10
1.508022346e-10
1.555035801e-10
1.549461644e-10
1.541540313e-10
1.531863128e-10
1.521120973e-10
1.510108373e-10
1.499744579e-10
1.491141397e-10
1.48576279e-10
1.530537957e-10
1.525242456e-10
1.517715209e-10
1.508516319e-10
1.498300904e-10
1.48782357e-10
1.477959011e-10
1.469766938e-10
1.464643941e-10
1.507342748e-10
1.502305731e-10
1.495144101e-10
1.486389048e-10
1.476662542e-10
1.466682149e-10
1.45728117e-10
1.449470882e-10
1.444585244e-10
1.48535571e-10
1.480558722e-10
1.47373666e-10
1.46539391e-10
1.456121688e-10
1.446603154e-10
1.437633118e-10
1.430177774e-10
1.425512797e-10
1.464490344e-10
1.459916483e-10
1.453410132e-10
1.445450802e-10
1.436601145e-10
1.427512332e-10
1.418943337e-10
1.411818351e-10
1.407358742e-10
1.444667366e-10
1.440301143e-10
1.434088635e-10
1.426486247e-10
1.418030076e-10
1.409341515e-10
1.401146144e-10
1.394328975e-10
1.390060716e-10
1.425814044e-10
1.42164125e-10
1.415702525e-10
1.408432787e-10
1.400343418e-10
1.392028068e-10
1.384181161e-10
1.377651126e-10
1.373561361e-10
1.407863589e-10
1.40387118e-10
1.39818782e-10
1.391228426e-10
1.383481355e-10
1.375514382e-10
1.367992837e-10
1.361730944e-10
1.357807872e-10
1.390754609e-10
1.3869306e-10
1.381485681e-10
1.374816134e-10
1.367388842e-10
1.359747424e-10
1.352530007e-10
1.34651881e-10
1.342751592e-10
1.374430608e-10
1.370763978e-10
1.365541939e-10
1.359143387e-10
1.352015165e-10
1.344678312e-10
1.337745501e-10
1.331968958e-10
1.328347636e-10
1.358839532e-10
1.35532014e-10
1.350306656e-10
1.344161752e-10
1.33731354e-10
1.330261936e-10
1.323595768e-10
1.318039128e-10
1.314554548e-10
1.343933346e-10
1.340551849e-10
1.335733729e-10
1.329826491e-10
1.323240735e-10
1.316456596e-10
1.310040534e-10
1.304690224e-10
1.301333971e-10
1.329667639e-10
1.326415425e-10
1.321780505e-10
1.316096203e-10
1.309756722e-10
1.303223656e-10
1.297042471e-10
1.291885999e-10
1.288650335e-10
1.316001255e-10
1.312870374e-10
1.308407428e-10
1.302932465e-10
1.296824327e-10
1.290527218e-10
1.284566871e-10
1.279592733e-10
1.276470544e-10
1.302895937e-10
1.299879037e-10
1.295577685e-10
1.290299492e-10
1.2844089e-10
1.278333784e-10
1.272581319e-10
1.267778914e-10
1.264763655e-10
1.290315969e-10
1.287406238e-10
1.283256862e-10
1.278163794e-10
1.272477968e-10
1.26661192e-10
1.261055356e-10
1.256414896e-10
1.253500538e-10
1.278227834e-10
1.275418937e-10
1.271412592e-10
1.266493822e-10
1.261000884e-10
1.255331897e-10
1.24996012e-10
1.24547254e-10
1.242653516e-10
1.266599847e-10
1.263885866e-10
1.260014193e-10
1.255259602e-10
1.249948451e-10
1.244465313e-10
1.239267951e-10
1.234924812e-10
1.232195957e-10
1.255401793e-10
1.252777155e-10
1.249032286e-10
1.244432346e-10
1.239292529e-10
1.233984679e-10
1.228951976e-10
1.224745352e-10
1.222101831e-10
1.244604531e-10
1.242063944e-10
1.238438399e-10
1.233984042e-10
1.229005601e-10
1.223862978e-10
1.218985635e-10
1.214907985e-10
1.212345215e-10
1.234179593e-10
1.231717964e-10
1.228204532e-10
1.223887008e-10
1.219060318e-10
1.214073177e-10
1.209342185e-10
1.205386201e-10
1.202899751e-10
1.224098756e-10
1.2217111e-10
1.218302718e-10
1.21411343e-10
1.209429011e-10
1.204587726e-10
1.199994157e-10
1.19615259e-10
1.193738067e-10
1.214333597e-10
1.212014947e-10
1.208704552e-10
1.204634881e-10
1.200083182e-10
1.195378017e-10
1.190912801e-10
1.187178258e-10
1.184831174e-10
1.204855044e-10
1.202600341e-10
1.199380722e-10
1.195421823e-10
1.190992999e-10
1.18641385e-10
1.182067519e-10
1.178432236e-10
1.176147861e-10
1.195632927e-10
1.193436908e-10
1.190300536e-10
1.186443131e-10
1.182126787e-10
1.177662914e-10
1.173425324e-10
1.169880923e-10
1.167654119e-10
1.186635547e-10
1.184492629e-10
1.181431486e-10
1.177665642e-10
1.173450575e-10
1.169090316e-10
1.164950362e-10
1.161487595e-10
1.159312644e-10
1.177829289e-10
1.175733452e-10
1.172738856e-10
1.169053764e-10
1.164927708e-10
1.160658197e-10
1.15660353e-10
1.153212025e-10
1.151082469e-10
1.169178303e-10
1.167122976e-10
1.164185424e-10
1.160569192e-10
1.156518574e-10
1.152325483e-10
1.148342252e-10
1.145010291e-10
1.14291878e-10
1.160644281e-10
1.158622246e-10
1.155731267e-10
1.152170748e-10
1.148180489e-10
1.144047814e-10
1.140120459e-10
1.136834806e-10
1.134772993e-10
1.152186379e-10
1.150189697e-10
1.14733375e-10
1.143814409e-10
1.139867785e-10
1.135777712e-10
1.131888849e-10
1.128634662e-10
1.126593165e-10
1.143761301e-10
1.141781277e-10
1.138947703e-10
1.135453568e-10
1.131532165e-10
1.127465042e-10
1.123595464e-10
1.120356338e-10
1.118324799e-10
1.135323599e-10
1.133350789e-10
1.130525835e-10
1.127039546e-10
1.123123344e-10
1.119057808e-10
1.115186664e-10
1.111944841e-10
1.109912114e-10
1.126826214e-10
1.124850504e-10
1.122019443e-10
1.118522428e-10
1.114590044e-10
1.110503342e-10
1.106608525e-10
1.103345323e-10
1.101299833e-10
1.118221304e-10
1.116232054e-10
1.113379424e-10
1.109852233e-10
1.105881358e-10
1.101749894e-10
1.097808688e-10
1.09450519e-10
1.092435493e-10
1.109461362e-10
1.107447648e-10
1.104557618e-10
1.100980431e-10
1.096948491e-10
1.092748639e-10
1.088738665e-10
1.085376707e-10
1.083272289e-10
1.100500651e-10
1.098451599e-10
1.095508487e-10
1.09186182e-10
1.087746884e-10
1.083456088e-10
1.079356565e-10
1.075920055e-10
1.073772381e-10
1.091296939e-10
1.089202162e-10
1.086191108e-10
1.082456728e-10
1.078238663e-10
1.073836841e-10
1.06963019e-10
1.066106754e-10
1.063910593e-10
1.08181351e-10
1.079663654e-10
1.076571448e-10
1.072733495e-10
1.068395388e-10
1.063866633e-10
1.059540404e-10
1.055923386e-10
1.053678391e-10
1.072021417e-10
1.069808807e-10
1.066624878e-10
1.062671191e-10
1.058201017e-10
1.053535602e-10
1.049084739e-10
1.045375515e-10
1.043088068e-10
1.061901924e-10
1.059621316e-10
1.056338872e-10
1.052262531e-10
1.047655097e-10
1.042851785e-10
1.038281241e-10
1.034491888e-10
1.032177207e-10
1.051449116e-10
1.049098561e-10
1.045715918e-10
1.04151704e-10
1.036776257e-10
1.031845029e-10
1.027172821e-10
1.023329219e-10
1.02101378e-10
1.040672707e-10
1.038254588e-10
1.034776758e-10
1.030464674e-10
1.025606326e-10
1.0205717e-10
1.015832604e-10
1.011978103e-10
1.009702432e-10
1.029601243e-10
1.027123541e-10
1.02356422e-10
1.019160194e-10
1.01421536e-10
1.009120324e-10
1.004369909e-10
1.000568839e-10
9.983899048e-11
1.018285978e-10
1.015763863e-10
1.01214781e-10
1.007688085e-10
1.002706381e-10
9.976147302e-11
9.929290497e-11
9.892620882e-11
9.872466567e-11
1.006805569e-10
1.004262896e-10
1.000627674e-10
9.961642892e-11
9.912110194e-11
9.861948315e-11
9.81638861e-11
9.781390407e-11
9.762802791e-11
9.952693181e-11
9.92737741e-11
9.891294404e-11
9.847176598e-11
9.798420733e-11
9.749019623e-11
9.703624793e-11
9.666380271e-11
9.646436868e-11
9.838043947e-11
9.81311216e-11
9.777534397e-11
9.733866991e-11
9.685021561e-11
9.632527648e-11
9.584699237e-11
9.548025817e-11
9.529893472e-11
9.724562003e-11
9.699749144e-11
9.66333941e-11
9.616668574e-11
9.564845204e-11
9.512305956e-11
9.466568572e-11
9.434987587e-11
9.422366624e-11
9.606806449e-11
9.580248564e-11
9.542219766e-11
9.495235457e-11
9.444623136e-11
9.396392898e-11
9.357659122e-11
9.335063378e-11
9.330735061e-11
9.484049504e-11
9.457622877e-11
9.420674424e-11
9.377026183e-11
9.332014297e-11
9.29205338e-11
9.264166476e-11
9.254089065e-11
9.260732275e-11
9.363582416e-11
9.339444067e-11
9.306491351e-11
9.269115622e-11
9.232976163e-11
9.204759567e-11
9.191373846e-11
9.197404152e-11
9.217799003e-11
9.252361808e-11
9.232023323e-11
9.205205484e-11
9.176686726e-11
9.152486815e-11
9.139534697e-11
9.144519051e-11
9.170447277e-11
9.206861224e-11
9.15531605e-11
9.140129092e-11
9.121450753e-11
9.104410598e-11
9.095408759e-11
9.101627747e-11
9.129504869e-11
9.180297339e-11
9.237612451e-11
9.076799845e-11
9.068163813e-11
9.059747897e-11
9.057043221e-11
9.066864587e-11
9.096677634e-11
9.152630124e-11
9.233916471e-11
9.31697816e-11
9.021232872e-11
9.020678176e-11
9.024866734e-11
9.039685451e-11
9.072425178e-11
9.130901006e-11
9.220961668e-11
9.339383331e-11
9.453939924e-11
8.993354081e-11
9.002572115e-11
9.021968708e-11
9.057889228e-11
9.118210324e-11
9.211233426e-11
9.342573593e-11
9.506240815e-11
9.659536448e-11
8.998298705e-11
9.019157239e-11
9.056662105e-11
9.117728591e-11
9.211012491e-11
9.345560909e-11
9.526970718e-11
9.746297928e-11
9.948884758e-11
9.041622597e-11
9.076199569e-11
9.135089763e-11
9.225984647e-11
9.358677347e-11
9.543463524e-11
9.786353973e-11
1.007486015e-10
1.033793259e-10
9.129384429e-11
9.180072922e-11
9.264236174e-11
9.390785089e-11
9.571497719e-11
9.819404844e-11
1.0143172e-10
1.052813114e-10
1.087892345e-10
9.268456605e-11
9.338272726e-11
9.452886053e-11
9.623516071e-11
9.866217888e-11
1.020154855e-10
1.065194295e-10
1.122201296e-10
1.177641107e-10
9.467576278e-11
9.561070543e-11
9.714616731e-11
9.944553355e-11
1.027713803e-10
1.075031757e-10
1.143409731e-10
1.224866373e-10
1.298354073e-10
9.741149641e-11
9.867135872e-11
1.00776806e-10
1.040180706e-10
1.089709329e-10
1.160816265e-10
1.2515373e-10
1.355639941e-10
1.446365317e-10
1.012404119e-10
1.030306397e-10
1.061803133e-10
1.111807875e-10
1.181460666e-10
1.273541124e-10
1.386335449e-10
1.513307332e-10
1.624721729e-10
1.073259261e-10
1.100907619e-10
1.145526152e-10
1.209944493e-10
1.29763452e-10
1.40970049e-10
1.547209706e-10
1.702490762e-10
1.839777436e-10
1.161047152e-10
1.196186087e-10
1.25254442e-10
1.331245829e-10
1.436613248e-10
1.572317614e-10
1.739966381e-10
1.930786422e-10
2.101054526e-10
1.270653379e-10
1.313015946e-10
1.379986235e-10
1.474666311e-10
1.601870678e-10
1.766873438e-10
1.972467266e-10
2.208735802e-10
2.421720927e-10
1.399531501e-10
1.450273872e-10
1.530572232e-10
1.644775023e-10
1.799219463e-10
2.001246478e-10
2.255442239e-10
2.550670855e-10
2.819708059e-10
1.551311034e-10
1.612293103e-10
1.709159315e-10
1.847763909e-10
2.036676324e-10
2.286137368e-10
2.603376183e-10
2.975988528e-10
3.319400038e-10
1.73101897e-10
1.804748751e-10
1.922416129e-10
2.091930144e-10
2.324980792e-10
2.635893533e-10
3.035767054e-10
3.510968425e-10
3.954056991e-10
1.945323912e-10
2.035122648e-10
2.179192883e-10
2.388284588e-10
2.678431957e-10
3.069719082e-10
3.578901231e-10
4.191339944e-10
4.769258261e-10
2.202986326e-10
2.313251413e-10
2.491164096e-10
2.751406764e-10
3.116065835e-10
3.613360375e-10
4.268319215e-10
5.065860994e-10
5.827732844e-10
2.515497348e-10
2.652065018e-10
2.87372962e-10
3.20061877e-10
3.663260566e-10
4.301384004e-10
5.152118324e-10
6.201086645e-10
7.215812625e-10
2.897952485e-10
3.068589703e-10
3.347238535e-10
3.761559502e-10
4.35383794e-10
5.180037485e-10
6.294853506e-10
7.686622716e-10
9.050242661e-10
3.370239308e-10
3.585303959e-10
3.938622548e-10
4.468215541e-10
5.232570579e-10
6.310101658e-10
7.780014315e-10
9.635464268e-10
1.147445808e-09
3.95864435e-10
4.231953292e-10
4.683521111e-10
5.365374491e-10
6.357608338e-10
7.76763522e-10
9.703499579e-10
1.215458364e-09
1.457420142e-09
4.697998086e-10
5.047923055e-10
5.628926695e-10
6.511305279e-10
7.80193361e-10
9.63932402e-10
1.214481611e-09
1.5223532e-09
1.804458975e-09
5.634412161e-10
6.085115264e-10
6.836024444e-10
7.979743182e-10
9.652111466e-10
1.201249466e-09
1.514015843e-09
1.885601359e-09
2.262202249e-09
6.828256541e-10
7.410497004e-10
8.381139501e-10
9.855488083e-10
1.19881237e-09
1.491073154e-09
1.873553215e-09
2.372859039e-09
2.892744669e-09
8.355301755e-10
9.104607749e-10
1.034772167e-09
1.220693015e-09
1.480361322e-09
1.841088453e-09
2.356469006e-09
3.045673387e-09
3.761234682e-09
1.029661788e-09
1.123932375e-09
1.278529773e-09
1.49799181e-09
1.823578657e-09
2.311359086e-09
3.023630022e-09
3.974200983e-09
4.940028229e-09
1.267896981e-09
1.374471396e-09
1.555959508e-09
1.842028273e-09
2.285640341e-09
2.961332313e-09
3.947426484e-09
5.241379179e-09
6.505574715e-09
1.53004156e-09
1.670621402e-09
1.914848055e-09
2.30842368e-09
2.924615611e-09
3.863099817e-09
5.215809424e-09
6.935557132e-09
8.522662618e-09
1.873966279e-09
2.067694625e-09
2.406164238e-09
2.954060079e-09
3.811585479e-09
5.105689685e-09
6.924748512e-09
9.128900413e-09
1.102433419e-08
2.34554423e-09
2.615121471e-09
3.086803821e-09
3.84975182e-09
5.035254564e-09
6.788467525e-09
9.155167488e-09
1.184955215e-08
1.399437546e-08
2.997477031e-09
3.373120328e-09
4.029500878e-09
5.084495311e-09
6.696146511e-09
8.998664751e-09
1.194052742e-08
1.506006751e-08
1.735873029e-08
3.898449608e-09
4.420009036e-09
5.325689521e-09
6.759621871e-09
8.885065067e-09
1.177777451e-08
1.524159372e-08
1.865422164e-08
2.099338453e-08
5.13725479e-09
5.85289077e-09
7.078303705e-09
8.967168628e-09
1.16499623e-08
1.509379057e-08
1.894293825e-08
2.247618219e-08
2.474616598e-08
6.818871664e-09
7.775953913e-09
9.37782827e-09
1.175742654e-08
1.496683529e-08
1.883476942e-08
2.287536023e-08
2.635187048e-08
2.84627657e-08
9.043283194e-09
1.027308198e-08
1.227039363e-08
1.510945248e-08
1.873040485e-08
2.282972531e-08
2.685149877e-08
3.011823651e-08
3.200731167e-08
1.187517631e-08
1.337497235e-08
1.572836378e-08
1.892034792e-08
2.277207757e-08
2.688479603e-08
3.069793736e-08
3.364157655e-08
3.527313991e-08
1.530889944e-08
1.70315142e-08
1.964077548e-08
2.302135803e-08
2.689490273e-08
3.081726678e-08
3.427432287e-08
3.682387583e-08
3.818478404e-08
1.924936955e-08
2.110808678e-08
2.383067261e-08
2.721183913e-08
3.090852386e-08
3.447678879e-08
3.747915826e-08
3.960081699e-08
4.069455783e-08
2.352235744e-08
2.540919927e-08
2.809011688e-08
3.129476871e-08
3.465254143e-08
3.775263758e-08
4.024672578e-08
4.193555801e-08
4.27765104e-08
2.790935323e-08
2.97171973e-08
3.221653204e-08
3.51017583e-08
3.800593613e-08
4.057128671e-08
4.253963374e-08
4.381039363e-08
4.441840073e-08
3.218943965e-08
3.382880206e-08
3.603828053e-08
3.85043341e-08
4.088629245e-08
4.288925351e-08
4.433933988e-08
4.521588739e-08
4.56093092e-08
3.617172293e-08
3.757849684e-08
3.942622919e-08
4.141480384e-08
4.32443014e-08
4.468502749e-08
4.563589606e-08
4.613523229e-08
4.631328239e-08
3.971160563e-08
4.084726254e-08
4.229474461e-08
4.378231855e-08
4.505851616e-08
4.595452543e-08
4.642310235e-08
4.652819354e-08
4.63878305e-08
4.271326799e-08
4.356122003e-08
4.459750287e-08
4.558829862e-08
4.633314414e-08
4.671594396e-08
4.672486201e-08
4.642770077e-08
4.598588329e-08
4.512454114e-08
4.568568935e-08
4.63214476e-08
4.684073241e-08
4.709179105e-08
4.699902643e-08
4.65652686e-08
4.58372577e-08
4.529401329e-08
4.692948932e-08
4.721820322e-08
4.748024544e-08
4.756748393e-08
4.736938335e-08
4.683305193e-08
4.59470331e-08
4.500683504e-08
4.442728968e-08
4.814094631e-08
4.818128229e-08
4.810706307e-08
4.780917619e-08
4.720698085e-08
4.624896159e-08
4.504667309e-08
4.403571463e-08
4.34561383e-08
4.879229751e-08
4.861345027e-08
4.824416334e-08
4.760710373e-08
4.664097337e-08
4.530308106e-08
4.399867487e-08
4.298547318e-08
4.24266279e-08
4.892649576e-08
4.855616556e-08
4.792521612e-08
4.697166154e-08
4.562533466e-08
4.417051857e-08
4.286857551e-08
4.189529978e-08
4.136977959e-08
4.858052583e-08
4.803657611e-08
4.716050556e-08
4.587407475e-08
4.439861756e-08
4.295116118e-08
4.170556614e-08
4.079489372e-08
4.030888016e-08
4.775870257e-08
4.702630984e-08
4.59104178e-08
4.453649566e-08
4.308087679e-08
4.170314408e-08
4.054311269e-08
3.970582286e-08
3.92613048e-08
4.640095813e-08
4.55834471e-08
4.444198875e-08
4.311245035e-08
4.173998488e-08
4.046455826e-08
3.94039447e-08
3.864327451e-08
3.823965138e-08
4.478071591e-08
4.399170492e-08
4.291478494e-08
4.167900524e-08
4.041932152e-08
3.926063246e-08
3.830320624e-08
3.761762158e-08
3.725276538e-08
4.311731356e-08
4.23898521e-08
4.140447487e-08
4.028223024e-08
3.914652607e-08
3.810745668e-08
3.725052549e-08
3.663563804e-08
3.630659957e-08
4.149419731e-08
4.083799589e-08
3.995290834e-08
3.894957218e-08
3.793818889e-08
3.701445522e-08
3.62514985e-08
3.570141068e-08
3.540488885e-08
3.995133973e-08
3.936804755e-08
3.858343195e-08
3.76962719e-08
3.680307755e-08
3.598627502e-08
3.530881104e-08
3.48170278e-08
3.454967193e-08
3.850955032e-08
3.799672855e-08
3.73078189e-08
3.652930987e-08
3.57445485e-08
3.502425068e-08
3.442309237e-08
3.398310409e-08
3.374169694e-08
3.717835326e-08
3.673107014e-08
3.613013385e-08
3.545011851e-08
3.476235187e-08
3.412750635e-08
3.359355383e-08
3.319918134e-08
3.298073963e-08
3.595969563e-08
3.557156523e-08
3.504931995e-08
3.445653775e-08
3.385395009e-08
3.329375566e-08
3.28184573e-08
3.2464034e-08
3.226585439e-08
3.48504023e-08
3.451440558e-08
3.406108234e-08
3.354422793e-08
3.301545324e-08
3.251986576e-08
3.209545388e-08
3.177590184e-08
3.159557297e-08
3.384406947e-08
3.355317905e-08
3.315926888e-08
3.270766765e-08
3.224226311e-08
3.180224611e-08
3.142182675e-08
3.113266747e-08
3.096806155e-08
3.293252937e-08
3.268013118e-08
3.233684961e-08
3.194083372e-08
3.152950291e-08
3.113711141e-08
3.079466447e-08
3.053199179e-08
3.038124517e-08
3.210691751e-08
3.188705107e-08
3.15865764e-08
3.123764387e-08
3.08722942e-08
3.052065587e-08
3.021098419e-08
2.997141741e-08
2.98329059e-08
3.135839044e-08
3.116584911e-08
3.090139857e-08
3.059222884e-08
3.026592742e-08
2.994916613e-08
2.966781876e-08
2.944844731e-08
2.932076011e-08
3.067856335e-08
3.050889975e-08
3.027470186e-08
2.999908581e-08
2.970596002e-08
2.94190919e-08
2.916227769e-08
2.896060438e-08
2.884251851e-08
3.005974244e-08
2.99092176e-08
2.970042657e-08
2.945315292e-08
2.918826712e-08
2.892708814e-08
2.869158961e-08
2.850547671e-08
2.839593342e-08
2.949501832e-08
2.936052313e-08
2.917310759e-08
2.894983382e-08
2.870906157e-08
2.847003852e-08
2.825313178e-08
2.808075239e-08
2.79788364e-08
2.897827298e-08
2.885724108e-08
2.868786769e-08
2.848499251e-08
2.826489632e-08
2.804506778e-08
2.78444519e-08
2.76842481e-08
2.758917025e-08
2.850413823e-08
2.839446162e-08
2.824038572e-08
2.80549329e-08
2.785265774e-08
2.764954886e-08
2.746328678e-08
2.731393604e-08
2.722502007e-08
2.806793171e-08
2.796788533e-08
2.782685496e-08
2.76563736e-08
2.74695579e-08
2.728111123e-08
2.710758415e-08
2.696797537e-08
2.688465001e-08
2.766558763e-08
2.757376595e-08
2.744394246e-08
2.728642656e-08
2.711313286e-08
2.69376579e-08
2.677553579e-08
2.664475791e-08
2.656655623e-08
2.729359623e-08
2.720886336e-08
2.708876048e-08
2.694258979e-08
2.678125792e-08
2.661740275e-08
2.646563545e-08
2.634298321e-08
2.626955273e-08
2.694896726e-08
2.687042157e-08
2.675886469e-08
2.662276972e-08
2.647219674e-08
2.631894794e-08
2.617678428e-08
2.606178886e-08
2.599291807e-08
2.6629251e-08
2.655620593e-08
2.645231408e-08
2.632536928e-08
2.618472199e-08
2.604144056e-08
2.590848523e-08
2.580098003e-08
2.573664915e-08
2.63326972e-08
2.6264679e-08
2.616787145e-08
2.604951962e-08
2.591838444e-08
2.578488453e-08
2.566120116e-08
2.556143248e-08
2.550189682e-08
2.605878933e-08
2.599554921e-08
2.590557167e-08
2.579567057e-08
2.567412741e-08
2.555078098e-08
2.54370239e-08
2.534579192e-08
2.529169155e-08
2.580979972e-08
2.575131219e-08
2.566823997e-08
2.556707566e-08
2.545571797e-08
2.534347989e-08
2.52409308e-08
2.515964942e-08
2.511208156e-08
2.559529251e-08
2.554162982e-08
2.546566551e-08
2.53736579e-08
2.527320444e-08
2.517314312e-08
2.508320391e-08
2.501345456e-08
2.497373034e-08
2.544489728e-08
2.539549248e-08
2.532584134e-08
2.524203163e-08
2.515142803e-08
2.506248044e-08
2.498421698e-08
2.492541171e-08
2.489348397e-08
7.305997025e-23
2.736272481e-22
6.104548596e-22
1.156881807e-21
2.042341572e-21
3.490749518e-21
5.891530665e-21
9.918688591e-21
1.674090216e-20
2.838555641e-20
4.837430453e-20
8.283052599e-20
1.42408445e-19
2.456450816e-19
4.24762516e-19
7.356886807e-19
1.275401064e-18
2.212108229e-18
3.837759513e-18
6.659312021e-18
1.155730706e-17
2.006140346e-17
3.482913073e-17
6.047773729e-17
1.050292383e-16
1.824200663e-16
3.168575896e-16
5.503751827e-16
9.559189508e-16
1.659979231e-15
2.881645629e-15
4.99982702e-15
8.668580016e-15
1.501423575e-14
2.597088707e-14
4.484855804e-14
7.729017661e-14
1.328736351e-13
2.277757626e-13
3.891689488e-13
6.624162938e-13
1.122733722e-12
1.893883314e-12
3.177753085e-12
5.300474149e-12
8.783143811e-12
1.444844392e-11
2.357893247e-11
3.814981526e-11
6.117149958e-11
9.720054832e-11
1.531188608e-10
2.39338923e-10
3.715910895e-10
5.729269855e-10
8.726258329e-10
1.298938355e-09
1.882448737e-09
2.623605189e-09
3.448061658e-09
4.169979153e-09
4.546406695e-09
4.464721432e-09
4.053833876e-09
3.533410174e-09
3.044598877e-09
2.637401523e-09
2.315663844e-09
2.06918761e-09
1.885306559e-09
1.753866932e-09
1.668313633e-09
1.625232449e-09
1.623315109e-09
1.662170211e-09
1.741232734e-09
1.858973342e-09
2.01256129e-09
2.198091386e-09
2.411960316e-09
2.654057289e-09
2.91942428e-09
3.197475088e-09
3.480122964e-09
3.760574269e-09
4.032825646e-09
4.291488428e-09
4.531746464e-09
4.749365019e-09
4.940717927e-09
5.10281918e-09
5.233351956e-09
5.330689976e-09
5.393905798e-09
5.422756995e-09
5.417624608e-09
5.379313175e-09
5.308354914e-09
5.203953174e-09
5.069895785e-09
4.913578768e-09
4.73933225e-09
4.550586137e-09
4.350531709e-09
4.142267581e-09
3.928781144e-09
3.712887749e-09
3.497169527e-09
3.283927665e-09
3.075151812e-09
2.872506392e-09
2.677331858e-09
2.490658147e-09
2.313227336e-09
2.145522536e-09
1.987800367e-09
1.840124701e-09
1.702399994e-09
1.574402773e-09
1.45581029e-09
1.346226067e-09
1.245202009e-09
1.152257059e-09
1.066892621e-09
9.886049951e-10
9.168951607e-10
8.512762512e-10
7.912790735e-10
7.364559956e-10
6.86383501e-10
6.406636734e-10
5.989248403e-10
5.60821568e-10
5.260341692e-10
4.94267856e-10
4.652516444e-10
4.38737095e-10
4.144969587e-10
3.923237758e-10
3.720284711e-10
3.534389706e-10
3.36398863e-10
3.207661193e-10
3.064118804e-10
2.932193174e-10
2.810825686e-10
2.699057519e-10
2.596020528e-10
2.500928842e-10
2.413071167e-10
2.331803733e-10
2.256543862e-10
2.186764116e-10
2.121986971e-10
2.061779988e-10
2.00575143e-10
1.953546307e-10
1.904842791e-10
1.859348976e-10
1.816799962e-10
1.776955219e-10
1.739596211e-10
1.704524256e-10
1.671558598e-10
1.640534673e-10
1.611302545e-10
1.583725499e-10
1.557678779e-10
1.533048445e-10
1.509730348e-10
1.487629208e-10
1.466657784e-10
1.446736121e-10
1.427790876e-10
1.409754706e-10
1.392565714e-10
1.376166946e-10
1.360505929e-10
1.345534246e-10
1.331207141e-10
1.317483143e-10
1.304323708e-10
1.291692866e-10
1.27955687e-10
1.26788384e-10
1.256643392e-10
1.245806253e-10
1.235343859e-10
1.225227932e-10
1.215430038e-10
1.205921145e-10
1.196671171e-10
1.187648566e-10
1.178819914e-10
1.170149617e-10
1.161599667e-10
1.153129551e-10
1.144696327e-10
1.136254892e-10
1.127758504e-10
1.119159569e-10
1.110410722e-10
1.101466217e-10
1.092283609e-10
1.082825727e-10
1.073062872e-10
1.062975212e-10
1.052555341e-10
1.04181102e-10
1.030768261e-10
1.019475074e-10
1.008006111e-10
9.964666852e-11
9.849839991e-11
9.736226725e-11
9.619360678e-11
9.496671062e-11
9.375245321e-11
9.262352389e-11
9.163008532e-11
9.081554135e-11
9.022352364e-11
8.990071063e-11
8.989768985e-11
9.02691441e-11
9.107440873e-11
9.237983691e-11
9.426712617e-11
9.686471225e-11
1.004752661e-10
1.061053255e-10
1.145440733e-10
1.251740654e-10
1.376881545e-10
1.52414297e-10
1.698257067e-10
1.905540678e-10
2.154294343e-10
2.455396627e-10
2.823122585e-10
3.276258871e-10
3.839617714e-10
4.54607271e-10
5.439205183e-10
6.576366521e-10
8.030659834e-10
9.884698857e-10
1.218449825e-09
1.470033764e-09
1.792333121e-09
2.23223143e-09
2.839633089e-09
3.678868854e-09
4.834232551e-09
6.408980655e-09
8.508036368e-09
1.120953776e-08
1.452827289e-08
1.8389849e-08
2.263352609e-08
2.704353811e-08
3.139242858e-08
3.547770231e-08
3.914220281e-08
4.227900953e-08
4.482702212e-08
4.676336635e-08
4.8095724e-08
4.885437549e-08
4.908201126e-08
4.881900958e-08
4.807816345e-08
4.678842507e-08
4.516380467e-08
4.34716329e-08
4.181442353e-08
4.023643775e-08
3.876046084e-08
3.73972551e-08
3.614954403e-08
3.501453736e-08
3.398589776e-08
3.30552972e-08
3.221357428e-08
3.145152556e-08
3.076039486e-08
3.01321373e-08
2.955952899e-08
2.90361799e-08
2.855649179e-08
2.811559022e-08
2.770924948e-08
2.733382563e-08
2.698621277e-08
2.666385658e-08
2.636490504e-08
2.608873603e-08
2.58375186e-08
2.562076869e-08
2.546840151e-08
)
;

boundaryField
{
    outlet
    {
        type            inletOutlet;
        inletValue      uniform 0;
        value           nonuniform List<scalar> 10(2.544489728e-08 2.539549248e-08 2.532584134e-08 2.524203163e-08 2.515142803e-08 2.506248044e-08 2.498421698e-08 2.492541171e-08 2.489348397e-08 2.546840151e-08);
    }
    inlet
    {
        type            fixedValue;
        value           uniform 0;
    }
    front
    {
        type            wedge;
    }
    wall
    {
        type            zeroGradient;
    }
    back
    {
        type            wedge;
    }
}


// ************************************************************************* //
