/*--------------------------------*- C++ -*----------------------------------*\
| =========                 |                                                 |
| \\      /  F ield         | OpenFOAM: The Open Source CFD Toolbox           |
|  \\    /   O peration     | Version:  2212                                  |
|   \\  /    A nd           | Website:  www.openfoam.com                      |
|    \\/     M anipulation  |                                                 |
\*---------------------------------------------------------------------------*/
FoamFile
{
    version     2.0;
    format      ascii;
    arch        "LSB;label=32;scalar=64";
    class       volScalarField;
    location    "23.25000000";
    object      C3H3;
}
// * * * * * * * * * * * * * * * * * * * * * * * * * * * * * * * * * * * * * //

dimensions      [0 0 0 0 0 0 0];

internalField   nonuniform List<scalar> 
3000
(
1.447923405e-25
1.626565189e-25
1.89613163e-25
2.255345539e-25
2.700542175e-25
3.219613218e-25
3.781272467e-25
4.317147973e-25
4.696148622e-25
5.436127614e-25
6.131480978e-25
7.180309355e-25
8.581068013e-25
1.033232429e-24
1.242421629e-24
1.482043001e-24
1.739913907e-24
1.96844543e-24
1.217609326e-24
1.38412189e-24
1.637679937e-24
1.981955559e-24
2.423142095e-24
2.96761953e-24
3.613280778e-24
4.323787805e-24
4.931350811e-24
2.319214009e-24
2.66399544e-24
3.196708065e-24
3.935375818e-24
4.90616804e-24
6.133731304e-24
7.611411559e-24
9.22071425e-24
1.051992964e-23
4.118226326e-24
4.788491595e-24
5.840406594e-24
7.327400289e-24
9.31942307e-24
1.187228048e-23
1.494342336e-23
1.820471186e-23
2.070836898e-23
7.081541686e-24
8.339533608e-24
1.034212809e-23
1.321710333e-23
1.711781958e-23
2.214234669e-23
2.814070554e-23
3.435627695e-23
3.895484083e-23
1.202175234e-23
1.433250274e-23
1.805385548e-23
2.345665588e-23
3.084175702e-23
4.035587347e-23
5.16055563e-23
6.303523666e-23
7.128239532e-23
2.034459717e-23
2.452643908e-23
3.132101739e-23
4.126202605e-23
5.490389714e-23
7.244289566e-23
9.299909306e-23
1.135802584e-22
1.281830159e-22
3.448556401e-23
4.197361795e-23
5.421881224e-23
7.222536202e-23
9.697946101e-23
1.287188108e-22
1.656502936e-22
2.022418806e-22
2.279175438e-22
5.86619341e-23
7.196469277e-23
9.381833636e-23
1.260581706e-22
1.704064939e-22
2.271202397e-22
2.927457769e-22
3.572903187e-22
4.022432555e-22
1.00180853e-22
1.236747072e-22
1.623930467e-22
2.196287135e-22
2.983636223e-22
3.988263504e-22
5.14595558e-22
6.278731822e-22
7.063702328e-22
1.717062373e-22
2.130152032e-22
2.81242817e-22
3.822288774e-22
5.211197298e-22
6.980221908e-22
9.012614131e-22
1.099408313e-21
1.236239503e-21
2.951937759e-22
3.675872645e-22
4.873366922e-22
6.647234526e-22
9.086246394e-22
1.218848214e-21
1.574473643e-21
1.92030172e-21
2.15853359e-21
5.087188043e-22
6.35276527e-22
8.448419113e-22
1.155432492e-21
1.582369988e-21
2.124834933e-21
2.745694962e-21
3.348341436e-21
3.762764278e-21
8.78326773e-22
1.099173451e-21
1.465139865e-21
2.007706075e-21
2.753341334e-21
3.699997352e-21
4.782187233e-21
5.831224494e-21
6.551702275e-21
1.518600507e-21
1.903470426e-21
2.541570384e-21
3.487791232e-21
4.787898515e-21
6.437523776e-21
8.321677347e-21
1.014630674e-20
1.139834305e-20
2.628354738e-21
3.298409596e-21
4.409736238e-21
6.057907736e-21
8.322097185e-21
1.119364027e-20
1.447122959e-20
1.76428963e-20
1.981776218e-20
4.552579773e-21
5.718288071e-21
7.652159197e-21
1.05204116e-20
1.446004119e-20
1.945450534e-20
2.515209732e-20
3.066220898e-20
3.44384213e-20
7.889917242e-21
9.91680602e-21
1.327986412e-20
1.826789349e-20
2.511791035e-20
3.379898428e-20
4.369749602e-20
5.326525759e-20
5.981900453e-20
1.36790829e-20
1.720183992e-20
2.304733129e-20
3.171688078e-20
4.362032982e-20
5.870043171e-20
7.588763546e-20
9.249231177e-20
1.038608535e-19
2.372206055e-20
2.984244249e-20
3.999840514e-20
5.505934583e-20
7.573330918e-20
1.019146833e-19
1.31740217e-19
1.605400855e-19
1.802485354e-19
4.114401517e-20
5.177385014e-20
6.941164047e-20
9.556346063e-20
1.314509337e-19
1.768791187e-19
2.286029193e-19
2.785191307e-19
3.126591423e-19
7.136270278e-20
8.981802661e-20
1.204365366e-19
1.658238483e-19
2.280836899e-19
3.068543889e-19
3.964851415e-19
4.829245612e-19
5.420056121e-19
1.237646684e-19
1.557935778e-19
2.089206447e-19
2.876465866e-19
3.955849369e-19
5.320593498e-19
6.872301462e-19
8.367516908e-19
9.388666782e-19
2.145993639e-19
2.701574487e-19
3.622859603e-19
4.987437385e-19
6.857173726e-19
9.219304507e-19
1.190247715e-18
1.448529914e-18
1.624745072e-18
3.719674549e-19
4.682788709e-19
6.279231581e-19
8.642432509e-19
1.187786942e-18
1.596121698e-18
2.05940436e-18
2.50478897e-18
2.808275457e-18
6.443998872e-19
8.112223077e-19
1.087602662e-18
1.496417805e-18
2.055557452e-18
2.760342167e-18
3.558794356e-18
4.325184686e-18
4.846595384e-18
1.115574955e-18
1.404228569e-18
1.882138955e-18
2.588384197e-18
3.553110321e-18
4.767242722e-18
6.140263113e-18
7.455597464e-18
8.348781912e-18
1.929489369e-18
2.428285806e-18
3.253447728e-18
4.471427693e-18
6.132621404e-18
8.219324626e-18
1.057396207e-17
1.282439405e-17
1.434906428e-17
3.333361984e-18
4.193858121e-18
5.61595703e-18
7.712048359e-18
1.056556259e-17
1.414183878e-17
1.81667843e-17
2.20028831e-17
2.459478578e-17
5.750479575e-18
7.231929803e-18
9.677273522e-18
1.327535978e-17
1.816268054e-17
2.427133111e-17
3.112518002e-17
3.763609111e-17
4.202131568e-17
9.90334693e-18
1.244753903e-17
1.664096977e-17
2.279852736e-17
3.114031997e-17
4.153360453e-17
5.315296353e-17
6.414924123e-17
7.152851506e-17
1.702088757e-17
2.137731189e-17
2.854533056e-17
3.904526357e-17
5.322589526e-17
7.082901477e-17
9.042779477e-17
1.088959442e-16
1.212385619e-16
2.918524624e-17
3.661892636e-17
4.88254895e-17
6.665571205e-17
9.06505455e-17
1.203114783e-16
1.531815476e-16
1.840065748e-16
2.045139745e-16
4.990897939e-17
6.25427687e-17
8.323964771e-17
1.133739294e-16
1.537625449e-16
2.03452437e-16
2.582334986e-16
3.093346646e-16
3.4316337e-16
8.508986694e-17
1.064632324e-16
1.413836197e-16
1.920403352e-16
2.596259516e-16
3.423397563e-16
4.330108765e-16
5.171068914e-16
5.724834409e-16
1.445801821e-16
1.805526925e-16
2.391476322e-16
3.237976052e-16
4.361670625e-16
5.728991655e-16
7.21866871e-16
8.591889651e-16
9.491109113e-16
2.447481209e-16
3.049454182e-16
4.026684295e-16
5.432026105e-16
7.28727788e-16
9.530780348e-16
1.195911569e-15
1.418328746e-15
1.563133318e-15
4.12628312e-16
5.127315036e-16
6.746323035e-16
9.063031453e-16
1.210324724e-15
1.575548681e-15
1.968162925e-15
2.325390632e-15
2.556596663e-15
6.925958965e-16
8.579260214e-16
1.124239745e-15
1.503282093e-15
1.997558922e-15
2.587242721e-15
3.216682612e-15
3.785538237e-15
4.151542054e-15
1.157012896e-15
1.428079227e-15
1.862820276e-15
2.47807264e-15
3.275064034e-15
4.219120613e-15
5.219598054e-15
6.117677715e-15
6.692130103e-15
1.923070412e-15
2.364060166e-15
3.068086629e-15
4.058518467e-15
5.332746561e-15
6.831154328e-15
8.407685554e-15
9.813413135e-15
1.070745032e-14
3.179205228e-15
3.89082681e-15
5.021482181e-15
6.602351006e-15
8.622040182e-15
1.097975691e-14
1.34427224e-14
1.562452803e-14
1.700451364e-14
5.226173635e-15
6.364871837e-15
8.165203582e-15
1.066670474e-14
1.38402176e-14
1.751811172e-14
2.133341871e-14
2.46919285e-14
2.680503907e-14
8.540356142e-15
1.034675873e-14
1.318855145e-14
1.711240375e-14
2.205582939e-14
2.774442946e-14
3.360584521e-14
3.873452873e-14
4.194545616e-14
1.387047713e-14
1.671109456e-14
2.115766791e-14
2.725926588e-14
3.489406034e-14
4.361963885e-14
5.255248208e-14
6.0324375e-14
6.516772778e-14
2.238411981e-14
2.681192324e-14
3.370900895e-14
4.31157954e-14
5.480889229e-14
6.808515721e-14
8.159416121e-14
9.328528608e-14
1.005400814e-13
3.58878558e-14
4.272957047e-14
5.333584503e-14
6.771672872e-14
8.548039331e-14
1.055242485e-13
1.258034189e-13
1.432677032e-13
1.540628062e-13
5.715541485e-14
6.763642013e-14
8.380976734e-14
1.056161505e-13
1.323915206e-13
1.624284793e-13
1.926576579e-13
2.185738629e-13
2.345367886e-13
9.041340285e-14
1.063353707e-13
1.307971667e-13
1.636040304e-13
2.03661409e-13
2.483559921e-13
2.931183196e-13
3.31337412e-13
3.548036976e-13
1.420554483e-13
1.66047825e-13
2.027562354e-13
2.517425221e-13
3.112437743e-13
3.77303285e-13
4.431707514e-13
4.992031717e-13
5.335104531e-13
2.216857237e-13
2.575593624e-13
3.122315454e-13
3.848522854e-13
4.726390481e-13
5.696609386e-13
6.660155282e-13
7.477140106e-13
7.9761258e-13
3.436165922e-13
3.968586282e-13
4.777072665e-13
5.846409365e-13
7.133415662e-13
8.549982497e-13
9.951767992e-13
1.113686872e-12
1.185911986e-12
5.290471233e-13
6.075149797e-13
7.262749177e-13
8.827414951e-13
1.070310362e-12
1.275997502e-12
1.478885734e-12
1.649969455e-12
1.754038945e-12
8.091831799e-13
9.2407141e-13
1.097429823e-12
1.325025293e-12
1.596883544e-12
1.89401088e-12
2.186257567e-12
2.432132343e-12
2.581454365e-12
1.229694036e-12
1.396878657e-12
1.648462391e-12
1.977706177e-12
2.369712385e-12
2.79688086e-12
3.215967599e-12
3.567855415e-12
3.781264461e-12
1.857052031e-12
2.098955671e-12
2.462087001e-12
2.935952139e-12
3.498516539e-12
4.109916501e-12
4.708406249e-12
5.21006167e-12
5.51394489e-12
2.787516646e-12
3.135691208e-12
3.657201847e-12
4.335998114e-12
5.139770762e-12
6.011260469e-12
6.862668191e-12
7.57525361e-12
8.006489611e-12
4.159821471e-12
4.658518023e-12
5.404018784e-12
6.372136265e-12
7.515858935e-12
8.753352747e-12
9.960245769e-12
1.09690588e-11
1.15790743e-11
6.173032263e-12
6.884127679e-12
7.945278134e-12
9.320486264e-12
1.094181587e-11
1.269284405e-11
1.439800418e-11
1.582174867e-11
1.668211099e-11
9.111607974e-12
1.012139409e-11
1.162591721e-11
1.35721705e-11
1.586257937e-11
1.833219883e-11
2.073398476e-11
2.273753174e-11
2.394764832e-11
1.338047006e-11
1.480899689e-11
1.693445731e-11
1.967950803e-11
2.290477184e-11
2.637743963e-11
2.975090578e-11
3.256283834e-11
3.426054568e-11
1.955394346e-11
2.156786098e-11
2.456059755e-11
2.842019059e-11
3.294852636e-11
3.781813638e-11
4.254403332e-11
4.648074314e-11
4.885685468e-11
2.844387367e-11
3.127405954e-11
3.54751682e-11
4.088623765e-11
4.722690318e-11
5.403798678e-11
6.064254241e-11
6.614129002e-11
6.945956146e-11
4.119417658e-11
4.515990135e-11
5.104084713e-11
5.860700689e-11
6.7463188e-11
7.696736335e-11
8.617679164e-11
9.384101415e-11
9.846551272e-11
5.941170495e-11
6.495371153e-11
7.316507037e-11
8.371886788e-11
9.606004862e-11
1.092932649e-10
1.221083606e-10
1.327696852e-10
1.392022596e-10
8.534682636e-11
9.307253917e-11
1.04510605e-10
1.19198584e-10
1.36359426e-10
1.547475024e-10
1.725455676e-10
1.873485599e-10
1.96280058e-10
1.221417526e-10
1.32886945e-10
1.487845754e-10
1.69183282e-10
1.929984646e-10
2.185010107e-10
2.431748586e-10
2.63692613e-10
2.760727496e-10
1.74170717e-10
1.890834223e-10
2.111336396e-10
2.394074364e-10
2.723950771e-10
3.077012603e-10
3.418482977e-10
3.702396821e-10
3.87372093e-10
2.47503842e-10
2.681581688e-10
2.986817853e-10
3.377968444e-10
3.834071811e-10
4.322011221e-10
4.793796698e-10
5.186024805e-10
5.422735701e-10
3.505362122e-10
3.79086079e-10
4.212580707e-10
4.752712984e-10
5.382223714e-10
6.055413114e-10
6.706164586e-10
7.247149807e-10
7.573677161e-10
4.948353536e-10
5.342210185e-10
5.923745498e-10
6.66821475e-10
7.535496078e-10
8.462643698e-10
9.358717335e-10
1.010362184e-09
1.055328959e-09
6.96273808e-10
7.504973785e-10
8.305291869e-10
9.329408708e-10
1.052200598e-09
1.179654997e-09
1.302817473e-09
1.405200248e-09
1.467012147e-09
9.76528052e-10
1.05101772e-09
1.160923689e-09
1.301509038e-09
1.465164197e-09
1.64001727e-09
1.808956507e-09
1.949389416e-09
2.034182272e-09
1.365039102e-09
1.467125235e-09
1.617699757e-09
1.810235359e-09
2.034289239e-09
2.2736102e-09
2.504799807e-09
2.696970455e-09
2.813010235e-09
1.901541118e-09
2.041069825e-09
2.246805879e-09
2.50977915e-09
2.815695075e-09
3.142363717e-09
3.45787307e-09
3.720109397e-09
3.878459694e-09
2.639268158e-09
2.829378428e-09
3.109605496e-09
3.467656313e-09
3.884018191e-09
4.328480187e-09
4.757653312e-09
5.114306758e-09
5.329657899e-09
3.648940438e-09
3.907027942e-09
4.287319741e-09
4.773018049e-09
5.337569915e-09
5.939983566e-09
6.521483505e-09
7.004606353e-09
7.296277328e-09
5.023603393e-09
5.372485775e-09
5.886356784e-09
6.542335614e-09
7.304416445e-09
8.117201093e-09
8.901422909e-09
9.55273744e-09
9.945846799e-09
6.884338609e-09
7.353621826e-09
8.044508182e-09
8.925940243e-09
9.949292065e-09
1.104004567e-08
1.20918583e-08
1.296497852e-08
1.349175764e-08
9.386779566e-09
1.001440137e-08
1.093788638e-08
1.21152461e-08
1.34811183e-08
1.493581149e-08
1.633752956e-08
1.750034661e-08
1.820153866e-08
1.272824528e-08
1.356214006e-08
1.47883374e-08
1.635032982e-08
1.816073216e-08
2.008701121e-08
2.194142599e-08
2.347850925e-08
2.440476174e-08
1.715515526e-08
1.8254946e-08
1.987089775e-08
2.19273655e-08
2.430824268e-08
2.683859119e-08
2.927181316e-08
3.128661743e-08
3.249974074e-08
2.297022251e-08
2.440880479e-08
2.652069291e-08
2.920524117e-08
3.230926386e-08
3.560369582e-08
3.876749204e-08
4.138410848e-08
4.295804253e-08
3.053875971e-08
3.24036053e-08
3.513852425e-08
3.861054442e-08
4.261915057e-08
4.686705106e-08
5.094031534e-08
5.430447238e-08
5.632578838e-08
4.029330662e-08
4.268728961e-08
4.619429558e-08
5.064003543e-08
5.576432844e-08
6.118504122e-08
6.637402919e-08
7.06530529e-08
7.322082247e-08
5.273572803e-08
5.577727132e-08
6.022742262e-08
6.585975868e-08
7.233989002e-08
7.918168653e-08
8.571869343e-08
9.110018278e-08
9.432507785e-08
6.843596948e-08
7.225833146e-08
7.7843472e-08
8.490009688e-08
9.300283799e-08
1.01539996e-07
1.096802547e-07
1.163693162e-07
1.203718598e-07
8.802680991e-08
9.277638094e-08
9.970649687e-08
1.084463394e-07
1.184606773e-07
1.289885416e-07
1.390052631e-07
1.472202724e-07
1.521282358e-07
1.121942117e-07
1.180277643e-07
1.265268537e-07
1.372246921e-07
1.494554471e-07
1.622835196e-07
1.744611637e-07
1.844281589e-07
1.90373188e-07
1.416632126e-07
1.487441364e-07
1.590446576e-07
1.719840391e-07
1.867436748e-07
2.021869503e-07
2.168129652e-07
2.287588963e-07
2.358725523e-07
1.771796838e-07
1.856733205e-07
1.980094013e-07
2.134741189e-07
2.310730512e-07
2.49441939e-07
2.667972912e-07
2.809423237e-07
2.893511037e-07
2.194886329e-07
2.295568918e-07
2.441565655e-07
2.624210275e-07
2.831568203e-07
3.047460573e-07
3.250949422e-07
3.416438353e-07
3.514649609e-07
2.693100158e-07
2.811054791e-07
2.981822393e-07
3.195010738e-07
3.436468754e-07
3.687237453e-07
3.923022692e-07
4.114364508e-07
4.227726299e-07
3.273132005e-07
3.409729197e-07
3.60716863e-07
3.853140033e-07
4.131064197e-07
4.418978422e-07
4.689034331e-07
4.907715985e-07
5.037057354e-07
3.940913101e-07
4.09730452e-07
4.322992803e-07
4.603565582e-07
4.91982339e-07
5.246627077e-07
5.552413292e-07
5.799492517e-07
5.945383755e-07
4.701366855e-07
4.878419269e-07
5.133508236e-07
5.449965972e-07
5.805807095e-07
6.172571743e-07
6.514889195e-07
6.790866751e-07
6.953536993e-07
5.558169852e-07
5.756408922e-07
6.041553201e-07
6.394534907e-07
6.790449748e-07
7.197419817e-07
7.576239386e-07
7.880881926e-07
8.060075608e-07
6.51358819e-07
6.733144478e-07
7.048417022e-07
7.437819695e-07
7.873426874e-07
8.31988868e-07
8.734193277e-07
9.066322503e-07
9.260976032e-07
7.568313946e-07
7.808883831e-07
8.153724848e-07
8.578647788e-07
9.052648974e-07
9.536917447e-07
9.984756627e-07
1.034243867e-06
1.055172098e-06
8.721341661e-07
8.982167555e-07
9.355366121e-07
9.814109297e-07
1.032433017e-06
1.084387023e-06
1.132260577e-06
1.170426427e-06
1.192736335e-06
9.969863165e-07
1.024973819e-06
1.064945663e-06
1.113958513e-06
1.168311995e-06
1.223484518e-06
1.274240142e-06
1.314656441e-06
1.338264995e-06
1.130918657e-06
1.160649872e-06
1.203037562e-06
1.254889639e-06
1.312263134e-06
1.370425902e-06
1.423871193e-06
1.466390745e-06
1.491213245e-06
1.273275293e-06
1.304559596e-06
1.349105427e-06
1.403540334e-06
1.463712903e-06
1.524653384e-06
1.580599315e-06
1.625073792e-06
1.651023825e-06
1.423257225e-06
1.455960984e-06
1.502500844e-06
1.559328874e-06
1.622094589e-06
1.685606224e-06
1.743863886e-06
1.79014291e-06
1.817132327e-06
1.580257855e-06
1.614273459e-06
1.662655545e-06
1.72169302e-06
1.786848402e-06
1.852724004e-06
1.913102062e-06
1.961032605e-06
1.988971576e-06
1.74372348e-06
1.778945377e-06
1.829018729e-06
1.890080332e-06
1.957418969e-06
2.025447864e-06
2.087751625e-06
2.137178074e-06
2.165975378e-06
1.913115413e-06
1.949435942e-06
2.001046407e-06
2.063942679e-06
2.13325388e-06
2.203221598e-06
2.267253442e-06
2.318018297e-06
2.34758184e-06
2.08789837e-06
2.125207032e-06
2.178196796e-06
2.242734358e-06
2.31380392e-06
2.38549333e-06
2.451053973e-06
2.502998955e-06
2.53323644e-06
2.267536846e-06
2.305720979e-06
2.359929648e-06
2.425912709e-06
2.498524672e-06
2.571717791e-06
2.638607947e-06
2.691575294e-06
2.722394957e-06
2.451495685e-06
2.490441648e-06
2.545707898e-06
2.612940224e-06
2.686878971e-06
2.76135898e-06
2.82938111e-06
2.883214898e-06
2.914526239e-06
2.639242702e-06
2.678837158e-06
2.735000481e-06
2.803287412e-06
2.878339748e-06
2.953892958e-06
3.022852944e-06
3.077400319e-06
3.109114782e-06
2.830252134e-06
2.870383245e-06
2.927285573e-06
2.996435884e-06
3.072392941e-06
3.148810561e-06
3.2185192e-06
3.273631488e-06
3.305663063e-06
3.024008244e-06
3.064566721e-06
3.12205384e-06
3.191881351e-06
3.268540232e-06
3.345619898e-06
3.415894195e-06
3.471427847e-06
3.503693589e-06
3.220008713e-06
3.260888695e-06
3.318811431e-06
3.389136354e-06
3.466301504e-06
3.543848551e-06
3.614512787e-06
3.670330162e-06
3.702750621e-06
3.417767668e-06
3.45886743e-06
3.517082601e-06
3.587732629e-06
3.66521694e-06
3.743045427e-06
3.813932015e-06
3.869902011e-06
3.902401577e-06
3.616818239e-06
3.658040747e-06
3.716411919e-06
3.787223076e-06
3.864848749e-06
3.942782248e-06
4.013732398e-06
4.069730938e-06
4.102238104e-06
3.816714664e-06
3.857968001e-06
3.916366045e-06
3.987183325e-06
4.064782508e-06
4.142654692e-06
4.213518899e-06
4.269429281e-06
4.30187684e-06
4.017033937e-06
4.058231601e-06
4.116535105e-06
4.187212917e-06
4.264628155e-06
4.342283201e-06
4.412921568e-06
4.468634702e-06
4.500959867e-06
4.217377038e-06
4.258438143e-06
4.316533666e-06
4.386936127e-06
4.464020637e-06
4.541313464e-06
4.611595892e-06
4.667010426e-06
4.699154903e-06
4.417369775e-06
4.458219164e-06
4.516001379e-06
4.586002453e-06
4.662620254e-06
4.739416623e-06
4.809222878e-06
4.864245236e-06
4.896155234e-06
4.616663288e-06
4.657231562e-06
4.714603296e-06
4.784086821e-06
4.860112733e-06
4.936289223e-06
5.005508893e-06
5.060053227e-06
5.091679433e-06
4.814934236e-06
4.85515773e-06
4.912029904e-06
4.980889513e-06
5.05620905e-06
5.131652933e-06
5.200185293e-06
5.254173372e-06
5.285470877e-06
5.011884723e-06
5.051705419e-06
5.107996929e-06
5.176135878e-06
5.250645049e-06
5.325254067e-06
5.393007874e-06
5.446368909e-06
5.477297106e-06
5.207241989e-06
5.246607389e-06
5.302244905e-06
5.369575834e-06
5.443180865e-06
5.516862948e-06
5.583756161e-06
5.636426581e-06
5.666949037e-06
5.400757896e-06
5.439620851e-06
5.494538586e-06
5.560983217e-06
5.633600212e-06
5.706273119e-06
5.772232576e-06
5.824155767e-06
5.854240062e-06
5.592208255e-06
5.630526771e-06
5.68466619e-06
5.750154978e-06
5.821709525e-06
5.893300447e-06
5.958261494e-06
6.009387504e-06
6.039005065e-06
5.781392005e-06
5.81912902e-06
5.872438528e-06
5.936910271e-06
6.007337015e-06
6.07778214e-06
6.141688226e-06
6.191973443e-06
6.221099356e-06
5.96813029e-06
6.005253435e-06
6.057688034e-06
6.12108946e-06
6.190331639e-06
6.259575684e-06
6.322377939e-06
6.371784756e-06
6.40039757e-06
6.152265438e-06
6.188746788e-06
6.240267721e-06
6.302553048e-06
6.370562018e-06
6.438557744e-06
6.500214536e-06
6.548710999e-06
6.576792522e-06
6.333659892e-06
6.3694757e-06
6.420050079e-06
6.481180569e-06
6.547915309e-06
6.614623029e-06
6.675099511e-06
6.722658964e-06
6.750194058e-06
6.512195076e-06
6.547325514e-06
6.596925948e-06
6.656869452e-06
6.722296062e-06
6.78768314e-06
6.846950795e-06
6.893551524e-06
6.920527897e-06
6.687770256e-06
6.722199144e-06
6.770803361e-06
6.829533861e-06
6.89362507e-06
6.957665422e-06
7.015701615e-06
7.061326488e-06
7.087734487e-06
6.860301372e-06
6.894015917e-06
6.941606391e-06
6.999103553e-06
7.061838224e-06
7.124511824e-06
7.181299353e-06
7.225935473e-06
7.251767882e-06
7.029719885e-06
7.062710421e-06
7.109274006e-06
7.165522734e-06
7.22688538e-06
7.288177785e-06
7.343704443e-06
7.387342804e-06
7.412594644e-06
7.195971634e-06
7.228231366e-06
7.273758939e-06
7.328748947e-06
7.388729265e-06
7.448631139e-06
7.502889295e-06
7.54552445e-06
7.570192791e-06
7.359015715e-06
7.390540477e-06
7.435026592e-06
7.488751984e-06
7.547344399e-06
7.605851068e-06
7.658837259e-06
7.700467e-06
7.724550774e-06
7.518823396e-06
7.549611412e-06
7.593053967e-06
7.64551284e-06
7.702716074e-06
7.75982709e-06
7.81154163e-06
7.852166685e-06
7.875666508e-06
7.675377065e-06
7.705428726e-06
7.747828646e-06
7.799022709e-06
7.854839363e-06
7.910558095e-06
7.961004703e-06
8.000628444e-06
8.023546452e-06
7.828669229e-06
7.857986878e-06
7.899347814e-06
7.949282023e-06
8.003718185e-06
8.058051429e-06
8.107236878e-06
8.145865046e-06
8.168204733e-06
7.978701552e-06
8.007289279e-06
8.047617325e-06
8.09629954e-06
8.149364416e-06
8.202322026e-06
8.250255815e-06
8.28789626e-06
8.309662332e-06
8.125483949e-06
8.153347404e-06
8.192650823e-06
8.240091491e-06
8.291797056e-06
8.343391597e-06
8.390085639e-06
8.426748081e-06
8.447946313e-06
8.269033728e-06
8.296179937e-06
8.334468918e-06
8.380680769e-06
8.43104144e-06
8.481287871e-06
8.5267562e-06
8.562452e-06
8.583089108e-06
8.409374784e-06
8.435811988e-06
8.473098407e-06
8.518096173e-06
8.567128508e-06
8.616043878e-06
8.660302384e-06
8.695044337e-06
8.715127855e-06
8.546536851e-06
8.572274348e-06
8.608571552e-06
8.652371708e-06
8.700094126e-06
8.747697296e-06
8.790763476e-06
8.824565612e-06
8.844103782e-06
8.680554796e-06
8.7056028e-06
8.740925405e-06
8.783545932e-06
8.829978449e-06
8.87628984e-06
8.918182566e-06
8.951059973e-06
8.970061641e-06
8.811467976e-06
8.835837481e-06
8.870201192e-06
8.911661349e-06
8.956825345e-06
9.001866698e-06
9.042606006e-06
9.07457467e-06
9.09304919e-06
8.939319632e-06
8.963022295e-06
8.996443731e-06
9.03676386e-06
9.080681857e-06
9.124476019e-06
9.164082918e-06
9.195159566e-06
9.213116716e-06
9.064156342e-06
9.087204371e-06
9.119700912e-06
9.158902248e-06
9.201597711e-06
9.24416844e-06
9.282664735e-06
9.312866702e-06
9.330316604e-06
9.18602751e-06
9.208433564e-06
9.240023212e-06
9.278127714e-06
9.319624871e-06
9.360996656e-06
9.398404787e-06
9.427749891e-06
9.444702941e-06
9.304984911e-06
9.326762004e-06
9.357463253e-06
9.394493454e-06
9.434817132e-06
9.475015029e-06
9.511357929e-06
9.539864357e-06
9.556331158e-06
9.421082259e-06
9.442243685e-06
9.472075404e-06
9.508054272e-06
9.547229747e-06
9.586279237e-06
9.6215802e-06
9.64926641e-06
9.665257714e-06
9.534374836e-06
9.554934088e-06
9.58391542e-06
9.618866234e-06
9.656919097e-06
9.694845952e-06
9.729128515e-06
9.756013144e-06
9.771539804e-06
9.644919138e-06
9.664889844e-06
9.69304011e-06
9.726986348e-06
9.763942388e-06
9.800772557e-06
9.834060399e-06
9.860162179e-06
9.875235098e-06
9.752772568e-06
9.772168431e-06
9.799507049e-06
9.83247229e-06
9.868357386e-06
9.904116887e-06
9.936433731e-06
9.961771423e-06
9.976401512e-06
9.857993157e-06
9.876827901e-06
9.903374309e-06
9.935382144e-06
9.970222171e-06
1.0004937e-05
1.003630654e-05
1.006089886e-05
1.007509701e-05
9.960639309e-06
9.978926633e-06
1.000470023e-05
1.003577418e-05
1.006959493e-05
1.010329097e-05
1.013373678e-05
1.015760236e-05
1.01713794e-05
1.006076958e-05
1.007852312e-05
1.010354319e-05
1.013370665e-05
1.016653374e-05
1.019923673e-05
1.022878222e-05
1.025193954e-05
1.02653062e-05
1.01584425e-05
1.017567577e-05
1.019996146e-05
1.022923763e-05
1.026109647e-05
1.029283187e-05
1.032150022e-05
1.034396758e-05
1.035693449e-05
1.025371635e-05
1.027044275e-05
1.029401301e-05
1.032242483e-05
1.035334053e-05
1.038413353e-05
1.041194765e-05
1.043374311e-05
1.044632078e-05
1.034664905e-05
1.036288182e-05
1.038575535e-05
1.041332548e-05
1.044332284e-05
1.047319829e-05
1.050018076e-05
1.052132214e-05
1.05335209e-05
1.043729803e-05
1.045305021e-05
1.047524545e-05
1.050199622e-05
1.053109966e-05
1.056008201e-05
1.058625507e-05
1.060675991e-05
1.061858994e-05
1.052572008e-05
1.05410045e-05
1.05625396e-05
1.058849297e-05
1.06167265e-05
1.064483982e-05
1.067022531e-05
1.069011082e-05
1.070158213e-05
1.061197124e-05
1.062680053e-05
1.064769331e-05
1.067287086e-05
1.070025806e-05
1.072752594e-05
1.075214531e-05
1.077142839e-05
1.078255078e-05
1.069610678e-05
1.07104933e-05
1.073076126e-05
1.075518413e-05
1.078174812e-05
1.080819371e-05
1.083206797e-05
1.085076518e-05
1.086154825e-05
1.077818102e-05
1.079213691e-05
1.081179717e-05
1.083548609e-05
1.086124951e-05
1.088689545e-05
1.091004516e-05
1.092817269e-05
1.093862585e-05
1.085824737e-05
1.087178449e-05
1.089085381e-05
1.091382904e-05
1.093881402e-05
1.096368246e-05
1.098612773e-05
1.100370141e-05
1.101383383e-05
1.093635818e-05
1.094948812e-05
1.096798288e-05
1.099026421e-05
1.101449238e-05
1.103860495e-05
1.106036538e-05
1.107740066e-05
1.10872213e-05
1.10125647e-05
1.102529879e-05
1.104323497e-05
1.106484173e-05
1.108833417e-05
1.111171195e-05
1.113280668e-05
1.114931862e-05
1.115883622e-05
1.108691708e-05
1.109926635e-05
1.111665952e-05
1.113761053e-05
1.116038779e-05
1.118305132e-05
1.120349897e-05
1.121950222e-05
1.122872528e-05
1.115946422e-05
1.117143941e-05
1.118830473e-05
1.120861831e-05
1.123070037e-05
1.125266962e-05
1.12724883e-05
1.128799711e-05
1.129693388e-05
1.123025374e-05
1.124186528e-05
1.125821749e-05
1.127791142e-05
1.129931769e-05
1.132061205e-05
1.133981932e-05
1.135484751e-05
1.1363506e-05
1.129933187e-05
1.131058989e-05
1.132644327e-05
1.134553479e-05
1.136628407e-05
1.13869223e-05
1.140553517e-05
1.14200961e-05
1.142848405e-05
1.136674332e-05
1.13776576e-05
1.139302594e-05
1.141153172e-05
1.143164216e-05
1.145164239e-05
1.146967724e-05
1.148378379e-05
1.149190865e-05
1.143253104e-05
1.144311101e-05
1.145800762e-05
1.147594368e-05
1.149543274e-05
1.151481234e-05
1.153228492e-05
1.154594943e-05
1.155381834e-05
1.149673602e-05
1.150699071e-05
1.15214283e-05
1.153880996e-05
1.155769431e-05
1.157646989e-05
1.159339516e-05
1.160662937e-05
1.161424912e-05
1.155939682e-05
1.156933481e-05
1.158332545e-05
1.160016724e-05
1.161846262e-05
1.163664984e-05
1.165304192e-05
1.166585686e-05
1.16732338e-05
1.162054907e-05
1.16301784e-05
1.164373338e-05
1.166004885e-05
1.167776996e-05
1.169538334e-05
1.171125527e-05
1.172366112e-05
1.17308011e-05
1.168022467e-05
1.168955272e-05
1.170268238e-05
1.171848392e-05
1.173564408e-05
1.175269677e-05
1.17680603e-05
1.178006615e-05
1.178697437e-05
1.173845071e-05
1.174748404e-05
1.176019755e-05
1.177549603e-05
1.179210689e-05
1.180861025e-05
1.182347541e-05
1.183508897e-05
1.184176981e-05
1.179524804e-05
1.180399217e-05
1.181629714e-05
1.183110152e-05
1.184717251e-05
1.186313558e-05
1.187751022e-05
1.188873738e-05
1.189519412e-05
1.185062934e-05
1.185908838e-05
1.187099043e-05
1.188530713e-05
1.190084478e-05
1.191627356e-05
1.19301626e-05
1.194100685e-05
1.194724133e-05
1.190459653e-05
1.19127728e-05
1.192427488e-05
1.193810697e-05
1.195311397e-05
1.19680104e-05
1.198141487e-05
1.199187651e-05
1.199788863e-05
1.19571375e-05
1.19650309e-05
1.197613246e-05
1.198947858e-05
1.200395253e-05
1.201831316e-05
1.203122896e-05
1.204130399e-05
1.204709108e-05
1.20082219e-05
1.201582918e-05
1.202652504e-05
1.2039378e-05
1.205330977e-05
1.206712405e-05
1.207954025e-05
1.208921904e-05
1.209477501e-05
1.205779594e-05
1.206510969e-05
1.207538864e-05
1.208773358e-05
1.210110523e-05
1.211435328e-05
1.212625e-05
1.213551551e-05
1.214082979e-05
1.210577597e-05
1.211278343e-05
1.212262639e-05
1.213443854e-05
1.214722072e-05
1.215987059e-05
1.217121635e-05
1.218004191e-05
1.218509812e-05
1.215204087e-05
1.21587224e-05
1.216810025e-05
1.217934212e-05
1.219149086e-05
1.220349512e-05
1.221424362e-05
1.222259026e-05
1.222736454e-05
1.21964231e-05
1.220275034e-05
1.221162126e-05
1.222223933e-05
1.22336922e-05
1.224498393e-05
1.225507014e-05
1.226288338e-05
1.226734249e-05
1.223869845e-05
1.224463221e-05
1.225293855e-05
1.226285932e-05
1.227353098e-05
1.228401905e-05
1.229335474e-05
1.230056086e-05
1.23046599e-05
1.227857465e-05
1.228406245e-05
1.229172719e-05
1.230085274e-05
1.231062983e-05
1.232019356e-05
1.232866223e-05
1.23351641e-05
1.233884398e-05
1.231567908e-05
1.232065241e-05
1.232757521e-05
1.233577826e-05
1.23445138e-05
1.235299714e-05
1.236044847e-05
1.236612097e-05
1.236930568e-05
1.234954595e-05
1.235391735e-05
1.235997029e-05
1.236708894e-05
1.237459639e-05
1.238180172e-05
1.238804574e-05
1.239273104e-05
1.239532476e-05
1.237960351e-05
1.238326352e-05
1.238828679e-05
1.239411911e-05
1.240016635e-05
1.240584828e-05
1.241064961e-05
1.241415242e-05
1.241603671e-05
1.240516216e-05
1.240797636e-05
1.241177395e-05
1.241607284e-05
1.242037639e-05
1.242423594e-05
1.242730832e-05
1.242939159e-05
1.243042283e-05
1.242540423e-05
1.242721053e-05
1.242954649e-05
1.243201503e-05
1.243423505e-05
1.243591462e-05
1.243691647e-05
1.243729782e-05
1.243730515e-05
1.243937675e-05
1.243998323e-05
1.244057864e-05
1.244086657e-05
1.244060317e-05
1.243968306e-05
1.243821447e-05
1.2436564e-05
1.24353481e-05
1.244598843e-05
1.244517199e-05
1.24437032e-05
1.244140508e-05
1.243819662e-05
1.24341937e-05
1.242979557e-05
1.242573553e-05
1.242306857e-05
1.244401215e-05
1.244151839e-05
1.243761704e-05
1.243227265e-05
1.242559673e-05
1.241796606e-05
1.241012229e-05
1.240322919e-05
1.239885635e-05
1.243209452e-05
1.242763909e-05
1.242089447e-05
1.241199217e-05
1.240127005e-05
1.238941025e-05
1.237755342e-05
1.236736336e-05
1.236100626e-05
1.240877365e-05
1.240204561e-05
1.239200968e-05
1.237899332e-05
1.23635985e-05
1.234686152e-05
1.2330383e-05
1.231640048e-05
1.230776284e-05
1.237250631e-05
1.236317354e-05
1.234936929e-05
1.233164916e-05
1.231092066e-05
1.228862647e-05
1.226689119e-05
1.224860199e-05
1.22373777e-05
1.232170481e-05
1.230942197e-05
1.229135518e-05
1.226832338e-05
1.224158391e-05
1.221304046e-05
1.218540668e-05
1.216229471e-05
1.214817841e-05
1.225478399e-05
1.223920282e-05
1.221637741e-05
1.218742755e-05
1.215400664e-05
1.211853474e-05
1.208437846e-05
1.205594647e-05
1.20386463e-05
1.217021692e-05
1.215099892e-05
1.212293554e-05
1.208748636e-05
1.20467478e-05
1.200371036e-05
1.196245361e-05
1.192824683e-05
1.190749895e-05
1.206659781e-05
1.204342877e-05
1.200968592e-05
1.196720799e-05
1.191858026e-05
1.18674144e-05
1.181855579e-05
1.177818725e-05
1.175377113e-05
1.194270869e-05
1.191531426e-05
1.187551085e-05
1.182555453e-05
1.176856239e-05
1.170881202e-05
1.165195736e-05
1.160513266e-05
1.157688595e-05
1.179758549e-05
1.176574666e-05
1.171958403e-05
1.166180638e-05
1.159610057e-05
1.152744626e-05
1.146233577e-05
1.140887457e-05
1.137670553e-05
1.163057754e-05
1.159414435e-05
1.154142533e-05
1.147561262e-05
1.140099356e-05
1.132327518e-05
1.124980278e-05
1.1189653e-05
1.115354817e-05
1.144139343e-05
1.140029468e-05
1.134093637e-05
1.126701785e-05
1.11834481e-05
1.109667415e-05
1.101489276e-05
1.094813212e-05
1.090815608e-05
1.123012544e-05
1.118437188e-05
1.111840816e-05
1.103645549e-05
1.094405411e-05
1.084838983e-05
1.075849412e-05
1.068531162e-05
1.06415937e-05
1.099724459e-05
1.094692281e-05
1.087449233e-05
1.078469898e-05
1.068370986e-05
1.057943392e-05
1.048170862e-05
1.040235359e-05
1.035505394e-05
1.074355993e-05
1.068881517e-05
1.061013192e-05
1.051276818e-05
1.040349614e-05
1.029091612e-05
1.018563465e-05
1.010031277e-05
1.004955147e-05
1.047013807e-05
1.041114686e-05
1.032645573e-05
1.022180373e-05
1.010452442e-05
9.983855534e-06
9.87112514e-06
9.779806702e-06
9.725520651e-06
1.017818206e-05
1.011512226e-05
1.002465329e-05
9.912947435e-06
9.787837015e-06
9.659109289e-06
9.538770434e-06
9.440877271e-06
9.382532137e-06
9.868873738e-06
9.801909533e-06
9.705861737e-06
9.587291137e-06
9.454509327e-06
9.317660129e-06
9.189985968e-06
9.086808688e-06
9.025604222e-06
9.543205358e-06
9.472528654e-06
9.371138231e-06
9.245938985e-06
9.106270769e-06
8.963405117e-06
8.830929135e-06
8.724490542e-06
8.661641999e-06
9.201930485e-06
9.127983144e-06
9.022354356e-06
8.892772727e-06
8.749010858e-06
8.602852295e-06
8.468085159e-06
8.360345942e-06
8.296961545e-06
8.849084058e-06
8.773373642e-06
8.665627663e-06
8.53408608e-06
8.388867495e-06
8.241967463e-06
8.107145083e-06
7.99983679e-06
7.936936495e-06
8.490997395e-06
8.414911735e-06
8.306950342e-06
8.175636351e-06
8.031255153e-06
7.885790117e-06
7.752841592e-06
7.647366873e-06
7.585695993e-06
8.133434806e-06
8.058140213e-06
7.951542563e-06
7.82224804e-06
7.680572066e-06
7.538316869e-06
7.40867493e-06
7.30607063e-06
7.246180391e-06
7.781193893e-06
7.707612455e-06
7.603625669e-06
7.477790211e-06
7.34021477e-06
7.202400991e-06
7.07706575e-06
6.978030189e-06
6.920280434e-06
7.438141809e-06
7.366937653e-06
7.266437409e-06
7.145010522e-06
7.01246721e-06
6.879897672e-06
6.759484971e-06
6.664420887e-06
6.609004961e-06
7.106976332e-06
7.038581228e-06
6.942122801e-06
6.825689813e-06
6.698716871e-06
6.571820566e-06
6.456622374e-06
6.365689758e-06
6.312666835e-06
6.7894438e-06
6.724091085e-06
6.631959258e-06
6.520795059e-06
6.399607968e-06
6.278511714e-06
6.168565152e-06
6.081738138e-06
6.031067149e-06
6.486482313e-06
6.424245109e-06
6.336508392e-06
6.230642322e-06
6.115207935e-06
5.99981172e-06
5.894968437e-06
5.812090357e-06
5.763661939e-06
6.198381947e-06
6.139212231e-06
6.055777754e-06
5.955059445e-06
5.845167831e-06
5.735215924e-06
5.63520554e-06
5.556037765e-06
5.509701896e-06
5.924945754e-06
5.868711253e-06
5.789376028e-06
5.693535952e-06
5.588864636e-06
5.484007428e-06
5.388491112e-06
5.312753128e-06
5.268341253e-06
5.665638785e-06
5.612155346e-06
5.53665067e-06
5.445351633e-06
5.345518894e-06
5.245362803e-06
5.153975229e-06
5.081375113e-06
5.038716502e-06
5.419716512e-06
5.368774569e-06
5.296801813e-06
5.209679648e-06
5.114285578e-06
5.018430356e-06
4.930810054e-06
4.861065739e-06
4.819998531e-06
5.18632832e-06
5.137712986e-06
5.068970348e-06
4.985663664e-06
4.894319315e-06
4.802383614e-06
4.718192893e-06
4.651045487e-06
4.611423273e-06
4.964595307e-06
4.918100403e-06
4.852301234e-06
4.772471212e-06
4.684817278e-06
4.596454217e-06
4.515390547e-06
4.450611341e-06
4.412306311e-06
4.753664346e-06
4.709101166e-06
4.645985099e-06
4.569327029e-06
4.485044055e-06
4.399948981e-06
4.321749907e-06
4.259142781e-06
4.222046439e-06
4.552741931e-06
4.509943805e-06
4.449282249e-06
4.375530713e-06
4.294343002e-06
4.212255635e-06
4.136699245e-06
4.076100038e-06
4.040122397e-06
4.361112081e-06
4.319935831e-06
4.261533375e-06
4.190462955e-06
4.11213819e-06
4.032841128e-06
3.959743809e-06
3.901017999e-06
3.866086e-06
4.178142476e-06
4.138467775e-06
4.082160876e-06
4.013583995e-06
3.937930246e-06
3.861245427e-06
3.790458311e-06
3.733498084e-06
3.699553894e-06
4.003282546e-06
3.965009967e-06
3.910663992e-06
3.844427076e-06
3.771288371e-06
3.697072563e-06
3.628477587e-06
3.573199134e-06
3.540199028e-06
3.836056477e-06
3.799104788e-06
3.746610107e-06
3.682588742e-06
3.611839727e-06
3.539979264e-06
3.473484781e-06
3.419825879e-06
3.38774118e-06
3.6760534e-06
3.640356427e-06
3.589623888e-06
3.527717176e-06
3.459256616e-06
3.389660355e-06
3.325193879e-06
3.273106949e-06
3.241910056e-06
3.522916447e-06
3.488419693e-06
3.439375666e-06
3.379499805e-06
3.313242672e-06
3.245832352e-06
3.183328285e-06
3.132752812e-06
3.102403329e-06
3.376331869e-06
3.342989026e-06
3.295570238e-06
3.23765169e-06
3.173520407e-06
3.108220247e-06
3.047595258e-06
2.998462077e-06
2.968922046e-06
3.236018766e-06
3.203788144e-06
3.15793639e-06
3.101905163e-06
3.039819313e-06
2.976530732e-06
2.917694666e-06
2.869935138e-06
2.841166402e-06
3.101719046e-06
3.070559453e-06
3.026214918e-06
2.971987814e-06
2.911843702e-06
2.850463842e-06
2.793323226e-06
2.746863062e-06
2.71882196e-06
2.973185872e-06
2.943046152e-06
2.90012854e-06
2.847607167e-06
2.789297631e-06
2.72971644e-06
2.674164693e-06
2.628909462e-06
2.601530157e-06
2.850139086e-06
2.820961249e-06
2.779389606e-06
2.728474344e-06
2.671886306e-06
2.613980573e-06
2.559885538e-06
2.515691638e-06
2.488818176e-06
2.732297939e-06
2.704024933e-06
2.663717665e-06
2.614306162e-06
2.55931989e-06
2.502954577e-06
2.450166353e-06
2.406880428e-06
2.380525082e-06
2.619390141e-06
2.591964706e-06
2.552838574e-06
2.504824642e-06
2.451313621e-06
2.396343796e-06
2.34471687e-06
2.302344162e-06
2.276509604e-06
2.511148675e-06
2.484512087e-06
2.446480752e-06
2.399752585e-06
2.347581715e-06
2.293878792e-06
2.243413218e-06
2.201951713e-06
2.176636633e-06
2.407305149e-06
2.381395579e-06
2.344367866e-06
2.298804232e-06
2.247875741e-06
2.195438747e-06
2.146128648e-06
2.105571976e-06
2.080772988e-06
2.307578014e-06
2.282326341e-06
2.246207894e-06
2.201761126e-06
2.152077762e-06
2.100900081e-06
2.052735045e-06
2.013073892e-06
1.988786393e-06
2.211655885e-06
2.187038739e-06
2.151836668e-06
2.108512508e-06
2.060068881e-06
2.010138281e-06
1.963104112e-06
1.924327115e-06
1.900545793e-06
2.119416521e-06
2.095440893e-06
2.061154495e-06
2.018946663e-06
1.971729641e-06
1.923028836e-06
1.87710839e-06
1.839202878e-06
1.815922092e-06
2.030771089e-06
2.007434291e-06
1.974055124e-06
1.932949463e-06
1.886939994e-06
1.83944791e-06
1.794622114e-06
1.75757479e-06
1.734788874e-06
1.94562058e-06
1.922914133e-06
1.890427915e-06
1.85040485e-06
1.805579857e-06
1.759273062e-06
1.715521907e-06
1.679319401e-06
1.657022876e-06
1.863859032e-06
1.84177081e-06
1.810159329e-06
1.771195867e-06
1.727529952e-06
1.682383924e-06
1.639687251e-06
1.604316503e-06
1.582504216e-06
1.785375968e-06
1.763891691e-06
1.733134463e-06
1.695205825e-06
1.652672638e-06
1.608662709e-06
1.567000733e-06
1.532449214e-06
1.511116397e-06
1.710058608e-06
1.689162952e-06
1.659238517e-06
1.622319374e-06
1.580892569e-06
1.537994516e-06
1.497348098e-06
1.463603894e-06
1.442746179e-06
1.637793827e-06
1.617471218e-06
1.588358041e-06
1.552423314e-06
1.512077106e-06
1.470267439e-06
1.430618179e-06
1.397669991e-06
1.377283375e-06
1.568469742e-06
1.548704841e-06
1.520381844e-06
1.485407126e-06
1.446116526e-06
1.405372557e-06
1.366702764e-06
1.334539839e-06
1.314620627e-06
1.501976816e-06
1.482754765e-06
1.455201553e-06
1.421163242e-06
1.382904082e-06
1.343203864e-06
1.305496456e-06
1.274108474e-06
1.25465318e-06
1.438208521e-06
1.419514997e-06
1.392711888e-06
1.359587159e-06
1.322336012e-06
1.283658238e-06
1.246896621e-06
1.216273539e-06
1.197278717e-06
1.377061619e-06
1.358882805e-06
1.332810764e-06
1.30057749e-06
1.264311608e-06
1.226635582e-06
1.190803625e-06
1.160935583e-06
1.142397566e-06
1.318436209e-06
1.300758724e-06
1.275399297e-06
1.244036018e-06
1.208733378e-06
1.172039174e-06
1.137121554e-06
1.107999524e-06
1.089915837e-06
1.26223564e-06
1.245046495e-06
1.220381777e-06
1.189867719e-06
1.155507128e-06
1.119775801e-06
1.085758298e-06
1.057374445e-06
1.039743249e-06
1.208366372e-06
1.191652955e-06
1.167665606e-06
1.137980754e-06
1.104541969e-06
1.069755692e-06
1.036625328e-06
1.008973475e-06
9.917935605e-07
1.156737853e-06
1.140487955e-06
1.11716126e-06
1.088286463e-06
1.055750361e-06
1.021892688e-06
9.896384581e-07
9.627130672e-07
9.459833472e-07
1.107262409e-06
1.091464274e-06
1.068782229e-06
1.040699328e-06
1.009048081e-06
9.761044137e-07
9.447162016e-07
9.185121515e-07
9.022314766e-07
1.059855147e-06
1.044497533e-06
1.022444936e-06
9.951368904e-07
9.643543207e-07
9.323111627e-07
9.017794867e-07
8.76291671e-07
8.604586555e-07
1.014433875e-06
9.995061406e-07
9.7806872e-07
9.515200115e-07
9.215910963e-07
8.904356227e-07
8.607510632e-07
8.359740511e-07
8.205868274e-07
9.709191131e-07
9.564113729e-07
9.355762663e-07
9.097724187e-07
8.806828576e-07
8.504022843e-07
8.215548111e-07
7.974821424e-07
7.825379492e-07
9.292355904e-07
9.151388454e-07
8.948937178e-07
8.69820586e-07
8.415557455e-07
8.121363515e-07
7.841143575e-07
7.607375294e-07
7.462317518e-07
8.893115995e-07
8.756170042e-07
8.559496611e-07
8.315927875e-07
8.041371299e-07
7.755634082e-07
7.483522197e-07
7.256580143e-07
7.115804496e-07
8.510781451e-07
8.377768744e-07
8.186748675e-07
7.950191739e-07
7.683559302e-07
7.406100136e-07
7.141903441e-07
6.921557549e-07
6.784730434e-07
8.144685936e-07
8.015516775e-07
7.830022734e-07
7.600321743e-07
7.341437865e-07
7.072068153e-07
6.815588555e-07
6.601633601e-07
6.468747518e-07
7.794184055e-07
7.668767665e-07
7.488670463e-07
7.265666617e-07
7.014351484e-07
6.752877464e-07
6.503912387e-07
6.296147364e-07
6.167413725e-07
7.458650561e-07
7.336895806e-07
7.162065683e-07
6.945599253e-07
6.701671228e-07
6.447893246e-07
6.206216159e-07
6.004835523e-07
5.880331861e-07
7.137478996e-07
7.019294765e-07
6.849602146e-07
6.639514581e-07
6.402797458e-07
6.156537635e-07
5.922132139e-07
5.727285461e-07
5.607046696e-07
6.83007833e-07
6.715372363e-07
6.550684993e-07
6.346811928e-07
6.117117714e-07
5.878175882e-07
5.651281549e-07
5.463044299e-07
5.347072394e-07
6.535867124e-07
6.424543366e-07
6.264720609e-07
6.066880178e-07
5.843983179e-07
5.612559649e-07
5.393266963e-07
5.211643494e-07
5.099910986e-07
6.254263315e-07
6.146218593e-07
5.991106619e-07
5.799097548e-07
5.583098128e-07
5.359325637e-07
5.147651104e-07
4.972599502e-07
4.865057638e-07
5.984661213e-07
5.879781503e-07
5.729199863e-07
5.543081853e-07
5.334152336e-07
5.118073108e-07
4.913976983e-07
4.74542196e-07
4.642006319e-07
5.726374008e-07
5.624549102e-07
5.47862499e-07
5.298585612e-07
5.096791703e-07
4.88837946e-07
4.691779379e-07
4.529620584e-07
4.430254856e-07
5.478885259e-07
5.380307471e-07
5.239195951e-07
5.065305283e-07
4.87063361e-07
4.669810739e-07
4.48059214e-07
4.324710133e-07
4.229308799e-07
5.242162437e-07
5.146905323e-07
5.010651411e-07
4.842897515e-07
4.655277677e-07
4.461928798e-07
4.279953025e-07
4.130213817e-07
4.038684206e-07
5.016025434e-07
4.924095251e-07
4.792675885e-07
4.630991949e-07
4.450313758e-07
4.26429639e-07
4.089407066e-07
3.945665722e-07
3.857909679e-07
4.800204502e-07
4.711568171e-07
4.584918349e-07
4.429201889e-07
4.255328277e-07
4.076481059e-07
3.908509122e-07
3.770612676e-07
3.68652797e-07
4.594376512e-07
4.508977814e-07
4.387007031e-07
4.237133052e-07
4.069909447e-07
3.898058391e-07
3.736826078e-07
3.60461597e-07
3.524097518e-07
4.398188651e-07
4.315958004e-07
4.198560731e-07
4.054390685e-07
3.893651778e-07
3.728615033e-07
3.573939129e-07
3.44725332e-07
3.370194338e-07
4.211274509e-07
4.132135081e-07
4.019197615e-07
3.880585597e-07
3.726160337e-07
3.567751985e-07
3.419446649e-07
3.298121651e-07
3.224414827e-07
4.033265684e-07
3.95713742e-07
3.848542606e-07
3.71533991e-07
3.56705549e-07
3.415088919e-07
3.272968491e-07
3.15684158e-07
3.086380441e-07
3.863801421e-07
3.790603979e-07
3.686234854e-07
3.558293807e-07
3.415979418e-07
3.27027089e-07
3.134153201e-07
3.02306524e-07
2.95574598e-07
3.702538782e-07
3.632194123e-07
3.531937373e-07
3.409115359e-07
3.272606587e-07
3.132979865e-07
3.002690857e-07
2.896490426e-07
2.832214651e-07
3.549167478e-07
3.481602814e-07
3.38535299e-07
3.267517741e-07
3.13666277e-07
3.002956004e-07
2.87833686e-07
2.776886752e-07
2.715565825e-07
3.403436669e-07
3.338588524e-07
3.246254104e-07
3.133291668e-07
3.007960991e-07
2.880037788e-07
2.760956528e-07
2.664144362e-07
2.605706539e-07
3.265211502e-07
3.203031889e-07
3.114544629e-07
3.006371823e-07
2.886473562e-07
2.764240511e-07
2.650610335e-07
2.558365283e-07
2.502766956e-07
3.134598941e-07
3.075063962e-07
2.990392181e-07
2.886974712e-07
2.772477336e-07
2.655910232e-07
2.547716868e-07
2.460034197e-07
2.407276208e-07
3.012250314e-07
2.955369443e-07
2.874532354e-07
2.775904691e-07
2.666862447e-07
2.556036099e-07
2.453368773e-07
2.370336411e-07
2.32048059e-07
2.900112792e-07
2.845925449e-07
2.768991257e-07
2.675255033e-07
2.571805131e-07
2.466888241e-07
2.369932825e-07
2.29172588e-07
2.24489261e-07
2.803432198e-07
2.751935772e-07
2.678909754e-07
2.590086774e-07
2.492275493e-07
2.393343375e-07
2.302200531e-07
2.22892675e-07
2.185194806e-07
2.736151553e-07
2.686930814e-07
2.617211283e-07
2.532549048e-07
2.439521142e-07
2.345682063e-07
2.25951205e-07
2.190490605e-07
2.149447598e-07
1.365542074e-25
5.113955135e-25
1.140728725e-24
2.161419784e-24
3.814738907e-24
6.518023744e-24
1.099618884e-23
1.850245735e-23
3.120578584e-23
5.285991484e-23
8.996524209e-23
1.537835116e-22
2.638332249e-22
4.539552524e-22
7.828383975e-22
1.352286864e-21
2.338921115e-21
4.049189151e-21
7.014809788e-21
1.215831877e-20
2.108006544e-20
3.65554344e-20
6.339569807e-20
1.09936621e-19
1.90608991e-19
3.303699628e-19
5.72326347e-19
9.908172051e-19
1.71380167e-18
2.961046702e-18
5.109028127e-18
8.800784834e-18
1.513103379e-17
2.595659069e-17
4.441417705e-17
7.577927103e-17
1.288819719e-16
2.184259888e-16
3.687605765e-16
6.199707671e-16
1.037634587e-15
1.728328052e-15
2.864055192e-15
4.720404615e-15
7.735616024e-15
1.260120146e-14
2.039975803e-14
3.281276604e-14
5.243138033e-14
8.321774759e-14
1.311849054e-13
2.053918083e-13
3.193782111e-13
4.932493536e-13
7.566697143e-13
1.153144744e-12
1.746119121e-12
2.62762817e-12
3.930527029e-12
5.845719475e-12
8.646355038e-12
1.272171349e-11
1.862452274e-11
2.713685529e-11
3.936164464e-11
5.684941533e-11
8.177323233e-11
1.171693931e-10
1.672672816e-10
2.379393568e-10
3.373116924e-10
4.765869382e-10
6.711448422e-10
9.4199991e-10
1.31770993e-09
1.836840464e-09
2.551095135e-09
3.529214332e-09
4.861719317e-09
6.666527684e-09
9.095383895e-09
1.234093269e-08
1.664411669e-08
2.230141439e-08
2.967127135e-08
3.917894529e-08
5.131891758e-08
6.66540495e-08
8.581079986e-08
1.094700704e-07
1.383535831e-07
1.73206071e-07
2.147739329e-07
2.637812952e-07
3.209046285e-07
3.867471648e-07
4.618143975e-07
5.464898803e-07
6.410185979e-07
7.45490041e-07
8.598250366e-07
9.837641838e-07
1.116857989e-06
1.258464077e-06
1.40777149e-06
1.564146903e-06
1.727036638e-06
1.895903335e-06
2.07021322e-06
2.249431933e-06
2.433024881e-06
2.620459816e-06
2.811210326e-06
3.004759512e-06
3.200603466e-06
3.398254379e-06
3.597243172e-06
3.797121668e-06
3.997464298e-06
4.197869379e-06
4.397960002e-06
4.597384569e-06
4.795817014e-06
4.992956754e-06
5.1885284e-06
5.382281269e-06
5.573988713e-06
5.763447321e-06
5.950475998e-06
6.134914956e-06
6.316624638e-06
6.495484603e-06
6.671392372e-06
6.844262267e-06
7.014024257e-06
7.180622806e-06
7.344015755e-06
7.504173228e-06
7.661076577e-06
7.814717375e-06
7.965096448e-06
8.112222964e-06
8.256113572e-06
8.396791585e-06
8.534286228e-06
8.668631932e-06
8.799867674e-06
8.92803638e-06
9.053184361e-06
9.175360805e-06
9.294617312e-06
9.411007465e-06
9.524586445e-06
9.635410684e-06
9.743537548e-06
9.849025053e-06
9.951931616e-06
1.005231583e-05
1.015023625e-05
1.024575124e-05
1.033891881e-05
1.042979644e-05
1.051844104e-05
1.060490876e-05
1.068925496e-05
1.077153412e-05
1.085179972e-05
1.093010427e-05
1.100649917e-05
1.108103466e-05
1.11537598e-05
1.122472236e-05
1.129396871e-05
1.136154372e-05
1.142749052e-05
1.149185027e-05
1.155466176e-05
1.161596086e-05
1.167577978e-05
1.1734146e-05
1.179108086e-05
1.184659769e-05
1.190069925e-05
1.195337456e-05
1.200459474e-05
1.205430792e-05
1.210243297e-05
1.214885197e-05
1.219340144e-05
1.223586223e-05
1.227594827e-05
1.231329445e-05
1.234744381e-05
1.237783494e-05
1.240378989e-05
1.242450401e-05
1.243903835e-05
1.24463163e-05
1.244512555e-05
1.243412691e-05
1.241187122e-05
1.237682545e-05
1.232740852e-05
1.226203705e-05
1.217918002e-05
1.207742078e-05
1.19555232e-05
1.181249768e-05
1.164766148e-05
1.146068636e-05
1.125162583e-05
1.102091447e-05
1.076933217e-05
1.049792828e-05
1.02079023e-05
9.900440625e-06
9.576528314e-06
9.236867185e-06
8.884928566e-06
8.527082065e-06
8.169192703e-06
7.816175062e-06
7.472018512e-06
7.139532519e-06
6.820559607e-06
6.516115998e-06
6.226551293e-06
5.951710365e-06
5.691084439e-06
5.443942267e-06
5.209436639e-06
4.986685097e-06
4.774826536e-06
4.573057115e-06
4.380649687e-06
4.19696099e-06
4.021430397e-06
3.8535733e-06
3.692971512e-06
3.539262432e-06
3.392128199e-06
3.251285476e-06
3.11647573e-06
2.987454951e-06
2.863948326e-06
2.745674388e-06
2.632360684e-06
2.523740676e-06
2.419547159e-06
2.319500184e-06
2.223281421e-06
2.130739409e-06
2.041791395e-06
1.95634175e-06
1.874286551e-06
1.795516525e-06
1.719919499e-06
1.647382535e-06
1.577793665e-06
1.511043132e-06
1.447024142e-06
1.385633207e-06
1.326770208e-06
1.270338302e-06
1.216243776e-06
1.164395895e-06
1.114706783e-06
1.067091318e-06
1.021467042e-06
9.777541903e-07
9.358769662e-07
8.957635487e-07
8.573448767e-07
8.205543659e-07
7.853275214e-07
7.516018341e-07
7.193166577e-07
6.884129281e-07
6.588326427e-07
6.305179017e-07
6.034088696e-07
5.774401076e-07
5.525410754e-07
5.287141552e-07
5.059448741e-07
4.842083824e-07
4.634736214e-07
4.437060313e-07
4.248693625e-07
4.069269524e-07
3.898427513e-07
3.73582363e-07
3.581145152e-07
3.434136921e-07
3.294656942e-07
3.16280116e-07
3.039205736e-07
2.925805762e-07
2.827866032e-07
2.759520473e-07
)
;

boundaryField
{
    outlet
    {
        type            inletOutlet;
        inletValue      uniform 0;
        value           nonuniform List<scalar> 10(2.736151553e-07 2.686930814e-07 2.617211283e-07 2.532549048e-07 2.439521142e-07 2.345682063e-07 2.25951205e-07 2.190490605e-07 2.149447598e-07 2.759520473e-07);
    }
    inlet
    {
        type            fixedValue;
        value           uniform 0;
    }
    front
    {
        type            wedge;
    }
    wall
    {
        type            zeroGradient;
    }
    back
    {
        type            wedge;
    }
}


// ************************************************************************* //
