/*--------------------------------*- C++ -*----------------------------------*\
| =========                 |                                                 |
| \\      /  F ield         | OpenFOAM: The Open Source CFD Toolbox           |
|  \\    /   O peration     | Version:  2212                                  |
|   \\  /    A nd           | Website:  www.openfoam.com                      |
|    \\/     M anipulation  |                                                 |
\*---------------------------------------------------------------------------*/
FoamFile
{
    version     2.0;
    format      ascii;
    arch        "LSB;label=32;scalar=64";
    class       volScalarField;
    location    "23.25000000";
    object      CH3COCH2_0;
}
// * * * * * * * * * * * * * * * * * * * * * * * * * * * * * * * * * * * * * //

dimensions      [0 0 0 0 0 0 0];

internalField   nonuniform List<scalar> 
3000
(
4.132648144e-25
4.642443819e-25
5.411709852e-25
6.436797928e-25
7.707247338e-25
9.188503851e-25
1.07912878e-24
1.232049046e-24
1.340202407e-24
1.551547879e-24
1.749978739e-24
2.049277799e-24
2.449002632e-24
2.948743288e-24
3.545685494e-24
4.229468053e-24
4.965329594e-24
5.617473162e-24
3.475125316e-24
3.950280675e-24
4.673821175e-24
5.656220544e-24
6.915147742e-24
8.468806293e-24
1.03111848e-23
1.23385982e-23
1.40722674e-23
6.618887001e-24
7.602699616e-24
9.122748716e-24
1.123045069e-23
1.400046341e-23
1.750310137e-23
2.171937242e-23
2.631117739e-23
3.001820111e-23
1.17525171e-23
1.366496794e-23
1.666633697e-23
2.090903499e-23
2.65926058e-23
3.387623399e-23
4.263849236e-23
5.194316004e-23
5.908619904e-23
2.020785713e-23
2.379701049e-23
2.951049931e-23
3.7712796e-23
4.884133801e-23
6.31758119e-23
8.028826079e-23
9.802013823e-23
1.111388418e-22
3.43026486e-23
4.089490249e-23
5.1511247e-23
6.692416748e-23
8.799170199e-23
1.151321504e-22
1.472229554e-22
1.798266688e-22
2.033517608e-22
5.804605106e-23
6.997527006e-23
8.935730547e-23
1.177141684e-22
1.566269108e-22
2.06654878e-22
2.652877992e-22
3.239908123e-22
3.656411543e-22
9.838334673e-23
1.197420216e-22
1.546691457e-22
2.060282808e-22
2.766313538e-22
3.671553646e-22
4.724854329e-22
5.768439341e-22
6.500692091e-22
1.673396931e-22
2.052804498e-22
2.676079064e-22
3.595549467e-22
4.86031714e-22
6.477691258e-22
8.349167286e-22
1.018977559e-21
1.14716702e-21
2.857484728e-22
3.527486491e-22
4.6316395e-22
6.263820026e-22
8.509029426e-22
1.137375213e-21
1.467485818e-21
1.79048442e-21
2.014306021e-21
4.897118762e-22
6.075056267e-22
8.020544712e-22
1.090005372e-21
1.486026491e-21
1.990416309e-21
2.569882941e-21
3.134817355e-21
3.524928019e-21
8.418142643e-22
1.04822526e-21
1.389651652e-21
1.895398415e-21
2.59076407e-21
3.475190256e-21
4.489026584e-21
5.474908618e-21
6.154044048e-21
1.45057708e-21
1.811385569e-21
2.408830388e-21
3.294261156e-21
4.51133757e-21
6.057704375e-21
7.827498019e-21
9.545331564e-21
1.072661426e-20
2.504221111e-21
3.133775532e-21
4.176990196e-21
5.723572894e-21
7.848939888e-21
1.054721899e-20
1.363172856e-20
1.662167217e-20
1.867512271e-20
4.32925659e-21
5.426265961e-21
7.245024587e-21
9.941936346e-21
1.364738186e-20
1.834885159e-20
2.3718583e-20
2.891854651e-20
3.248662163e-20
7.49215499e-21
9.401834154e-21
1.256907963e-20
1.726618429e-20
2.37186779e-20
3.190176617e-20
4.124171143e-20
5.027959368e-20
5.64769009e-20
1.297576813e-20
1.629772017e-20
2.180860004e-20
2.998192224e-20
4.120788588e-20
5.543917437e-20
7.167351179e-20
8.737326989e-20
9.81324794e-20
2.248538876e-20
2.82608481e-20
3.784339495e-20
5.205566508e-20
7.157266728e-20
9.630596584e-20
1.245070896e-19
1.517652291e-19
1.70436201e-19
3.897956398e-20
4.901629093e-20
6.567036388e-20
9.036962146e-20
1.242811426e-19
1.672413042e-19
2.162028177e-19
2.635037176e-19
2.958880644e-19
6.759022446e-20
8.502596162e-20
1.139575967e-19
1.568610262e-19
2.157522852e-19
2.903296106e-19
3.752849441e-19
4.573167664e-19
5.134520239e-19
1.172165227e-19
1.474954212e-19
1.977352252e-19
2.722245174e-19
3.744412842e-19
5.038287052e-19
6.511431288e-19
7.933059262e-19
8.905357327e-19
2.032839019e-19
2.558476273e-19
3.430521268e-19
4.723161489e-19
6.496284068e-19
8.739561871e-19
1.129205006e-18
1.375359718e-18
1.543602314e-18
3.525139214e-19
4.437268401e-19
5.95020471e-19
8.19207931e-19
1.126574813e-18
1.515190592e-18
1.957033375e-18
2.382780109e-18
2.673536003e-18
6.111580904e-19
7.693592076e-19
1.03168879e-18
1.420233105e-18
1.952599839e-18
2.625147083e-18
3.389082093e-18
4.124429042e-18
4.626115826e-18
1.059186111e-18
1.333397701e-18
1.787917529e-18
2.460723347e-18
3.381832158e-18
4.544306249e-18
5.863177668e-18
7.131068975e-18
7.994997683e-18
1.834679562e-18
2.309582635e-18
3.096356356e-18
4.260107595e-18
5.851742011e-18
7.857919573e-18
1.013067184e-17
1.231211655e-17
1.379622671e-17
3.175661213e-18
3.99727091e-18
5.357550508e-18
7.367703207e-18
1.011350268e-17
1.356909175e-17
1.747682203e-17
2.122030384e-17
2.376229012e-17
5.491598191e-18
6.911124823e-18
9.25942765e-18
1.272558931e-17
1.745298938e-17
2.339120805e-17
3.009179835e-17
3.649575554e-17
4.083437711e-17
9.485188285e-18
1.193364154e-17
1.598005047e-17
2.194417729e-17
3.00633803e-17
4.023900701e-17
5.169114925e-17
6.260586694e-17
6.998042812e-17
1.635892875e-17
2.057336942e-17
2.752991158e-17
3.776581725e-17
5.166941759e-17
6.904757229e-17
8.854576684e-17
1.070683546e-16
1.195435967e-16
2.816383325e-17
3.53997674e-17
4.732646426e-17
6.483973358e-17
8.856590202e-17
1.181277148e-16
1.511775764e-16
1.824556303e-16
2.034454709e-16
4.838495909e-17
6.077122947e-17
8.115214079e-17
1.110079904e-16
1.513316431e-16
2.013899932e-16
2.571261998e-16
3.096491215e-16
3.44751897e-16
8.291859784e-17
1.040458013e-16
1.387400708e-16
1.894222482e-16
2.576334736e-16
3.41960166e-16
4.3541929e-16
5.230706763e-16
5.813865427e-16
1.416919123e-16
1.77579499e-16
2.363771078e-16
3.219967493e-16
4.367695226e-16
5.779973634e-16
7.337208042e-16
8.790042534e-16
9.751902528e-16
2.413264294e-16
3.019965829e-16
4.011372398e-16
5.449848312e-16
7.369529162e-16
9.719548548e-16
1.229635218e-15
1.468687917e-15
1.626129375e-15
4.094791023e-16
5.114898297e-16
6.776947527e-16
9.17884691e-16
1.236853193e-15
1.625145722e-15
2.04837267e-15
2.438671708e-15
2.694326201e-15
6.918452152e-16
8.623165028e-16
1.139159617e-15
1.537484111e-15
2.063647755e-15
2.700353504e-15
3.389999553e-15
4.022078741e-15
4.433803196e-15
1.163322808e-15
1.446245506e-15
1.90407725e-15
2.559694436e-15
3.420841741e-15
4.456415134e-15
5.570869528e-15
6.585939572e-15
7.243470251e-15
1.945573446e-15
2.411535037e-15
3.162686867e-15
4.232936986e-15
5.630413993e-15
7.300207216e-15
9.08554462e-15
1.070167813e-14
1.174292321e-14
3.234229592e-15
3.995125348e-15
5.216760994e-15
6.948217426e-15
9.195374538e-15
1.186315707e-14
1.469737364e-14
1.724784515e-14
1.888275596e-14
5.340365014e-15
6.571157236e-15
8.53883581e-15
1.131254501e-14
1.489032575e-14
1.911083582e-14
2.356721918e-14
2.755540497e-14
3.010023138e-14
8.752680171e-15
1.072273541e-14
1.385833972e-14
1.825378222e-14
2.388854406e-14
3.049432852e-14
3.742892283e-14
4.360386699e-14
4.752833535e-14
1.422945992e-14
1.734627037e-14
2.228408931e-14
2.916605609e-14
3.793351468e-14
4.814891825e-14
5.881338909e-14
6.826580358e-14
7.425234025e-14
2.293355324e-14
2.780152001e-14
3.547543653e-14
4.610563562e-14
5.955979747e-14
7.513614134e-14
9.130423581e-14
1.05566883e-13
1.145680494e-13
3.663136025e-14
4.412767744e-14
5.588009721e-14
7.204938541e-14
9.236295589e-14
1.157066859e-13
1.397680583e-13
1.608609467e-13
1.741037535e-13
5.799190308e-14
6.936080327e-14
8.707026249e-14
1.112368587e-13
1.413158806e-13
1.755360562e-13
2.104369872e-13
2.406989494e-13
2.594949992e-13
9.104985154e-14
1.080167862e-13
1.342376448e-13
1.696426289e-13
2.131420603e-13
2.618691936e-13
3.106516616e-13
3.520222031e-13
3.770740924e-13
1.419391915e-13
1.668492235e-13
2.049557923e-13
2.556737823e-13
3.168005601e-13
3.835427377e-13
4.480863494e-13
5.003036058e-13
5.300126697e-13
2.200466283e-13
2.560327474e-13
3.103571761e-13
3.812266587e-13
4.641895462e-13
5.509615295e-13
6.29541848e-13
6.868326766e-13
7.142946057e-13
3.397113328e-13
3.908766578e-13
4.667917981e-13
5.631202653e-13
6.71065616e-13
7.761591317e-13
8.599632647e-13
9.069457318e-13
9.166911199e-13
5.223528168e-13
5.938448092e-13
6.975725797e-13
8.243115561e-13
9.574874145e-13
1.072590841e-12
1.142652179e-12
1.152746798e-12
1.121306421e-12
7.981383033e-13
8.957258975e-13
1.033266984e-12
1.192910618e-12
1.345552332e-12
1.452863648e-12
1.480304763e-12
1.422012899e-12
1.327286061e-12
1.204926945e-12
1.333278696e-12
1.507299747e-12
1.695340912e-12
1.850957505e-12
1.921795024e-12
1.874709262e-12
1.727013595e-12
1.56301167e-12
1.780282291e-12
1.93902202e-12
2.142843227e-12
2.340967029e-12
2.468383201e-12
2.467851981e-12
2.325959226e-12
2.093398068e-12
1.875464319e-12
2.542512147e-12
2.720587379e-12
2.931472551e-12
3.103832237e-12
3.162742684e-12
3.066403206e-12
2.837215782e-12
2.549093711e-12
2.302136392e-12
3.464403381e-12
3.637472653e-12
3.818004401e-12
3.922819005e-12
3.887153755e-12
3.703103181e-12
3.421331075e-12
3.110500224e-12
2.851081707e-12
4.462828056e-12
4.603045398e-12
4.721716115e-12
4.742170751e-12
4.62682386e-12
4.395194199e-12
4.095812344e-12
3.773235817e-12
3.497287054e-12
5.442941867e-12
5.542257355e-12
5.603985823e-12
5.570052191e-12
5.423252025e-12
5.181920397e-12
4.870288689e-12
4.513980153e-12
4.195875782e-12
6.391022206e-12
6.474161471e-12
6.521855572e-12
6.485727703e-12
6.345072914e-12
6.096229706e-12
5.740042007e-12
5.303611993e-12
4.909236653e-12
7.416465899e-12
7.518791862e-12
7.592732705e-12
7.580385623e-12
7.440438569e-12
7.145129856e-12
6.688426408e-12
6.124406615e-12
5.629730307e-12
8.672846273e-12
8.806667122e-12
8.908882063e-12
8.899346245e-12
8.71244404e-12
8.308430943e-12
7.698891653e-12
6.9814537e-12
6.381225937e-12
1.025020214e-11
1.039558604e-11
1.048859386e-11
1.042521902e-11
1.01250905e-11
9.558380647e-12
8.772158776e-12
7.903223637e-12
7.206037189e-12
1.213523239e-11
1.225186826e-11
1.227878341e-11
1.209879908e-11
1.163626464e-11
1.088839566e-11
9.935447529e-12
8.934598504e-12
8.153421876e-12
1.423347013e-11
1.428186517e-11
1.419737973e-11
1.386739062e-11
1.323619504e-11
1.232761419e-11
1.123853981e-11
1.012975934e-11
9.275723029e-12
1.643477662e-11
1.639873447e-11
1.619507747e-11
1.572773868e-11
1.496175775e-11
1.393485534e-11
1.274503997e-11
1.15491806e-11
1.062969066e-11
1.868827486e-11
1.858277002e-11
1.82906606e-11
1.773236273e-11
1.688449625e-11
1.57857849e-11
1.452710211e-11
1.326030719e-11
1.227949418e-11
2.102977132e-11
2.089012569e-11
2.056001767e-11
1.996850028e-11
1.909311168e-11
1.796508243e-11
1.666478006e-11
1.533982174e-11
1.429987035e-11
2.355493791e-11
2.34217751e-11
2.310647739e-11
2.253726745e-11
2.168394606e-11
2.056481526e-11
1.924761298e-11
1.787623453e-11
1.677875039e-11
2.638162343e-11
2.629297481e-11
2.604089041e-11
2.554452866e-11
2.475915687e-11
2.368563019e-11
2.23768078e-11
2.09719676e-11
1.981919892e-11
2.962962942e-11
2.961993664e-11
2.947560736e-11
2.909992406e-11
2.842789501e-11
2.743866603e-11
2.616680551e-11
2.474459632e-11
2.354047882e-11
3.341656488e-11
3.351841641e-11
3.352504412e-11
3.331840963e-11
3.280807662e-11
3.1946633e-11
3.074578141e-11
2.932695815e-11
2.807798264e-11
3.785943014e-11
3.810550473e-11
3.830774708e-11
3.832192522e-11
3.802701623e-11
3.734359196e-11
3.625475892e-11
3.486583785e-11
3.358172512e-11
4.307741503e-11
4.35020634e-11
4.39477692e-11
4.423955893e-11
4.422053684e-11
4.377314276e-11
4.284507665e-11
4.151894967e-11
4.021309786e-11
4.919331142e-11
4.983324614e-11
5.057419463e-11
5.120598846e-11
5.153034022e-11
5.138483111e-11
5.067400393e-11
4.944999456e-11
4.813965325e-11
5.633284654e-11
5.722712336e-11
5.831881272e-11
5.935809149e-11
6.009953841e-11
6.032866865e-11
5.989839694e-11
5.882168673e-11
5.752781243e-11
6.462204988e-11
6.581138694e-11
6.731192608e-11
6.882972105e-11
7.006634897e-11
7.074778632e-11
7.066644191e-11
6.978682074e-11
6.853358169e-11
7.418272728e-11
7.570821614e-11
7.767638094e-11
7.974475501e-11
8.155610052e-11
8.276942004e-11
8.310774134e-11
8.247768216e-11
8.129160407e-11
8.512620886e-11
8.702748802e-11
8.952003467e-11
9.220868651e-11
9.467188773e-11
9.649465202e-11
9.732224915e-11
9.699437205e-11
9.590314979e-11
9.754566541e-11
9.985866204e-11
1.029270469e-10
1.06299222e-10
1.094844403e-10
1.119875779e-10
1.133688236e-10
1.133928895e-10
1.124239286e-10
1.115074616e-10
1.142618548e-10
1.179485834e-10
1.220565699e-10
1.260219981e-10
1.292648045e-10
1.312544037e-10
1.316740538e-10
1.30852845e-10
1.270422103e-10
1.302588201e-10
1.345937207e-10
1.394743004e-10
1.44261173e-10
1.482863567e-10
1.509249752e-10
1.517744974e-10
1.511229638e-10
1.441363737e-10
1.47824722e-10
1.528214987e-10
1.584917894e-10
1.641198812e-10
1.689491446e-10
1.722595305e-10
1.735609732e-10
1.730959493e-10
1.627253775e-10
1.668816873e-10
1.72535132e-10
1.789892854e-10
1.854534054e-10
1.910840593e-10
1.950680967e-10
1.968290531e-10
1.965610609e-10
1.826892216e-10
1.872951127e-10
1.935793375e-10
2.007865224e-10
2.080544605e-10
2.144575172e-10
2.19094595e-10
2.213069373e-10
2.212394045e-10
2.038514537e-10
2.088735438e-10
2.15741521e-10
2.23645525e-10
2.316577965e-10
2.387778583e-10
2.440248168e-10
2.466645695e-10
2.467935899e-10
2.259821034e-10
2.313726435e-10
2.387572195e-10
2.47277844e-10
2.559493895e-10
2.637064618e-10
2.694992109e-10
2.725276259e-10
2.728423014e-10
2.488047773e-10
2.545033372e-10
2.623197234e-10
2.713559484e-10
2.805797291e-10
2.888728635e-10
2.951295685e-10
2.984953209e-10
2.989786504e-10
2.720076282e-10
2.779437259e-10
2.860932969e-10
2.955279777e-10
3.051801748e-10
3.13892628e-10
3.205181708e-10
3.241604627e-10
3.247906861e-10
2.952574202e-10
3.013538712e-10
3.097289363e-10
3.194346071e-10
3.29380936e-10
3.383863438e-10
3.452776225e-10
3.491299092e-10
3.498822261e-10
3.182154876e-10
3.243921622e-10
3.328812594e-10
3.427264822e-10
3.528289959e-10
3.619979324e-10
3.690494504e-10
3.730434663e-10
3.738923838e-10
3.405541276e-10
3.467317606e-10
3.55224969e-10
3.650806184e-10
3.75204332e-10
3.844105596e-10
3.915195327e-10
3.955884687e-10
3.965062349e-10
3.619719105e-10
3.680756205e-10
3.764694197e-10
3.862143638e-10
3.962331858e-10
4.053592628e-10
4.124304195e-10
4.165101576e-10
4.174722321e-10
3.822065603e-10
3.881687939e-10
3.963700848e-10
4.058958097e-10
4.156973142e-10
4.246390724e-10
4.315856385e-10
4.356208795e-10
4.366051911e-10
4.01044428e-10
4.068071506e-10
4.147362368e-10
4.23950098e-10
4.334389233e-10
4.421055996e-10
4.488559338e-10
4.527997197e-10
4.537873765e-10
4.183261062e-10
4.238421717e-10
4.314351249e-10
4.402616089e-10
4.493581641e-10
4.576787722e-10
4.641754074e-10
4.679901554e-10
4.689660144e-10
4.339485069e-10
4.39181142e-10
4.463860954e-10
4.547679414e-10
4.634148651e-10
4.713364837e-10
4.775371598e-10
4.811960681e-10
4.821502196e-10
4.478563495e-10
4.527804657e-10
4.595640892e-10
4.674624702e-10
4.756207736e-10
4.831089381e-10
4.889887845e-10
4.924811894e-10
4.934177205e-10
4.600471063e-10
4.646478546e-10
4.709903724e-10
4.783832331e-10
4.860322176e-10
4.930722661e-10
4.986299417e-10
5.019809593e-10
5.029780693e-10
4.705588389e-10
4.748305071e-10
4.80724848e-10
4.876057316e-10
4.947427067e-10
5.013413064e-10
5.066039743e-10
5.098832451e-10
5.10898309e-10
4.794630712e-10
4.834082354e-10
4.888593489e-10
4.952375331e-10
5.018801245e-10
5.08071846e-10
5.131129059e-10
5.162665198e-10
5.172644583e-10
4.868587576e-10
4.904884733e-10
4.95514691e-10
5.014200153e-10
5.076176331e-10
5.134808159e-10
5.182405288e-10
5.212255361e-10
5.221868069e-10
4.928711604e-10
4.962084655e-10
5.0084789e-10
5.063495186e-10
5.121634605e-10
5.176362838e-10
5.220785569e-10
5.248747608e-10
5.257883794e-10
4.976655023e-10
5.007627179e-10
5.050825154e-10
5.10189165e-10
5.155667883e-10
5.206253152e-10
5.247376556e-10
5.273366939e-10
5.281962383e-10
5.014939526e-10
5.043393613e-10
5.083012614e-10
5.129820082e-10
5.179108278e-10
5.225522267e-10
5.263341369e-10
5.287338847e-10
5.29535377e-10
5.043645033e-10
5.069501435e-10
5.105503739e-10
5.14806295e-10
5.192927261e-10
5.235250241e-10
5.269822873e-10
5.291839938e-10
5.299248149e-10
5.063285144e-10
5.086601751e-10
5.119088278e-10
5.157532679e-10
5.198120868e-10
5.236485936e-10
5.26790245e-10
5.287970233e-10
5.294753641e-10
5.07462846e-10
5.095515054e-10
5.124641019e-10
5.159152053e-10
5.19564739e-10
5.230212111e-10
5.258579414e-10
5.276739755e-10
5.282885703e-10
5.078497381e-10
5.097081801e-10
5.123021747e-10
5.153798088e-10
5.186397366e-10
5.217329674e-10
5.242762968e-10
5.259064346e-10
5.264564434e-10
5.075687208e-10
5.092101632e-10
5.11503454e-10
5.142278691e-10
5.171181986e-10
5.19865321e-10
5.221271776e-10
5.235767301e-10
5.240616941e-10
5.066935349e-10
5.08131056e-10
5.101413366e-10
5.125325633e-10
5.150731484e-10
5.174912916e-10
5.194837997e-10
5.207584426e-10
5.211782729e-10
5.052912032e-10
5.065375009e-10
5.082819782e-10
5.103595587e-10
5.125698741e-10
5.146759957e-10
5.164113676e-10
5.175170921e-10
5.178720677e-10
5.03422049e-10
5.044893451e-10
5.059846248e-10
5.077674976e-10
5.096665375e-10
5.114773409e-10
5.129678178e-10
5.139108991e-10
5.142016628e-10
5.011401272e-10
5.020401369e-10
5.033021851e-10
5.048086432e-10
5.06414877e-10
5.079467679e-10
5.092045804e-10
5.099915494e-10
5.102190979e-10
4.98493815e-10
4.992377463e-10
5.002818853e-10
5.015295658e-10
5.028609194e-10
5.041299773e-10
5.05167311e-10
5.058049218e-10
5.059705862e-10
4.955264377e-10
4.961250019e-10
4.969659199e-10
4.979718063e-10
4.990456515e-10
5.000676052e-10
5.008965646e-10
5.013917563e-10
5.014971756e-10
4.922768678e-10
4.927402936e-10
4.933920571e-10
4.941724838e-10
4.950056294e-10
4.957958311e-10
4.964283999e-10
4.967882523e-10
4.968353403e-10
4.887800679e-10
4.891181143e-10
4.895941805e-10
4.901648364e-10
4.907735166e-10
4.913469136e-10
4.917949125e-10
4.920265972e-10
4.920175058e-10
4.850675664e-10
4.852895346e-10
4.85602761e-10
4.8597869e-10
4.863785514e-10
4.867496563e-10
4.870246981e-10
4.871354287e-10
4.870725076e-10
4.81167867e-10
4.812826096e-10
4.814452612e-10
4.816408614e-10
4.818469485e-10
4.820298091e-10
4.821432544e-10
4.821402358e-10
4.820259928e-10
4.771067954e-10
4.771227245e-10
4.771464796e-10
4.771755013e-10
4.772022419e-10
4.772104121e-10
4.771733275e-10
4.770637075e-10
4.769007694e-10
4.729077917e-10
4.72832886e-10
4.727288412e-10
4.726043853e-10
4.724655782e-10
4.723120918e-10
4.721352114e-10
4.719260353e-10
4.717171103e-10
4.685921568e-10
4.684339684e-10
4.682126446e-10
4.679471622e-10
4.676559669e-10
4.673533156e-10
4.670470064e-10
4.667451768e-10
4.664930204e-10
4.641792606e-10
4.639449224e-10
4.636162711e-10
4.632215656e-10
4.627904958e-10
4.623506116e-10
4.619248457e-10
4.615370869e-10
4.612444707e-10
4.596867191e-10
4.593829529e-10
4.589563647e-10
4.584435965e-10
4.578845176e-10
4.573187608e-10
4.567830925e-10
4.563159199e-10
4.559856045e-10
4.551305472e-10
4.54763673e-10
4.542479881e-10
4.536276823e-10
4.529518134e-10
4.522709653e-10
4.516345141e-10
4.510942101e-10
4.507289211e-10
4.505252921e-10
4.501012385e-10
4.495047587e-10
4.487868162e-10
4.480047361e-10
4.472189972e-10
4.464904366e-10
4.458830308e-10
4.454854389e-10
4.458841508e-10
4.454084667e-10
4.447389701e-10
4.439326813e-10
4.43054338e-10
4.421733314e-10
4.413608828e-10
4.406921378e-10
4.402648422e-10
4.412190758e-10
4.406969428e-10
4.399616999e-10
4.390757615e-10
4.381104864e-10
4.371432643e-10
4.362546959e-10
4.355300975e-10
4.350756126e-10
4.365408705e-10
4.359771171e-10
4.351829087e-10
4.342254424e-10
4.331819664e-10
4.321370219e-10
4.311796514e-10
4.304044026e-10
4.299251476e-10
4.318592769e-10
4.312583928e-10
4.304115294e-10
4.293901028e-10
4.282765758e-10
4.271618568e-10
4.261425582e-10
4.25321577e-10
4.248198681e-10
4.271830563e-10
4.265492077e-10
4.256555494e-10
4.245771989e-10
4.234012111e-10
4.222241371e-10
4.211493502e-10
4.202872707e-10
4.197653157e-10
4.225200648e-10
4.218571096e-10
4.209220875e-10
4.197933413e-10
4.185619461e-10
4.173294278e-10
4.162051704e-10
4.15306346e-10
4.147662406e-10
4.178773226e-10
4.171888267e-10
4.162174641e-10
4.150443668e-10
4.137641053e-10
4.124825647e-10
4.113144468e-10
4.103829559e-10
4.098266821e-10
4.132610802e-10
4.125503329e-10
4.11547267e-10
4.103354045e-10
4.090123301e-10
4.076877228e-10
4.064809618e-10
4.055206152e-10
4.049500411e-10
4.08676879e-10
4.079469093e-10
4.069164126e-10
4.056709369e-10
4.043106406e-10
4.029484781e-10
4.017079161e-10
4.007222656e-10
4.001391462e-10
4.041296093e-10
4.033832007e-10
4.023292028e-10
4.010548568e-10
3.996624927e-10
3.982678655e-10
3.969979867e-10
3.959903348e-10
3.953963137e-10
3.996235635e-10
3.988632699e-10
3.97789378e-10
3.964905198e-10
3.950708304e-10
3.936484309e-10
3.923533792e-10
3.913267897e-10
3.907234022e-10
3.951624867e-10
3.943906465e-10
3.93300166e-10
3.919807929e-10
3.905381338e-10
3.890922792e-10
3.877758768e-10
3.867331858e-10
3.861218618e-10
3.907496233e-10
3.89968374e-10
3.888643282e-10
3.875280998e-10
3.860664638e-10
3.846011188e-10
3.83266884e-10
3.82210711e-10
3.81592779e-10
3.863877608e-10
3.855990527e-10
3.844842017e-10
3.831344624e-10
3.816575029e-10
3.801763014e-10
3.788274667e-10
3.777602264e-10
3.771369176e-10
3.820792706e-10
3.812848798e-10
3.801617388e-10
3.788015389e-10
3.773125928e-10
3.758188595e-10
3.744583886e-10
3.733823022e-10
3.727547547e-10
3.778261456e-10
3.770276863e-10
3.758985431e-10
3.745306598e-10
3.730327687e-10
3.715295394e-10
3.701601449e-10
3.690772512e-10
3.684465147e-10
3.736300357e-10
3.728289722e-10
3.716959031e-10
3.703228597e-10
3.68818791e-10
3.673088325e-10
3.659329919e-10
3.648451585e-10
3.642121988e-10
3.694922796e-10
3.686899373e-10
3.675548235e-10
3.661789079e-10
3.646711743e-10
3.63157003e-10
3.617769745e-10
3.606859087e-10
3.600516124e-10
3.654139353e-10
3.646115114e-10
3.63476053e-10
3.620993354e-10
3.605902137e-10
3.590741135e-10
3.576919513e-10
3.565992105e-10
3.559643893e-10
3.613958076e-10
3.605943809e-10
3.594601111e-10
3.580844605e-10
3.565760089e-10
3.550600484e-10
3.536776169e-10
3.525846184e-10
3.51950014e-10
3.574384735e-10
3.566390138e-10
3.555073118e-10
3.541344114e-10
3.526284861e-10
3.511145345e-10
3.497335222e-10
3.486415531e-10
3.480078412e-10
3.535423058e-10
3.527456823e-10
3.516177856e-10
3.502491473e-10
3.487474186e-10
3.472371606e-10
3.458590929e-10
3.44769319e-10
3.441371137e-10
3.497074946e-10
3.489144843e-10
3.477914999e-10
3.46428478e-10
3.449324443e-10
3.434273945e-10
3.42053646e-10
3.409671206e-10
3.403369786e-10
3.459340668e-10
3.451453619e-10
3.440282771e-10
3.426720809e-10
3.411830826e-10
3.396845988e-10
3.383164046e-10
3.372340768e-10
3.366065011e-10
3.422219044e-10
3.414381194e-10
3.403278113e-10
3.389795172e-10
3.374987495e-10
3.360080451e-10
3.346465117e-10
3.335692342e-10
3.329446779e-10
3.385707608e-10
3.377924389e-10
3.366896842e-10
3.353502464e-10
3.338787711e-10
3.323969266e-10
3.310430421e-10
3.299715784e-10
3.293504485e-10
3.34980276e-10
3.342078954e-10
3.331133784e-10
3.317836393e-10
3.303223959e-10
3.288503699e-10
3.275050134e-10
3.264400447e-10
3.25822705e-10
3.314499902e-10
3.306839695e-10
3.295982901e-10
3.282789899e-10
3.268288059e-10
3.25367445e-10
3.240313954e-10
3.229735271e-10
3.223603021e-10
3.279793564e-10
3.272200598e-10
3.261437411e-10
3.248355263e-10
3.233971267e-10
3.219471752e-10
3.206211194e-10
3.195708871e-10
3.189620642e-10
3.245677515e-10
3.238154938e-10
3.227489885e-10
3.214524205e-10
3.200264365e-10
3.185885448e-10
3.172730854e-10
3.162309606e-10
3.156267936e-10
3.212144868e-10
3.204695377e-10
3.194132347e-10
3.181287968e-10
3.167157743e-10
3.152905069e-10
3.139861693e-10
3.129525647e-10
3.123532762e-10
3.179188174e-10
3.171814055e-10
3.161356353e-10
3.148637402e-10
3.134641471e-10
3.120519905e-10
3.107592294e-10
3.097345037e-10
3.091402875e-10
3.146799503e-10
3.139502671e-10
3.129153074e-10
3.116563032e-10
3.102705364e-10
3.088719057e-10
3.075911114e-10
3.065755739e-10
3.059865975e-10
3.114970524e-10
3.107752556e-10
3.09751336e-10
3.085055124e-10
3.071339044e-10
3.057491496e-10
3.044806537e-10
3.034745685e-10
3.028909753e-10
3.083692571e-10
3.076554737e-10
3.066427806e-10
3.054103742e-10
3.040531988e-10
3.02682611e-10
3.014266912e-10
3.004302814e-10
2.998521926e-10
3.052956706e-10
3.045900001e-10
3.035886803e-10
3.023698796e-10
3.010273577e-10
2.996711744e-10
2.9842806e-10
2.974415108e-10
2.968690274e-10
3.022753775e-10
3.015778944e-10
3.005880594e-10
2.993830096e-10
2.98055314e-10
2.96713724e-10
2.954835999e-10
2.945070625e-10
2.939402672e-10
2.993074458e-10
2.986182023e-10
2.976399314e-10
2.964487385e-10
2.951359986e-10
2.938091468e-10
2.92592158e-10
2.916257526e-10
2.910647111e-10
2.963909313e-10
2.957099591e-10
2.947433031e-10
2.935660379e-10
2.922683441e-10
2.909563358e-10
2.897525909e-10
2.887964096e-10
2.882411723e-10
2.935248813e-10
2.928521945e-10
2.918971782e-10
2.907338798e-10
2.894512874e-10
2.881541923e-10
2.869637673e-10
2.860178767e-10
2.854684805e-10
2.907083386e-10
2.900439349e-10
2.891005602e-10
2.879512395e-10
2.866837724e-10
2.854016281e-10
2.842245697e-10
2.832890135e-10
2.827454826e-10
2.879403443e-10
2.87284207e-10
2.863524553e-10
2.85217098e-10
2.83964752e-10
2.826975675e-10
2.815338961e-10
2.806086976e-10
2.800710449e-10
2.852199399e-10
2.845720398e-10
2.836518742e-10
2.825304437e-10
2.812931897e-10
2.800409487e-10
2.788906613e-10
2.779758255e-10
2.774440541e-10
2.825461698e-10
2.819064663e-10
2.80997834e-10
2.79890274e-10
2.78668061e-10
2.774307246e-10
2.762937975e-10
2.753893131e-10
2.748634172e-10
2.799180818e-10
2.792865246e-10
2.783893589e-10
2.772955958e-10
2.760883534e-10
2.748658632e-10
2.737422547e-10
2.728480963e-10
2.723280622e-10
2.773347278e-10
2.767112581e-10
2.758254799e-10
2.747454252e-10
2.735530665e-10
2.723453468e-10
2.712349994e-10
2.703511293e-10
2.698369367e-10
2.747951621e-10
2.741797137e-10
2.733052334e-10
2.722387856e-10
2.710612091e-10
2.698681699e-10
2.687710126e-10
2.678973825e-10
2.673890053e-10
2.722984386e-10
2.716909388e-10
2.708276577e-10
2.697747039e-10
2.68611796e-10
2.674333343e-10
2.663492848e-10
2.654858375e-10
2.649832449e-10
2.698436047e-10
2.692439751e-10
2.683917863e-10
2.673522039e-10
2.662038398e-10
2.65039842e-10
2.63968808e-10
2.631154789e-10
2.626186357e-10
2.67429692e-10
2.668378487e-10
2.659966376e-10
2.649702947e-10
2.638363395e-10
2.62686682e-10
2.616285624e-10
2.607852802e-10
2.602941478e-10
2.650557012e-10
2.644715547e-10
2.636411985e-10
2.626279535e-10
2.615082621e-10
2.60372811e-10
2.593274957e-10
2.584941822e-10
2.580087184e-10
2.627205803e-10
2.62144034e-10
2.613244006e-10
2.603241001e-10
2.592185146e-10
2.580971238e-10
2.570644921e-10
2.56241061e-10
2.557612188e-10
2.60423193e-10
2.598541413e-10
2.590450849e-10
2.580575597e-10
2.56965905e-10
2.558584111e-10
2.548383268e-10
2.540246802e-10
2.53550406e-10
2.58162275e-10
2.576005983e-10
2.56801954e-10
2.558270112e-10
2.547490859e-10
2.536552993e-10
2.526476024e-10
2.518436234e-10
2.513748525e-10
2.559363741e-10
2.553819326e-10
2.54593506e-10
2.536309161e-10
2.525664784e-10
2.51486168e-10
2.504906602e-10
2.496962012e-10
2.492328504e-10
2.53743771e-10
2.531963942e-10
2.524179465e-10
2.514674248e-10
2.504161702e-10
2.4934904e-10
2.483654623e-10
2.475803262e-10
2.471222825e-10
2.515823769e-10
2.510418485e-10
2.502730745e-10
2.493342533e-10
2.482957825e-10
2.472414377e-10
2.462694368e-10
2.454933492e-10
2.450404527e-10
2.494496027e-10
2.489156401e-10
2.481561381e-10
2.472285276e-10
2.462023019e-10
2.451602003e-10
2.441992823e-10
2.434318519e-10
2.429838712e-10
2.473421976e-10
2.468144244e-10
2.460636552e-10
2.45146592e-10
2.44131872e-10
2.431012588e-10
2.421507246e-10
2.413913888e-10
2.409479879e-10
2.452560536e-10
2.447339632e-10
2.439911971e-10
2.430837757e-10
2.420795422e-10
2.41059364e-10
2.401182253e-10
2.393661794e-10
2.389268735e-10
2.43185974e-10
2.426688842e-10
2.419331337e-10
2.410341206e-10
2.400389734e-10
2.390277694e-10
2.380946418e-10
2.373487473e-10
2.369128467e-10
2.411254077e-10
2.406124046e-10
2.398823419e-10
2.389900695e-10
2.380021036e-10
2.369978716e-10
2.360708425e-10
2.353295151e-10
2.348960558e-10
2.390661513e-10
2.385560224e-10
2.378298807e-10
2.369421216e-10
2.359587796e-10
2.349588161e-10
2.340352874e-10
2.332963636e-10
2.328640245e-10
2.369980268e-10
2.364891838e-10
2.357646438e-10
2.348784651e-10
2.338963669e-10
2.328970836e-10
2.31973591e-10
2.312341737e-10
2.308011816e-10
2.34908545e-10
2.343989379e-10
2.336730008e-10
2.327846021e-10
2.317993561e-10
2.307960756e-10
2.298680884e-10
2.291243766e-10
2.286884016e-10
2.32782571e-10
2.322695947e-10
2.315384467e-10
2.306429872e-10
2.296489887e-10
2.286357283e-10
2.276974368e-10
2.269445462e-10
2.265025905e-10
2.306020117e-10
2.300824116e-10
2.293412842e-10
2.284327065e-10
2.274229338e-10
2.263921871e-10
2.254362904e-10
2.246680739e-10
2.242163628e-10
2.283455524e-10
2.27815332e-10
2.270583691e-10
2.261292311e-10
2.250950528e-10
2.240375861e-10
2.230550951e-10
2.222639781e-10
2.217978598e-10
2.259884713e-10
2.254428121e-10
2.246629534e-10
2.23704284e-10
2.226352957e-10
2.215399772e-10
2.205200532e-10
2.196969016e-10
2.192107692e-10
2.235025713e-10
2.229357712e-10
2.221246671e-10
2.211258631e-10
2.200097748e-10
2.188634631e-10
2.17793317e-10
2.169273592e-10
2.164146078e-10
2.208562634e-10
2.202617082e-10
2.194096809e-10
2.183584663e-10
2.171810671e-10
2.159685854e-10
2.148334657e-10
2.139122941e-10
2.133653298e-10
2.180148467e-10
2.173850231e-10
2.164810939e-10
2.153635654e-10
2.141087913e-10
2.12813019e-10
2.115963201e-10
2.106059987e-10
2.100163161e-10
2.149410207e-10
2.142675861e-10
2.132995858e-10
2.121003688e-10
2.10750504e-10
2.093526161e-10
2.080361368e-10
2.06961443e-10
2.063197899e-10
2.115956667e-10
2.108695872e-10
2.098243694e-10
2.085269065e-10
2.070629435e-10
2.055428274e-10
2.041072095e-10
2.029320339e-10
2.022286781e-10
2.07938923e-10
2.071506908e-10
2.060144627e-10
2.046014555e-10
2.030036381e-10
2.013405101e-10
1.997658788e-10
1.98473802e-10
1.976989119e-10
2.039315671e-10
2.030715047e-10
2.018302868e-10
2.002843039e-10
1.985328646e-10
1.967061003e-10
1.949729177e-10
1.935479726e-10
1.926921162e-10
1.995366973e-10
1.985953525e-10
1.972355707e-10
1.955398236e-10
1.936159178e-10
1.916060946e-10
1.896962212e-10
1.881238343e-10
1.871785915e-10
1.947216844e-10
1.93690311e-10
1.92199514e-10
1.903387911e-10
1.88225612e-10
1.860157408e-10
1.839136813e-10
1.821817672e-10
1.811404365e-10
1.894603308e-10
1.883314445e-10
1.866991281e-10
1.846608584e-10
1.823448946e-10
1.799217974e-10
1.776160782e-10
1.757162399e-10
1.745746062e-10
1.837351485e-10
1.825031351e-10
1.807216374e-10
1.784970363e-10
1.75969413e-10
1.733251731e-10
1.708097761e-10
1.68738538e-10
1.674956531e-10
1.775396273e-10
1.762013711e-10
1.742667907e-10
1.718520205e-10
1.691098379e-10
1.662432264e-10
1.635189741e-10
1.612789539e-10
1.599378641e-10
1.7088034e-10
1.694358302e-10
1.673489001e-10
1.647461594e-10
1.617937248e-10
1.587114825e-10
1.557872535e-10
1.53388161e-10
1.519565108e-10
1.637787038e-10
1.622315676e-10
1.599984133e-10
1.572168564e-10
1.540666936e-10
1.507845437e-10
1.476781897e-10
1.451375457e-10
1.436279872e-10
1.56272214e-10
1.546301258e-10
1.522628282e-10
1.493192235e-10
1.459927578e-10
1.42536049e-10
1.392749364e-10
1.366184559e-10
1.35048836e-10
1.484149844e-10
1.466899072e-10
1.4420682e-10
1.411258956e-10
1.376537899e-10
1.340578072e-10
1.306791005e-10
1.279409433e-10
1.263344362e-10
1.402775036e-10
1.384857606e-10
1.359116008e-10
1.327261638e-10
1.291485327e-10
1.254589581e-10
1.220105307e-10
1.19234787e-10
1.176210983e-10
1.319457249e-10
1.301079951e-10
1.274739255e-10
1.242252108e-10
1.205926305e-10
1.168680317e-10
1.134134677e-10
1.106639629e-10
1.090879355e-10
1.235201894e-10
1.216617856e-10
1.190062448e-10
1.15745927e-10
1.121238148e-10
1.084460253e-10
1.050822776e-10
1.024978652e-10
1.010724432e-10
1.151178319e-10
1.132702923e-10
1.106429315e-10
1.074413152e-10
1.039225471e-10
1.004384193e-10
9.729781162e-11
9.488364952e-11
9.357398746e-11
1.068863588e-10
1.050926928e-10
1.025687319e-10
9.955094597e-11
9.625320261e-11
9.296604857e-11
9.001824953e-11
8.777864197e-11
8.659405454e-11
9.907156752e-11
9.739509413e-11
9.503055594e-11
9.218017392e-11
8.907637896e-11
8.599936686e-11
8.327076454e-11
8.123736185e-11
8.020038529e-11
9.175932678e-11
9.018385943e-11
8.796580828e-11
8.529939409e-11
8.241655911e-11
7.958947253e-11
7.712442685e-11
7.533957852e-11
7.448018929e-11
8.491948198e-11
8.345610867e-11
8.140493705e-11
7.895608435e-11
7.63365669e-11
7.380749906e-11
7.165626846e-11
7.016306518e-11
6.950894558e-11
7.85973535e-11
7.726522606e-11
7.540979692e-11
7.321610215e-11
7.090465677e-11
6.872237837e-11
6.693109693e-11
6.576958959e-11
6.534720477e-11
7.285688781e-11
7.167625617e-11
7.004609753e-11
6.814513007e-11
6.618266255e-11
6.438918726e-11
6.299886686e-11
6.220513114e-11
6.203921667e-11
6.776354521e-11
6.675232522e-11
6.537281748e-11
6.37952267e-11
6.221627519e-11
6.084759335e-11
5.989372544e-11
5.949999522e-11
5.961391776e-11
6.336801563e-11
6.25409574e-11
6.143284291e-11
6.020375031e-11
5.903648132e-11
5.812246999e-11
5.763553852e-11
5.767112274e-11
5.808779927e-11
5.970700226e-11
5.907552645e-11
5.825488071e-11
5.739391999e-11
5.666072031e-11
5.622607345e-11
5.623290028e-11
5.672576718e-11
5.746902075e-11
5.680337135e-11
5.637584667e-11
5.585459439e-11
5.537671698e-11
5.509544583e-11
5.516133461e-11
5.568708415e-11
5.666598401e-11
5.776225011e-11
5.466775081e-11
5.445008662e-11
5.423695293e-11
5.415377788e-11
5.433955991e-11
5.492583197e-11
5.599650416e-11
5.749349558e-11
5.897380291e-11
5.330112547e-11
5.329759807e-11
5.339938212e-11
5.372092587e-11
5.438832842e-11
5.551607257e-11
5.716132264e-11
5.92145797e-11
6.111674513e-11
5.269808e-11
5.291231605e-11
5.333537475e-11
5.407201496e-11
5.523745349e-11
5.69317726e-11
5.91879214e-11
6.18447304e-11
6.421573739e-11
5.285038028e-11
5.328642398e-11
5.403826043e-11
5.520280579e-11
5.688704321e-11
5.917991164e-11
6.209305437e-11
6.54129582e-11
6.831152847e-11
5.375062172e-11
5.441402156e-11
5.550488976e-11
5.711465522e-11
5.934529825e-11
6.227842913e-11
6.590760795e-11
6.996571553e-11
7.346513085e-11
5.539572567e-11
5.629459213e-11
5.773905522e-11
5.981787802e-11
6.263182019e-11
6.625952246e-11
7.067998779e-11
7.557052396e-11
7.976179903e-11
5.779013247e-11
5.893613755e-11
6.075454556e-11
6.333471474e-11
6.678051758e-11
7.117256576e-11
7.647919145e-11
8.23193975e-11
8.731493023e-11
6.094861362e-11
6.235792078e-11
6.457779767e-11
6.770189427e-11
7.184211684e-11
7.708666138e-11
8.33975647e-11
9.033202987e-11
9.626982392e-11
6.489869207e-11
6.659281597e-11
6.925015484e-11
7.297279694e-11
7.788625456e-11
8.409273033e-11
9.155303303e-11
9.975839931e-11
1.068068394e-10
6.968270936e-11
7.168930436e-11
7.482975801e-11
7.921920826e-11
8.500306291e-11
9.230493152e-11
1.010904923e-10
1.107805652e-10
1.191441446e-10
7.535960141e-11
7.77131711e-11
8.139311109e-11
8.653268571e-11
9.330428927e-11
1.018616962e-10
1.121837916e-10
1.236190163e-10
1.335546819e-10
8.200643021e-11
8.474895994e-11
8.903642843e-11
9.5025843e-11
1.029249221e-10
1.129295732e-10
1.250491269e-10
1.385821487e-10
1.50542214e-10
8.971963574e-11
9.290121955e-11
9.787704957e-11
1.0483462e-10
1.140286537e-10
1.257196084e-10
1.399968865e-10
1.562339266e-10
1.707032438e-10
9.861583649e-11
1.022956344e-10
1.080558228e-10
1.161246641e-10
1.268259497e-10
1.405410879e-10
1.575848448e-10
1.768916972e-10
1.939899092e-10
1.088324798e-10
1.130816434e-10
1.197456157e-10
1.291160663e-10
1.41634797e-10
1.579825393e-10
1.780507158e-10
2.006953551e-10
2.208469419e-10
1.205338375e-10
1.254485555e-10
1.33195388e-10
1.442142799e-10
1.590922765e-10
1.781761391e-10
2.015960939e-10
2.281684857e-10
2.519940803e-10
1.339586048e-10
1.397195235e-10
1.489191508e-10
1.618797812e-10
1.791591466e-10
2.013509327e-10
2.287469599e-10
2.600601283e-10
2.883731759e-10
1.497086579e-10
1.564610088e-10
1.670940897e-10
1.820840345e-10
2.021314766e-10
2.280322707e-10
2.60233577e-10
2.973285547e-10
3.312101897e-10
1.677502153e-10
1.755331387e-10
1.878037388e-10
2.051765714e-10
2.28542019e-10
2.589263036e-10
2.969787279e-10
3.412455121e-10
3.823720069e-10
1.882462439e-10
1.972403308e-10
2.114684615e-10
2.317078992e-10
2.590797496e-10
2.948988489e-10
3.401259726e-10
3.934087877e-10
4.434269027e-10
2.116355559e-10
2.220855442e-10
2.386720862e-10
2.623686587e-10
2.945827577e-10
3.370240931e-10
3.91127155e-10
4.553021036e-10
5.163698586e-10
2.384961689e-10
2.506988097e-10
2.701257694e-10
2.97995001e-10
3.36097224e-10
3.86641771e-10
4.513358061e-10
5.288423028e-10
6.035419421e-10
2.695239114e-10
2.838369477e-10
3.066924757e-10
3.396477143e-10
3.848736781e-10
4.450055876e-10
5.225385677e-10
6.164014674e-10
7.075511371e-10
3.055683356e-10
3.224528089e-10
3.494992212e-10
3.884963934e-10
4.421036304e-10
5.137851544e-10
6.070399852e-10
7.20864708e-10
8.31195886e-10
3.477847928e-10
3.677133967e-10
3.996136675e-10
4.457063122e-10
5.093682551e-10
5.951680173e-10
7.07784958e-10
8.456549681e-10
9.773791992e-10
3.971327242e-10
4.205958258e-10
4.582217155e-10
5.128123716e-10
5.887411621e-10
6.920040324e-10
8.284494656e-10
9.946405556e-10
1.148973308e-09
4.547332385e-10
4.823790778e-10
5.268690539e-10
5.918167658e-10
6.829374976e-10
8.079395732e-10
9.734140087e-10
1.17184476e-09
1.348596009e-09
5.220031558e-10
5.546855839e-10
6.075529155e-10
6.853361343e-10
7.954721094e-10
9.47469624e-10
1.1475064e-09
1.380923582e-09
1.578279905e-09
6.007332736e-10
6.395974424e-10
7.028725185e-10
7.967721849e-10
9.307694147e-10
1.115781366e-09
1.355406915e-09
1.62446499e-09
1.839040098e-09
6.932286464e-10
7.398196095e-10
8.162100738e-10
9.304578972e-10
1.09410227e-09
1.318226622e-09
1.600721374e-09
1.903266298e-09
2.130409942e-09
8.02491458e-10
8.588739725e-10
9.518994651e-10
1.091664063e-09
1.291173009e-09
1.559352293e-09
1.884944107e-09
2.215820439e-09
2.450112167e-09
9.32431378e-10
1.001280617e-09
1.115269312e-09
1.286271209e-09
1.527203489e-09
1.841677884e-09
2.206703908e-09
2.558229077e-09
2.794061364e-09
1.088040983e-09
1.172600682e-09
1.312357156e-09
1.519931834e-09
1.805646293e-09
2.164664519e-09
2.561625786e-09
2.924613022e-09
3.156763894e-09
1.275366028e-09
1.379114507e-09
1.549090574e-09
1.796759715e-09
2.126920888e-09
2.524289338e-09
2.942813689e-09
3.307816107e-09
3.531912665e-09
1.500994049e-09
1.626907942e-09
1.829924914e-09
2.117887131e-09
2.487618893e-09
2.913247202e-09
3.341502363e-09
3.699835476e-09
3.912604743e-09
1.770843239e-09
1.920363578e-09
2.156260497e-09
2.480376248e-09
2.880336273e-09
3.321329544e-09
3.747037476e-09
4.090882915e-09
4.28989515e-09
2.088381951e-09
2.260454771e-09
2.525218777e-09
2.876889706e-09
3.294075698e-09
3.735611444e-09
4.145583762e-09
4.465279316e-09
4.64381345e-09
2.452889048e-09
2.643541954e-09
2.92935808e-09
3.296411838e-09
3.715535563e-09
4.141683224e-09
4.52090989e-09
4.800742346e-09
4.936927298e-09
2.858552447e-09
3.061253634e-09
3.357528415e-09
3.725921303e-09
4.131372267e-09
4.527068421e-09
4.861682918e-09
5.08670722e-09
5.190855803e-09
3.294846815e-09
3.501488107e-09
3.796402326e-09
4.152028546e-09
4.529451324e-09
4.881623528e-09
5.159078111e-09
5.331452517e-09
5.412892e-09
3.748001579e-09
3.950063781e-09
4.23201061e-09
4.561915595e-09
4.898773988e-09
5.195952725e-09
5.408819026e-09
5.543426714e-09
5.608171689e-09
4.202907122e-09
4.392352933e-09
4.650744042e-09
4.9432236e-09
5.227059168e-09
5.456782442e-09
5.62236563e-09
5.728712297e-09
5.78075827e-09
4.644679089e-09
4.814328174e-09
5.039729589e-09
5.283543479e-09
5.502901346e-09
5.678336654e-09
5.807432678e-09
5.891828905e-09
5.93391366e-09
5.058963889e-09
5.202142821e-09
5.384996126e-09
5.569574086e-09
5.733874573e-09
5.868157774e-09
5.968880554e-09
6.035993249e-09
6.070138905e-09
5.428304181e-09
5.538412714e-09
5.670380082e-09
5.805599635e-09
5.928856439e-09
6.031603318e-09
6.110176782e-09
6.163612363e-09
6.191384347e-09
5.729702971e-09
5.806649593e-09
5.902170751e-09
6.001732114e-09
6.094180934e-09
6.172711419e-09
6.233995739e-09
6.276598967e-09
6.299261566e-09
5.968400727e-09
6.02306083e-09
6.092270996e-09
6.165548218e-09
6.234769106e-09
6.294715727e-09
6.342529479e-09
6.376573012e-09
6.395137398e-09
6.160120229e-09
6.199092711e-09
6.249126183e-09
6.302893899e-09
6.35458778e-09
6.400299908e-09
6.437642402e-09
6.464943102e-09
6.480220197e-09
6.315469934e-09
6.343163814e-09
6.379146585e-09
6.41841315e-09
6.456900066e-09
6.491735227e-09
6.520974245e-09
6.542967405e-09
6.555605624e-09
6.442165443e-09
6.461683625e-09
6.487358538e-09
6.515861222e-09
6.544422394e-09
6.570982572e-09
6.59396477e-09
6.611782156e-09
6.62229893e-09
6.546058114e-09
6.559641102e-09
6.577765945e-09
6.598302229e-09
6.619435728e-09
6.639727558e-09
6.657886677e-09
6.672417501e-09
6.681225063e-09
6.631684254e-09
6.640968318e-09
6.65358246e-09
6.668252397e-09
6.683863609e-09
6.699421154e-09
6.713866154e-09
6.725807015e-09
6.733233369e-09
6.702600122e-09
6.708785041e-09
6.71740722e-09
6.727796289e-09
6.739321446e-09
6.751313381e-09
6.762898815e-09
6.772794137e-09
6.779100103e-09
6.761612361e-09
6.765596115e-09
6.771361366e-09
6.778649444e-09
6.787167258e-09
6.796480395e-09
6.805862852e-09
6.814137485e-09
6.819530527e-09
6.810983027e-09
6.813422369e-09
6.817164461e-09
6.822225963e-09
6.828543286e-09
6.835848133e-09
6.843530873e-09
6.85051611e-09
6.855161442e-09
6.852510778e-09
6.853883739e-09
6.856213233e-09
6.859693388e-09
6.86441103e-09
6.870212789e-09
6.8765808e-09
6.882534996e-09
6.886564442e-09
6.887630206e-09
6.888283436e-09
6.889645132e-09
6.8920174e-09
6.895580625e-09
6.90025865e-09
6.905606013e-09
6.910730804e-09
6.914249837e-09
6.917490354e-09
6.917673221e-09
6.918388817e-09
6.919998376e-09
6.922735429e-09
6.926573603e-09
6.931124746e-09
6.935577754e-09
6.938671051e-09
6.943014359e-09
6.942904548e-09
6.943204651e-09
6.944301195e-09
6.946452602e-09
6.949662626e-09
6.953588742e-09
6.957493465e-09
6.960229285e-09
6.964946489e-09
6.964669055e-09
6.9647171e-09
6.96547952e-09
6.967220293e-09
6.969959473e-09
6.973391152e-09
6.976844648e-09
6.979278262e-09
6.983889059e-09
6.983530565e-09
6.983440669e-09
6.98399557e-09
6.985451993e-09
6.987836761e-09
6.990873669e-09
6.99395249e-09
6.996128869e-09
7.000331412e-09
6.999950412e-09
6.999800662e-09
7.000236237e-09
7.001498485e-09
7.003614642e-09
7.006332905e-09
7.009097668e-09
7.011053573e-09
7.014672711e-09
7.014307515e-09
7.01414984e-09
7.0145262e-09
7.015657799e-09
7.017568227e-09
7.020026023e-09
7.022524898e-09
7.0242905e-09
7.027239912e-09
7.026914301e-09
7.026781759e-09
7.027138593e-09
7.028183451e-09
7.029933869e-09
7.032175616e-09
7.034446958e-09
7.036047062e-09
7.038301943e-09
7.038029351e-09
7.037941467e-09
7.038303655e-09
7.039291224e-09
7.0409144e-09
7.042973826e-09
7.045048087e-09
7.046503024e-09
7.048080882e-09
7.047867412e-09
7.047834029e-09
7.048215679e-09
7.04916463e-09
7.05068336e-09
7.052585613e-09
7.054486622e-09
7.055812819e-09
7.056760712e-09
7.056607256e-09
7.056631206e-09
7.057038417e-09
7.057959098e-09
7.059388096e-09
7.06115099e-09
7.062896603e-09
7.064106809e-09
7.064493963e-09
7.064397581e-09
7.064476395e-09
7.064908933e-09
7.065804734e-09
7.067151503e-09
7.068785854e-09
7.07038789e-09
7.071490972e-09
7.07140607e-09
7.071360732e-09
7.071487468e-09
7.071939437e-09
7.072807073e-09
7.074071687e-09
7.075580631e-09
7.077043933e-09
7.078044108e-09
7.077596233e-09
7.077592943e-09
7.077756179e-09
7.078215683e-09
7.079044377e-09
7.080218115e-09
7.081595271e-09
7.082915732e-09
7.083811087e-09
7.08313066e-09
7.083156995e-09
7.083340023e-09
7.083787947e-09
7.08455772e-09
7.085620847e-09
7.086847679e-09
7.088009499e-09
7.088789908e-09
7.088016271e-09
7.08805556e-09
7.088235294e-09
7.088644068e-09
7.089324518e-09
7.090245162e-09
7.09128988e-09
7.092264252e-09
7.092909952e-09
7.092120321e-09
7.092151908e-09
7.09230003e-09
7.092636425e-09
7.093191806e-09
7.09393346e-09
7.094760124e-09
7.09551377e-09
7.096000171e-09
7.09493891e-09
7.094945727e-09
7.095042349e-09
7.09528909e-09
7.095709228e-09
7.096270931e-09
7.096886182e-09
7.097427336e-09
7.097756388e-09
3.897553109e-25
1.459610105e-24
3.255740026e-24
6.168628288e-24
1.088657812e-23
1.860008118e-23
3.137682842e-23
5.279106366e-23
8.902810699e-23
1.507915646e-22
2.566150359e-22
4.386039939e-22
7.523966547e-22
1.294447261e-21
2.232014209e-21
3.855199649e-21
6.667247373e-21
1.154122081e-20
1.999180322e-20
3.464667535e-20
6.006360443e-20
1.041458465e-19
1.805922786e-19
3.13133447e-19
5.428448393e-19
9.40750973e-19
1.629501289e-18
2.820553255e-18
4.877767015e-18
8.425798718e-18
1.453412378e-17
2.502806238e-17
4.301179241e-17
7.374278817e-17
1.260842937e-16
2.149000173e-16
3.649686755e-16
6.173203803e-16
1.039377842e-15
1.740978909e-15
2.899328919e-15
4.797264729e-15
7.881047954e-15
1.284657044e-14
2.076717605e-14
3.328416664e-14
5.289605032e-14
8.340968561e-14
1.30658038e-13
2.036321325e-13
3.161623808e-13
4.890745134e-13
7.52060857e-13
1.143184014e-12
1.70193826e-12
2.451321313e-12
3.370803701e-12
4.380734488e-12
5.379045124e-12
6.335880436e-12
7.352155409e-12
8.590574362e-12
1.0157518e-11
1.205110119e-11
1.417834168e-11
1.641927421e-11
1.870755293e-11
2.106752066e-11
2.359106202e-11
2.639695054e-11
2.96069023e-11
3.333967362e-11
3.771250563e-11
4.284397571e-11
4.885588097e-11
5.587292193e-11
6.402039353e-11
7.341995404e-11
8.418363214e-11
9.640635214e-11
1.101574239e-10
1.254716384e-10
1.423407942e-10
1.60706611e-10
1.80456017e-10
2.014196978e-10
2.23374542e-10
2.460502358e-10
2.691397794e-10
2.923132006e-10
3.152333107e-10
3.375720599e-10
3.590259775e-10
3.793293205e-10
3.982639094e-10
4.156651648e-10
4.314247964e-10
4.454821111e-10
4.578296168e-10
4.68500978e-10
4.775638024e-10
4.851132236e-10
4.912696566e-10
4.961902853e-10
5.001315936e-10
5.031255056e-10
5.052114277e-10
5.064626297e-10
5.069602342e-10
5.067835041e-10
5.060062388e-10
5.046956505e-10
5.029123024e-10
5.007105046e-10
4.981388897e-10
4.952410323e-10
4.920560462e-10
4.886191275e-10
4.849620315e-10
4.81113483e-10
4.77099524e-10
4.729438065e-10
4.686678393e-10
4.642911959e-10
4.598316916e-10
4.553055355e-10
4.507274637e-10
4.461108562e-10
4.414678419e-10
4.36809394e-10
4.321454172e-10
4.274848279e-10
4.228356296e-10
4.182049827e-10
4.135992696e-10
4.090241566e-10
4.044846509e-10
3.999851548e-10
3.955295162e-10
3.911210752e-10
3.867627088e-10
3.824568714e-10
3.782056331e-10
3.74010715e-10
3.69873522e-10
3.657951733e-10
3.617765299e-10
3.578182208e-10
3.539206666e-10
3.500841011e-10
3.463085916e-10
3.425940571e-10
3.389402848e-10
3.353469456e-10
3.31813608e-10
3.283397506e-10
3.24924774e-10
3.215680109e-10
3.182687358e-10
3.150261733e-10
3.118395063e-10
3.087078827e-10
3.056304218e-10
3.0260622e-10
2.99634356e-10
2.967138949e-10
2.938438928e-10
2.910234001e-10
2.882514645e-10
2.855271336e-10
2.828494571e-10
2.802174875e-10
2.776302805e-10
2.750868941e-10
2.725863852e-10
2.701278039e-10
2.677101843e-10
2.653325301e-10
2.629937923e-10
2.606928392e-10
2.584284128e-10
2.561990705e-10
2.540031076e-10
2.518384565e-10
2.497025591e-10
2.475922084e-10
2.455033569e-10
2.434308898e-10
2.413683635e-10
2.393077134e-10
2.372389361e-10
2.351497571e-10
2.330252993e-10
2.308477721e-10
2.285962055e-10
2.262462614e-10
2.237701543e-10
2.211367222e-10
2.183116857e-10
2.152581353e-10
2.119372806e-10
2.083094896e-10
2.043356301e-10
1.999787097e-10
1.952057864e-10
1.89990093e-10
1.843132895e-10
1.781677203e-10
1.715585282e-10
1.645054473e-10
1.570440933e-10
1.492265799e-10
1.411213592e-10
1.328123602e-10
1.24398029e-10
1.159926529e-10
1.077390782e-10
9.986898184e-11
9.25096282e-11
8.561805146e-11
7.923540699e-11
7.342495361e-11
6.825312333e-11
6.377206654e-11
6.002006931e-11
5.702147456e-11
5.478812698e-11
5.332185492e-11
5.261763634e-11
5.266713757e-11
5.346235007e-11
5.499909912e-11
5.728026448e-11
6.031862662e-11
6.413932163e-11
6.878194194e-11
7.430234659e-11
8.07742281e-11
8.829038553e-11
9.696346391e-11
1.069260841e-10
1.183340523e-10
1.314032478e-10
1.466874542e-10
1.6426872e-10
1.842306899e-10
2.069793587e-10
2.330689146e-10
2.631692805e-10
2.980935884e-10
3.389522847e-10
3.867398772e-10
4.425075252e-10
5.075881726e-10
5.83652871e-10
6.728385957e-10
7.779218465e-10
9.025298793e-10
1.051353128e-09
1.230225843e-09
1.445805065e-09
1.704552253e-09
2.011001743e-09
2.365828305e-09
2.764572056e-09
3.197656796e-09
3.651689349e-09
4.111434639e-09
4.561608756e-09
4.987471353e-09
5.371653092e-09
5.69035834e-09
5.940681929e-09
6.140502245e-09
6.301622875e-09
6.432472904e-09
6.539365596e-09
6.627154841e-09
6.699623065e-09
6.759737061e-09
6.809876241e-09
6.85193131e-09
6.887403777e-09
6.917491998e-09
6.94315532e-09
6.965164533e-09
6.984141301e-09
7.000589014e-09
7.014916968e-09
7.027459369e-09
7.038490292e-09
7.048235439e-09
7.056881349e-09
7.064582405e-09
7.071465494e-09
7.077631176e-09
7.083147214e-09
7.088022482e-09
7.092126198e-09
7.094953388e-09
)
;

boundaryField
{
    outlet
    {
        type            inletOutlet;
        inletValue      uniform 0;
        value           nonuniform List<scalar> 10(7.09493891e-09 7.094945727e-09 7.095042349e-09 7.09528909e-09 7.095709228e-09 7.096270931e-09 7.096886182e-09 7.097427336e-09 7.097756388e-09 7.094953388e-09);
    }
    inlet
    {
        type            fixedValue;
        value           uniform 0;
    }
    front
    {
        type            wedge;
    }
    wall
    {
        type            zeroGradient;
    }
    back
    {
        type            wedge;
    }
}


// ************************************************************************* //
