/*--------------------------------*- C++ -*----------------------------------*\
| =========                 |                                                 |
| \\      /  F ield         | OpenFOAM: The Open Source CFD Toolbox           |
|  \\    /   O peration     | Version:  2212                                  |
|   \\  /    A nd           | Website:  www.openfoam.com                      |
|    \\/     M anipulation  |                                                 |
\*---------------------------------------------------------------------------*/
FoamFile
{
    version     2.0;
    format      ascii;
    arch        "LSB;label=32;scalar=64";
    class       volScalarField;
    location    "23.25000000";
    object      SC3H5_0;
}
// * * * * * * * * * * * * * * * * * * * * * * * * * * * * * * * * * * * * * //

dimensions      [0 0 0 0 0 0 0];

internalField   nonuniform List<scalar> 
3000
(
7.877196515e-24
8.849259524e-24
1.031608958e-23
1.227074412e-23
1.469328625e-23
1.751782888e-23
2.057412362e-23
2.349011662e-23
2.555246762e-23
2.957502742e-23
3.335883665e-23
3.906614298e-23
4.668857421e-23
5.621835541e-23
6.760181749e-23
8.064131315e-23
9.467382765e-23
1.071096583e-22
6.624611564e-23
7.530741865e-23
8.910569239e-23
1.078408724e-22
1.318500786e-22
1.614805421e-22
1.966175627e-22
2.352835091e-22
2.683471203e-22
1.261877833e-22
1.449513119e-22
1.739426576e-22
2.141430311e-22
2.669769513e-22
3.337860271e-22
4.142082628e-22
5.017946001e-22
5.725047446e-22
2.240874743e-22
2.605671565e-22
3.178192025e-22
3.987524047e-22
5.07174923e-22
6.461250873e-22
8.132877015e-22
9.908022813e-22
1.127079808e-21
3.853652466e-22
4.538386553e-22
5.628431755e-22
7.19336047e-22
9.316675287e-22
1.205178472e-21
1.531706795e-21
1.870065551e-21
2.120402624e-21
6.542681583e-22
7.800570167e-22
9.826379896e-22
1.276759841e-21
1.678806241e-21
2.196770223e-21
2.809236482e-21
3.431516272e-21
3.880534526e-21
1.10735151e-21
1.335021693e-21
1.704944283e-21
2.24618533e-21
2.988942907e-21
3.94391541e-21
5.063201629e-21
6.183875919e-21
6.979033858e-21
1.877268288e-21
2.284986799e-21
2.951744251e-21
3.932240128e-21
5.280198554e-21
7.008587844e-21
9.019780862e-21
1.101251941e-20
1.24108201e-20
3.193752589e-21
3.918169943e-21
5.108267266e-21
6.864028288e-21
9.279293853e-21
1.23681035e-20
1.594239549e-20
1.945791469e-20
2.19064049e-20
5.454914484e-21
6.734470152e-21
8.843262048e-21
1.196070446e-20
1.624929769e-20
2.172157817e-20
2.802783175e-20
3.419855145e-20
3.847472916e-20
9.350813364e-21
1.16009486e-20
1.531747329e-20
2.081862356e-20
2.838489857e-20
3.802227327e-20
4.909482841e-20
5.9890292e-20
6.734533416e-20
1.60779936e-20
2.002187981e-20
2.654583857e-20
3.621023218e-20
4.949898249e-20
6.640190525e-20
8.577930989e-20
1.046234795e-19
1.176050666e-19
2.771179412e-20
3.460744043e-20
4.602620242e-20
6.295022901e-20
8.621489596e-20
1.15776043e-19
1.496105096e-19
1.824534777e-19
2.05039242e-19
4.785262496e-20
5.988743674e-20
7.983101086e-20
1.093996042e-19
1.500366094e-19
2.016312648e-19
2.606149878e-19
3.177936396e-19
3.570649196e-19
8.274778869e-20
1.037239004e-19
1.385025883e-19
1.900768828e-19
2.609428074e-19
3.508637712e-19
4.535727147e-19
5.530401714e-19
6.212952333e-19
1.432386961e-19
1.79763201e-19
2.403431978e-19
3.301907646e-19
4.536246097e-19
6.101750537e-19
7.888690156e-19
9.61793831e-19
1.0803745e-18
2.481405409e-19
3.116922343e-19
4.171256706e-19
5.735069113e-19
7.883098934e-19
1.060637288e-18
1.371315064e-18
1.671779936e-18
1.877701285e-18
4.301071217e-19
5.406245314e-19
7.240031793e-19
9.959975274e-19
1.369540151e-18
1.842952421e-18
2.38277666e-18
2.904580534e-18
3.262016544e-18
7.458052948e-19
9.379141115e-19
1.256700119e-18
1.72951511e-18
2.378725058e-18
3.201221725e-18
4.138679064e-18
5.044393264e-18
5.664515373e-18
1.293556838e-18
1.627372952e-18
2.1813139e-18
3.002820258e-18
4.130537412e-18
5.558728682e-18
7.185769897e-18
8.756911386e-18
9.832110653e-18
2.243906886e-18
2.823762516e-18
3.785930941e-18
5.212606625e-18
7.170476314e-18
9.648946693e-18
1.247099944e-17
1.519452059e-17
1.705731318e-17
3.892557833e-18
4.899443506e-18
6.569980372e-18
9.046391924e-18
1.244353523e-17
1.67417482e-17
2.163273587e-17
2.634973472e-17
2.957387434e-17
6.751913226e-18
8.499611727e-18
1.139864805e-17
1.569472399e-17
2.158515758e-17
2.903316341e-17
3.750182891e-17
4.566244821e-17
5.123585225e-17
1.170916706e-17
1.474123191e-17
1.976927102e-17
2.721691746e-17
3.742204447e-17
5.031519801e-17
6.496122907e-17
7.905996252e-17
8.867919844e-17
2.029884197e-17
2.555583203e-17
3.427000238e-17
4.71699917e-17
6.483194713e-17
8.712344366e-17
1.124155454e-16
1.367313301e-16
1.533006282e-16
3.517161303e-17
4.427878871e-17
5.936741233e-17
8.168695638e-17
1.122147634e-16
1.506959674e-16
1.942930001e-16
2.361407521e-16
2.64612472e-16
6.089875142e-17
7.665955981e-17
1.02754781e-16
1.413191082e-16
1.93999747e-16
2.603022133e-16
3.352840832e-16
4.071179766e-16
4.558984487e-16
1.053483585e-16
1.325879132e-16
1.776518064e-16
2.441707241e-16
3.348988269e-16
4.488709439e-16
5.774817247e-16
7.004046813e-16
7.836873366e-16
1.820318421e-16
2.290325726e-16
3.067105985e-16
4.212075266e-16
5.770837593e-16
7.7244885e-16
9.923315217e-16
1.201904032e-15
1.343507747e-15
3.140893272e-16
3.950225284e-16
5.286181012e-16
7.251978175e-16
9.922240033e-16
1.325991428e-15
1.700488028e-15
2.056257206e-15
2.295880841e-15
5.410298348e-16
6.800506513e-16
9.09196351e-16
1.245681108e-15
1.701541409e-15
2.269531003e-15
2.904545902e-15
3.505526161e-15
3.908836291e-15
9.300766472e-16
1.168176097e-15
1.559953577e-15
2.133860203e-15
2.90897373e-15
3.871192863e-15
4.942531947e-15
5.95209506e-15
6.626821904e-15
1.59516603e-15
2.001553635e-15
2.668885709e-15
3.643694583e-15
4.95557738e-15
6.577298194e-15
8.374532583e-15
1.005999477e-14
1.118133193e-14
2.728584514e-15
3.419446335e-15
4.551258865e-15
6.199210641e-15
8.408013051e-15
1.112557425e-14
1.412165636e-14
1.691654572e-14
1.876678762e-14
4.653335097e-15
5.822476658e-15
7.73270698e-15
1.050384407e-14
1.420118483e-14
1.872626365e-14
2.368679645e-14
2.828771228e-14
3.13174366e-14
7.909252837e-15
9.877686371e-15
1.3084131e-14
1.771652852e-14
2.386606213e-14
3.134909173e-14
3.950194833e-14
4.701759998e-14
5.193911796e-14
1.339363507e-14
1.668901903e-14
2.203887309e-14
2.973274585e-14
3.989015536e-14
5.217362665e-14
6.546942216e-14
7.764759032e-14
8.557628597e-14
2.258917236e-14
2.807173207e-14
3.693931593e-14
4.962900627e-14
6.628253267e-14
8.628942054e-14
1.077974137e-13
1.273672676e-13
1.400334663e-13
3.793036573e-14
4.699029929e-14
6.158503975e-14
8.235924455e-14
1.094511549e-13
1.417745011e-13
1.762786868e-13
2.074626824e-13
2.275267898e-13
6.338731482e-14
7.825075529e-14
1.020915249e-13
1.358355023e-13
1.795524575e-13
2.313419174e-13
2.862311188e-13
3.355050167e-13
3.670233737e-13
1.053866212e-13
1.29584312e-13
1.682217278e-13
2.22588309e-13
2.92547773e-13
3.748316568e-13
4.614196405e-13
5.386350194e-13
5.877458673e-13
1.742479294e-13
2.133244434e-13
2.754281175e-13
3.622905367e-13
4.73305735e-13
6.029485997e-13
7.384225823e-13
8.584607576e-13
9.343941323e-13
2.863966294e-13
3.489697798e-13
4.479452789e-13
5.855478556e-13
7.602308779e-13
9.628152203e-13
1.17310501e-12
1.358318197e-12
1.474892022e-12
4.677237258e-13
5.67044585e-13
7.234063155e-13
9.395111255e-13
1.212077004e-12
1.526122019e-12
1.850124095e-12
2.133964606e-12
2.311838053e-12
7.586081068e-13
9.148204309e-13
1.159619213e-12
1.496044084e-12
1.917803789e-12
2.400894171e-12
2.896687762e-12
3.329164333e-12
3.599329486e-12
1.221303365e-12
1.464652144e-12
1.844329541e-12
2.363365985e-12
3.010511852e-12
3.74806037e-12
4.501966277e-12
5.157869585e-12
5.567196907e-12
1.950647277e-12
2.325932106e-12
2.909029705e-12
3.702278783e-12
4.686586353e-12
5.803920629e-12
6.943147652e-12
7.933827601e-12
8.553386806e-12
3.089451729e-12
3.662061466e-12
4.548243526e-12
5.748374377e-12
7.231238015e-12
8.909075171e-12
1.06171168e-11
1.210317733e-11
1.303475823e-11
4.850643735e-12
5.714568354e-12
7.046453166e-12
8.842297541e-12
1.105201488e-11
1.354363037e-11
1.607205757e-11
1.825820815e-11
1.959058174e-11
7.549547844e-12
8.837868275e-12
1.081621088e-11
1.347134447e-11
1.672231922e-11
2.036659931e-11
2.402503995e-11
2.708768251e-11
2.89369598e-11
1.165197298e-11
1.355026197e-11
1.645234777e-11
2.032493427e-11
2.502978648e-11
3.023069701e-11
3.526818094e-11
3.943497486e-11
4.191299531e-11
1.784587325e-11
2.060790412e-11
2.480590861e-11
3.035687475e-11
3.698866037e-11
4.403611562e-11
5.074475919e-11
5.615468848e-11
5.926445937e-11
2.714655654e-11
3.110585473e-11
3.706363813e-11
4.479066188e-11
5.365056925e-11
6.286332755e-11
7.133231831e-11
7.781019832e-11
8.125218838e-11
4.101677771e-11
4.655991469e-11
5.470874105e-11
6.490243014e-11
7.632448715e-11
8.772692363e-11
9.752570559e-11
1.042053294e-10
1.070635836e-10
6.133037397e-11
6.869440817e-11
7.932605687e-11
9.233201657e-11
1.06307383e-10
1.19275012e-10
1.289993038e-10
1.338593199e-10
1.342727687e-10
9.000498982e-11
9.953054105e-11
1.12958493e-10
1.287430532e-10
1.445470614e-10
1.573442175e-10
1.641785386e-10
1.637990478e-10
1.589657355e-10
1.296926413e-10
1.415132379e-10
1.575993918e-10
1.753414511e-10
1.910474089e-10
2.004203284e-10
2.000867982e-10
1.901646158e-10
1.771535278e-10
1.829419242e-10
1.9670028e-10
2.1443029e-10
2.319924842e-10
2.440301202e-10
2.45201192e-10
2.327603231e-10
2.096937636e-10
1.870080683e-10
2.511442142e-10
2.655944471e-10
2.825584866e-10
2.960402251e-10
2.991931004e-10
2.867290758e-10
2.583737933e-10
2.212449359e-10
1.899590413e-10
3.328266719e-10
3.454722987e-10
3.575708609e-10
3.614643532e-10
3.499134228e-10
3.19710013e-10
2.748257329e-10
2.261873622e-10
1.893892938e-10
4.218229957e-10
4.289841732e-10
4.309753286e-10
4.196040707e-10
3.892881342e-10
3.409253422e-10
2.828365661e-10
2.273910304e-10
1.884277802e-10
5.068889428e-10
5.047056543e-10
4.920991148e-10
4.623294177e-10
4.135183062e-10
3.510545854e-10
2.854507273e-10
2.277403603e-10
1.889251022e-10
5.747971681e-10
5.611392902e-10
5.32794084e-10
4.863080723e-10
4.240227317e-10
3.540234517e-10
2.862780075e-10
2.292762362e-10
1.917093767e-10
6.167410944e-10
5.927407565e-10
5.519884239e-10
4.947092311e-10
4.260884843e-10
3.545216616e-10
2.881051938e-10
2.331913236e-10
1.971661424e-10
6.333373924e-10
6.028738075e-10
5.556739614e-10
4.945186205e-10
4.255329854e-10
3.56123646e-10
2.926430683e-10
2.401872142e-10
2.056046642e-10
6.33082437e-10
6.005402005e-10
5.523756963e-10
4.92424143e-10
4.265516605e-10
3.609784538e-10
3.008878806e-10
2.507762927e-10
2.173925244e-10
6.261625554e-10
5.946561567e-10
5.489299532e-10
4.928450499e-10
4.315560661e-10
3.702880545e-10
3.134985626e-10
2.654399794e-10
2.32979059e-10
6.200038649e-10
5.911217688e-10
5.493807238e-10
4.981698878e-10
4.41831908e-10
3.847897201e-10
3.310215113e-10
2.846917743e-10
2.528932051e-10
6.187037992e-10
5.930381873e-10
5.557630343e-10
5.096074099e-10
4.581178138e-10
4.050438562e-10
3.539927874e-10
3.091012465e-10
2.777395889e-10
6.241953844e-10
6.018560807e-10
5.690523417e-10
5.278140476e-10
4.809370944e-10
4.315661547e-10
3.829809532e-10
3.392997491e-10
3.081927714e-10
6.373220319e-10
6.182362348e-10
5.897584996e-10
5.532319948e-10
5.107474612e-10
4.648836158e-10
4.185981424e-10
3.759737554e-10
3.449854474e-10
6.584697767e-10
6.425277282e-10
6.182198807e-10
5.862373118e-10
5.480038731e-10
5.055487048e-10
4.614915157e-10
4.198470665e-10
3.888880068e-10
6.87861501e-10
6.74973518e-10
6.547280552e-10
6.271996031e-10
5.931728792e-10
5.541288031e-10
5.123204261e-10
4.716525648e-10
4.406786564e-10
7.256819667e-10
7.15798983e-10
6.99572792e-10
6.764916879e-10
6.467192413e-10
6.111794672e-10
5.717223848e-10
5.320945337e-10
5.011044934e-10
7.721190273e-10
7.652325701e-10
7.530412834e-10
7.34471391e-10
7.09075739e-10
6.772065548e-10
6.402703449e-10
6.018031122e-10
5.708348219e-10
8.273584241e-10
8.234908317e-10
8.15392847e-10
8.014475712e-10
7.806027098e-10
7.52620994e-10
7.184239463e-10
6.812831612e-10
6.504088963e-10
8.915548782e-10
8.907450437e-10
8.868207209e-10
8.776376492e-10
8.615420174e-10
8.376897202e-10
8.064778724e-10
7.708606416e-10
7.401812089e-10
9.647916806e-10
9.670790223e-10
9.674079721e-10
9.631217614e-10
9.519695731e-10
9.324865756e-10
9.045111309e-10
8.706304387e-10
8.402683399e-10
1.047036023e-09
1.052444275e-09
1.057082606e-09
1.057797951e-09
1.051750582e-09
1.036847404e-09
1.01234169e-09
9.804102634e-10
9.505021153e-10
1.138095265e-09
1.146617274e-09
1.155576319e-09
1.161342705e-09
1.160501878e-09
1.150333894e-09
1.129491252e-09
1.099705611e-09
1.070394179e-09
1.237578604e-09
1.24916319e-09
1.26239117e-09
1.273181112e-09
1.277565729e-09
1.27221069e-09
1.255164835e-09
1.227690598e-09
1.199116902e-09
1.344868342e-09
1.359410214e-09
1.376778208e-09
1.392470656e-09
1.40199908e-09
1.401439733e-09
1.388249141e-09
1.363208695e-09
1.335504707e-09
1.459104504e-09
1.476438086e-09
1.497731532e-09
1.518101884e-09
1.532581264e-09
1.536694619e-09
1.527332306e-09
1.504795847e-09
1.47807831e-09
1.579185804e-09
1.599083605e-09
1.624000187e-09
1.648717953e-09
1.667841686e-09
1.67639603e-09
1.670745698e-09
1.650726403e-09
1.625092204e-09
1.703788688e-09
1.725964485e-09
1.754118785e-09
1.782753308e-09
1.806107068e-09
1.818767117e-09
1.816626058e-09
1.799079776e-09
1.774603171e-09
1.831404497e-09
1.855521182e-09
1.886455838e-09
1.918489732e-09
1.945565656e-09
1.961905459e-09
1.962993928e-09
1.947823265e-09
1.924555052e-09
1.960392873e-09
1.986074345e-09
2.019276812e-09
2.054125974e-09
2.084343745e-09
2.103866119e-09
2.107842164e-09
2.094904386e-09
2.072872856e-09
2.089047648e-09
2.115893687e-09
2.150817093e-09
2.18785546e-09
2.220588289e-09
2.242748834e-09
2.249226984e-09
2.23834463e-09
2.217557822e-09
2.215669837e-09
2.243272609e-09
2.279358761e-09
2.317945444e-09
2.352548404e-09
2.376781637e-09
2.385353286e-09
2.376325785e-09
2.356773575e-09
2.338641457e-09
2.366602113e-09
2.4033045e-09
2.442810723e-09
2.478648623e-09
2.504393386e-09
2.514646098e-09
2.507259056e-09
2.48890599e-09
2.456493721e-09
2.484437617e-09
2.521242375e-09
2.56107577e-09
2.59754792e-09
2.624269369e-09
2.635802799e-09
2.629835959e-09
2.612684111e-09
2.567963825e-09
2.595553148e-09
2.631996318e-09
2.671620759e-09
2.708180886e-09
2.735387738e-09
2.747825055e-09
2.743118752e-09
2.727126172e-09
2.672035834e-09
2.698978671e-09
2.734658408e-09
2.773607915e-09
2.809777054e-09
2.837030418e-09
2.850091431e-09
2.846457525e-09
2.831583651e-09
2.767962499e-09
2.794017516e-09
2.828599454e-09
2.866486606e-09
2.901857456e-09
2.928847145e-09
2.942248411e-09
2.939526056e-09
2.925731399e-09
2.85526516e-09
2.8802414e-09
2.913444482e-09
2.949977107e-09
2.98429244e-09
3.010724657e-09
3.024240346e-09
3.022296804e-09
3.009544373e-09
2.933703006e-09
2.957480922e-09
2.989177856e-09
3.024145546e-09
3.057157501e-09
3.082815021e-09
3.096276876e-09
3.09501211e-09
3.083273063e-09
3.003394154e-09
3.025887516e-09
3.055939085e-09
3.089196445e-09
3.120751277e-09
3.145495334e-09
3.158800119e-09
3.15816439e-09
3.147443123e-09
3.064551088e-09
3.085717739e-09
3.114060621e-09
3.14553467e-09
3.175557366e-09
3.199326995e-09
3.212451234e-09
3.212492136e-09
3.202955255e-09
3.117567001e-09
3.137403937e-09
3.164031317e-09
3.193713349e-09
3.222198604e-09
3.245004971e-09
3.258000438e-09
3.258847805e-09
3.250383506e-09
3.162967963e-09
3.181505689e-09
3.206458478e-09
3.23439786e-09
3.261406083e-09
3.283331616e-09
3.296332371e-09
3.297820347e-09
3.290301315e-09
3.201379064e-09
3.218678965e-09
3.242043602e-09
3.26835032e-09
3.294016861e-09
3.315219536e-09
3.328042244e-09
3.329995477e-09
3.323314294e-09
3.233509263e-09
3.249667126e-09
3.271580499e-09
3.296445978e-09
3.320908091e-09
3.341209925e-09
3.35369285e-09
3.355976847e-09
3.350041534e-09
3.260167618e-09
3.275337153e-09
3.295980437e-09
3.31943167e-09
3.342543008e-09
3.361824845e-09
3.373856219e-09
3.3763655e-09
3.371094928e-09
3.282312409e-09
3.296478013e-09
3.315764953e-09
3.337710106e-09
3.3593972e-09
3.377589628e-09
3.3890921e-09
3.391741022e-09
3.387061523e-09
3.300237411e-09
3.313377025e-09
3.331286388e-09
3.351703608e-09
3.371943149e-09
3.389011638e-09
3.399931228e-09
3.402647761e-09
3.398491032e-09
3.314257182e-09
3.326382471e-09
3.342931108e-09
3.361836183e-09
3.380634795e-09
3.396566873e-09
3.406864995e-09
3.409586655e-09
3.405888609e-09
3.32472121e-09
3.335861253e-09
3.351086083e-09
3.368514473e-09
3.385895501e-09
3.400692014e-09
3.410340259e-09
3.413011665e-09
3.409711925e-09
3.331979151e-09
3.342171055e-09
3.356118537e-09
3.372115383e-09
3.38811112e-09
3.401780952e-09
3.410758009e-09
3.413329585e-09
3.410371387e-09
3.336361025e-09
3.345644951e-09
3.358365389e-09
3.372980137e-09
3.387627561e-09
3.400184716e-09
3.408474725e-09
3.410902124e-09
3.408232429e-09
3.338167948e-09
3.346584621e-09
3.358129276e-09
3.371412956e-09
3.38475155e-09
3.396213666e-09
3.403805432e-09
3.406049344e-09
3.403619033e-09
3.337669307e-09
3.345258875e-09
3.355678628e-09
3.367682585e-09
3.379753324e-09
3.390140992e-09
3.397027645e-09
3.399053774e-09
3.396817821e-09
3.335103558e-09
3.341905151e-09
3.351249978e-09
3.362025377e-09
3.372870315e-09
3.382206789e-09
3.388385636e-09
3.390164706e-09
3.388082291e-09
3.33068086e-09
3.336732481e-09
3.345051327e-09
3.354649015e-09
3.364311151e-09
3.372622218e-09
3.378094642e-09
3.379602351e-09
3.377636894e-09
3.324586439e-09
3.329925009e-09
3.337265826e-09
3.345736341e-09
3.354259575e-09
3.361573455e-09
3.36634478e-09
3.367561684e-09
3.365680784e-09
3.316984071e-09
3.32164552e-09
3.32805535e-09
3.335448956e-09
3.342878043e-09
3.349225259e-09
3.353304554e-09
3.354215858e-09
3.352391167e-09
3.308019346e-09
3.312038694e-09
3.317563743e-09
3.323930443e-09
3.330310913e-09
3.335724098e-09
3.339123908e-09
3.339719189e-09
3.337926212e-09
3.297822549e-09
3.301233968e-09
3.30591964e-09
3.31130914e-09
3.316687155e-09
3.321200813e-09
3.323936835e-09
3.324209704e-09
3.32242756e-09
3.286511111e-09
3.289347951e-09
3.293238841e-09
3.297700469e-09
3.302122646e-09
3.305772857e-09
3.307863572e-09
3.307811294e-09
3.30602244e-09
3.274191631e-09
3.276486421e-09
3.279626273e-09
3.283208863e-09
3.286722051e-09
3.28954615e-09
3.29101243e-09
3.290635524e-09
3.288825463e-09
3.260961517e-09
3.262745942e-09
3.265177581e-09
3.267929321e-09
3.270580361e-09
3.272616608e-09
3.273481311e-09
3.272783144e-09
3.270940125e-09
3.246910283e-09
3.248215148e-09
3.24998039e-09
3.25194867e-09
3.253784149e-09
3.255071388e-09
3.255358964e-09
3.254345348e-09
3.252460071e-09
3.232120582e-09
3.232975765e-09
3.234115328e-09
3.235346572e-09
3.236412579e-09
3.23698992e-09
3.236726028e-09
3.235404834e-09
3.233470162e-09
3.216669008e-09
3.217103414e-09
3.217656819e-09
3.218196332e-09
3.218538229e-09
3.218444742e-09
3.217655896e-09
3.216036696e-09
3.214047383e-09
3.200626729e-09
3.20066824e-09
3.200673727e-09
3.200565551e-09
3.200227763e-09
3.199502207e-09
3.198215447e-09
3.196309179e-09
3.194261616e-09
3.184059978e-09
3.183735416e-09
3.183229865e-09
3.182516653e-09
3.181542483e-09
3.180223058e-09
3.178465664e-09
3.176284329e-09
3.17417631e-09
3.167030452e-09
3.166365543e-09
3.165384413e-09
3.164107322e-09
3.162538794e-09
3.160662931e-09
3.158462163e-09
3.156018555e-09
3.153849066e-09
3.149595634e-09
3.148614986e-09
3.147192261e-09
3.145390868e-09
3.143268597e-09
3.140872777e-09
3.138255654e-09
3.135563121e-09
3.133332147e-09
3.131809058e-09
3.130536145e-09
3.128704303e-09
3.12641654e-09
3.123779629e-09
3.120899238e-09
3.117892347e-09
3.114964585e-09
3.11267294e-09
3.113720544e-09
3.112177697e-09
3.109967691e-09
3.107229801e-09
3.104115763e-09
3.10078497e-09
3.097414315e-09
3.094265184e-09
3.09191436e-09
3.095376396e-09
3.093584811e-09
3.091026058e-09
3.08787257e-09
3.084317273e-09
3.080568946e-09
3.076859813e-09
3.07350319e-09
3.071095225e-09
3.076819591e-09
3.074799335e-09
3.071919729e-09
3.068383451e-09
3.064421086e-09
3.060286719e-09
3.056263581e-09
3.052713227e-09
3.050250586e-09
3.05808995e-09
3.055859981e-09
3.052685904e-09
3.048797928e-09
3.044460996e-09
3.039970672e-09
3.035657104e-09
3.031926563e-09
3.029412043e-09
3.039224303e-09
3.036802492e-09
3.033358844e-09
3.029148568e-09
3.024467881e-09
3.019650242e-09
3.015068869e-09
3.011171378e-09
3.008608018e-09
3.020256642e-09
3.017659805e-09
3.013970036e-09
3.009465193e-09
3.004469892e-09
2.999352133e-09
2.994524589e-09
2.990473009e-09
2.987864018e-09
3.001218278e-09
2.998462204e-09
2.994548359e-09
2.989775057e-09
2.984492638e-09
2.979100514e-09
2.974047415e-09
2.969854181e-09
2.967202874e-09
2.982137986e-09
2.979237476e-09
2.975120236e-09
2.970103007e-09
2.96455936e-09
2.958917203e-09
2.953658137e-09
2.949335215e-09
2.946644964e-09
2.963042146e-09
2.960011051e-09
2.955709789e-09
2.950471637e-09
2.944691093e-09
2.938821837e-09
2.933375368e-09
2.928934222e-09
2.92620841e-09
2.943954888e-09
2.940806148e-09
2.936338976e-09
2.93090144e-09
2.92490682e-09
2.918832037e-09
2.913215711e-09
2.908667289e-09
2.905909275e-09
2.924898221e-09
2.921643909e-09
2.917027736e-09
2.911410948e-09
2.905223617e-09
2.898963561e-09
2.893193921e-09
2.888548642e-09
2.88576173e-09
2.905892168e-09
2.902543529e-09
2.897794118e-09
2.892016864e-09
2.885656794e-09
2.879230442e-09
2.873323055e-09
2.868590803e-09
2.865778219e-09
2.886954894e-09
2.883522386e-09
2.878654409e-09
2.872734194e-09
2.866220023e-09
2.859645127e-09
2.853614609e-09
2.848804734e-09
2.84596961e-09
2.868102821e-09
2.864596161e-09
2.859623254e-09
2.853576365e-09
2.84692546e-09
2.840218597e-09
2.834078646e-09
2.829199971e-09
2.826345326e-09
2.849350753e-09
2.845778952e-09
2.840713774e-09
2.834555343e-09
2.827783863e-09
2.820960489e-09
2.814723917e-09
2.809784747e-09
2.806913479e-09
2.83071198e-09
2.827083388e-09
2.821937671e-09
2.815681739e-09
2.808804696e-09
2.801879199e-09
2.79555797e-09
2.790566105e-09
2.787680983e-09
2.812198389e-09
2.80852073e-09
2.803305338e-09
2.796964914e-09
2.789996238e-09
2.78298199e-09
2.776587257e-09
2.771550005e-09
2.768653665e-09
2.793820565e-09
2.790100977e-09
2.784825953e-09
2.778413075e-09
2.771365669e-09
2.764275085e-09
2.757817226e-09
2.752741422e-09
2.749836362e-09
2.775587884e-09
2.771832953e-09
2.76650757e-09
2.760033364e-09
2.75291917e-09
2.745763753e-09
2.739252413e-09
2.734144435e-09
2.731233013e-09
2.757508607e-09
2.753724404e-09
2.748357213e-09
2.741831947e-09
2.734661996e-09
2.727452394e-09
2.720896519e-09
2.71576231e-09
2.712846747e-09
2.739589963e-09
2.735782076e-09
2.730380952e-09
2.723814089e-09
2.716598563e-09
2.709344615e-09
2.702752491e-09
2.697597575e-09
2.694679957e-09
2.721838232e-09
2.718011796e-09
2.712583982e-09
2.705984233e-09
2.698732512e-09
2.691443299e-09
2.684822592e-09
2.679652096e-09
2.676734373e-09
2.704258817e-09
2.700418547e-09
2.694970696e-09
2.688346067e-09
2.681066784e-09
2.673750675e-09
2.667108462e-09
2.661927134e-09
2.659011128e-09
2.686856319e-09
2.683006538e-09
2.67754475e-09
2.670902592e-09
2.663603679e-09
2.656268374e-09
2.649611178e-09
2.644423411e-09
2.641510814e-09
2.669634602e-09
2.665779265e-09
2.660309128e-09
2.653656176e-09
2.646344911e-09
2.638997487e-09
2.632331315e-09
2.627141161e-09
2.624233545e-09
2.652596855e-09
2.648739576e-09
2.643266199e-09
2.63660862e-09
2.62929167e-09
2.621938617e-09
2.615268989e-09
2.61008018e-09
2.607179001e-09
2.635745649e-09
2.631889728e-09
2.626417776e-09
2.6197612e-09
2.612444665e-09
2.605091928e-09
2.598423908e-09
2.593239877e-09
2.590346476e-09
2.619082992e-09
2.615231433e-09
2.609765157e-09
2.603114724e-09
2.595804172e-09
2.588457188e-09
2.581795413e-09
2.57661931e-09
2.573734922e-09
2.602610381e-09
2.598765915e-09
2.593309183e-09
2.586669571e-09
2.579370079e-09
2.57203381e-09
2.565382519e-09
2.560217228e-09
2.557342987e-09
2.586328845e-09
2.582493951e-09
2.577050275e-09
2.570425735e-09
2.563141922e-09
2.555820888e-09
2.549183949e-09
2.544032106e-09
2.541169047e-09
2.57023899e-09
2.566415914e-09
2.560988475e-09
2.554382864e-09
2.547118924e-09
2.539817234e-09
2.53319817e-09
2.528062177e-09
2.525211246e-09
2.554341041e-09
2.55053181e-09
2.545123486e-09
2.538540293e-09
2.531300026e-09
2.52402141e-09
2.517423419e-09
2.51230546e-09
2.509467516e-09
2.538634878e-09
2.534841318e-09
2.529454703e-09
2.522897079e-09
2.515683919e-09
2.508431753e-09
2.501857735e-09
2.496759793e-09
2.493935612e-09
2.523120067e-09
2.519343823e-09
2.51398125e-09
2.50745203e-09
2.500269075e-09
2.493046406e-09
2.486498983e-09
2.48142285e-09
2.478613134e-09
2.5077959e-09
2.504038441e-09
2.498702003e-09
2.492203735e-09
2.485053769e-09
2.47786334e-09
2.471344876e-09
2.466292168e-09
2.463497547e-09
2.492661414e-09
2.488924054e-09
2.483615622e-09
2.477150585e-09
2.470036103e-09
2.462880378e-09
2.456392997e-09
2.451365168e-09
2.448586205e-09
2.477715425e-09
2.473999335e-09
2.468720574e-09
2.462290801e-09
2.455214031e-09
2.448095214e-09
2.44164082e-09
2.436639171e-09
2.433876367e-09
2.462956553e-09
2.459262766e-09
2.454015154e-09
2.44762245e-09
2.440585378e-09
2.433505435e-09
2.427085726e-09
2.422111418e-09
2.419365215e-09
2.448383236e-09
2.444712667e-09
2.439497508e-09
2.433143471e-09
2.426147855e-09
2.419108531e-09
2.412725019e-09
2.407779084e-09
2.405049871e-09
2.43399376e-09
2.43034721e-09
2.42516565e-09
2.418851685e-09
2.411899077e-09
2.404901915e-09
2.398555938e-09
2.393639288e-09
2.390927404e-09
2.419786268e-09
2.416164434e-09
2.411017474e-09
2.404744814e-09
2.397836575e-09
2.390882934e-09
2.384575671e-09
2.379689109e-09
2.376994847e-09
2.405758777e-09
2.402162263e-09
2.397050772e-09
2.390820486e-09
2.383957806e-09
2.377048874e-09
2.37078136e-09
2.365925588e-09
2.3632492e-09
2.391909181e-09
2.388338507e-09
2.383263232e-09
2.377076246e-09
2.370260156e-09
2.363396969e-09
2.357170105e-09
2.352345734e-09
2.349687432e-09
2.378235258e-09
2.374690865e-09
2.369652442e-09
2.36350955e-09
2.356740937e-09
2.349924389e-09
2.343738958e-09
2.338946514e-09
2.336306474e-09
2.364734656e-09
2.361216912e-09
2.356215879e-09
2.350117751e-09
2.343397372e-09
2.336628231e-09
2.330484904e-09
2.325724837e-09
2.323103203e-09
2.351404871e-09
2.347914081e-09
2.342950881e-09
2.336898075e-09
2.330226566e-09
2.323505481e-09
2.317404828e-09
2.312677516e-09
2.310074398e-09
2.338243207e-09
2.334779609e-09
2.329854597e-09
2.323847567e-09
2.317225449e-09
2.310552957e-09
2.304495451e-09
2.299801202e-09
2.297216675e-09
2.325246695e-09
2.321810469e-09
2.316923911e-09
2.310963005e-09
2.304390684e-09
2.297767212e-09
2.291753226e-09
2.287092273e-09
2.284526374e-09
2.312411992e-09
2.309003247e-09
2.304155318e-09
2.298240769e-09
2.291718529e-09
2.285144377e-09
2.279174177e-09
2.274546667e-09
2.271999383e-09
2.299735202e-09
2.296353973e-09
2.291544733e-09
2.285676641e-09
2.279204619e-09
2.272679943e-09
2.266753655e-09
2.262159624e-09
2.25963087e-09
2.28721164e-09
2.28385786e-09
2.279087231e-09
2.273265521e-09
2.26684366e-09
2.260368415e-09
2.254485981e-09
2.249925309e-09
2.247414902e-09
2.274835491e-09
2.271508957e-09
2.266776664e-09
2.261001021e-09
2.254628992e-09
2.248202854e-09
2.242363946e-09
2.237836282e-09
2.235343885e-09
2.262599341e-09
2.259299659e-09
2.254605149e-09
2.248874909e-09
2.24255199e-09
2.236174218e-09
2.230378107e-09
2.225882759e-09
2.223407809e-09
2.250493558e-09
2.247220057e-09
2.242562373e-09
2.236876368e-09
2.230601256e-09
2.224270498e-09
2.21851586e-09
2.214051623e-09
2.211593223e-09
2.23850548e-09
2.235257089e-09
2.230634694e-09
2.22499102e-09
2.218761567e-09
2.212475571e-09
2.206760208e-09
2.20232513e-09
2.199881898e-09
2.226618375e-09
2.223393455e-09
2.218803983e-09
2.213199686e-09
2.207012531e-09
2.200767751e-09
2.195088201e-09
2.19067925e-09
2.18824912e-09
2.214810143e-09
2.211606264e-09
2.207046187e-09
2.201476839e-09
2.19532691e-09
2.189117969e-09
2.18346899e-09
2.179081621e-09
2.176661574e-09
2.203051736e-09
2.199865383e-09
2.195329578e-09
2.189788718e-09
2.183668586e-09
2.177487587e-09
2.171861476e-09
2.167489067e-09
2.16507479e-09
2.191305273e-09
2.188131468e-09
2.183612669e-09
2.178091106e-09
2.171990165e-09
2.165825805e-09
2.160211546e-09
2.155844687e-09
2.153430159e-09
2.179521844e-09
2.176353693e-09
2.171841811e-09
2.166326754e-09
2.160230211e-09
2.154066704e-09
2.148448926e-09
2.144074554e-09
2.141651535e-09
2.167639037e-09
2.164467174e-09
2.159948487e-09
2.154422512e-09
2.148310183e-09
2.142125971e-09
2.136483701e-09
2.132084085e-09
2.129641524e-09
2.155578216e-09
2.152390162e-09
2.147846374e-09
2.14228622e-09
2.136131137e-09
2.129897402e-09
2.124202638e-09
2.119754207e-09
2.117277579e-09
2.143241638e-09
2.14002108e-09
2.135428257e-09
2.129803481e-09
2.123570329e-09
2.117249339e-09
2.111465463e-09
2.106937523e-09
2.104408097e-09
2.130509523e-09
2.127235527e-09
2.122562952e-09
2.116834471e-09
2.11047791e-09
2.104021238e-09
2.09810133e-09
2.093454705e-09
2.090848795e-09
2.117237237e-09
2.11388343e-09
2.109092405e-09
2.103210992e-09
2.096673932e-09
2.090020649e-09
2.083905773e-09
2.079091451e-09
2.076379671e-09
2.103252784e-09
2.099786544e-09
2.094829222e-09
2.088734034e-09
2.081945963e-09
2.0750209e-09
2.068638497e-09
2.063596367e-09
2.060742972e-09
2.088354844e-09
2.084736566e-09
2.079554881e-09
2.073172145e-09
2.066047654e-09
2.058759893e-09
2.052022403e-09
2.046680223e-09
2.043642598e-09
2.072311659e-09
2.068494148e-09
2.063018972e-09
2.056260952e-09
2.048698611e-09
2.040940384e-09
2.033744293e-09
2.028017037e-09
2.024745432e-09
2.054861045e-09
2.050789148e-09
2.044939778e-09
2.037704199e-09
2.029585989e-09
2.021232191e-09
2.013457718e-09
2.007247467e-09
2.003685096e-09
2.035711882e-09
2.031322431e-09
2.025006562e-09
2.017176668e-09
2.008368175e-09
1.999276736e-09
1.990788369e-09
1.98398497e-09
1.980068569e-09
2.014547383e-09
2.009769562e-09
2.0028839e-09
1.994329337e-09
1.984680933e-09
1.974694278e-09
1.965342416e-09
1.957825078e-09
1.953486071e-09
1.991030444e-09
1.985786686e-09
1.978218327e-09
1.968797041e-09
1.958146277e-09
1.947094111e-09
1.936718025e-09
1.928358057e-09
1.923524421e-09
1.964811306e-09
1.959018796e-09
1.950647532e-09
1.940208849e-09
1.92838424e-09
1.916087854e-09
1.90452016e-09
1.895184999e-09
1.889783929e-09
1.935537662e-09
1.929110538e-09
1.919812174e-09
1.908201185e-09
1.895027526e-09
1.881305768e-09
1.868378527e-09
1.857937152e-09
1.851898572e-09
1.902867234e-09
1.895719512e-09
1.885370259e-09
1.872433569e-09
1.857738843e-09
1.842415787e-09
1.827968264e-09
1.816297992e-09
1.809558905e-09
1.866482655e-09
1.858531883e-09
1.847013806e-09
1.832606625e-09
1.816230442e-09
1.799144673e-09
1.783032649e-09
1.770027206e-09
1.762536791e-09
1.826108309e-09
1.817279893e-09
1.804487325e-09
1.788481745e-09
1.770285123e-09
1.75130041e-09
1.733406768e-09
1.718985386e-09
1.710710675e-09
1.781528574e-09
1.77176064e-09
1.75760736e-09
1.739901558e-09
1.719777701e-09
1.698794641e-09
1.679040813e-09
1.663157933e-09
1.654089783e-09
1.732606651e-09
1.721855264e-09
1.706282142e-09
1.6868101e-09
1.664695666e-09
1.641663726e-09
1.620021375e-09
1.602676427e-09
1.592835441e-09
1.679303016e-09
1.667547472e-09
1.650530181e-09
1.629271392e-09
1.605157623e-09
1.580086873e-09
1.556589103e-09
1.537835718e-09
1.52727769e-09
1.62169231e-09
1.608940211e-09
1.590496543e-09
1.567485121e-09
1.541428134e-09
1.514399919e-09
1.489151293e-09
1.469105354e-09
1.457925891e-09
1.559977494e-09
1.546269269e-09
1.526465607e-09
1.501798249e-09
1.473927928e-09
1.445103988e-09
1.418288984e-09
1.397135322e-09
1.385473577e-09
1.494500209e-09
1.479912849e-09
1.458869494e-09
1.432712052e-09
1.403239505e-09
1.372869896e-09
1.344760715e-09
1.322759824e-09
1.310802452e-09
1.425746801e-09
1.410396789e-09
1.388292286e-09
1.360885499e-09
1.330110407e-09
1.298542963e-09
1.269511422e-09
1.247013049e-09
1.235004021e-09
1.354350727e-09
1.338396642e-09
1.315472169e-09
1.287138666e-09
1.255460646e-09
1.223159971e-09
1.193707748e-09
1.17119905e-09
1.159480078e-09
1.281095114e-09
1.264741369e-09
1.241308038e-09
1.212465532e-09
1.180407367e-09
1.148000382e-09
1.118829786e-09
1.097130581e-09
1.08632754e-09
1.206927178e-09
1.190432071e-09
1.166887964e-09
1.138080068e-09
1.106328321e-09
1.074727273e-09
1.046703172e-09
1.026193959e-09
1.016426658e-09
1.133018394e-09
1.116710698e-09
1.093583446e-09
1.065581742e-09
1.034932945e-09
1.004566234e-09
9.779876211e-10
9.590314115e-10
9.505728558e-10
1.060975098e-09
1.045263116e-09
1.023015785e-09
9.961018479e-10
9.668458653e-10
9.381673857e-10
9.135444283e-10
8.966373972e-10
8.899052327e-10
9.918223298e-10
9.768310139e-10
9.55680829e-10
9.302409449e-10
9.028649055e-10
8.764711089e-10
8.544910575e-10
8.401689804e-10
8.353602285e-10
9.261148626e-10
9.120631759e-10
8.92352546e-10
8.688640355e-10
8.439456132e-10
8.205218357e-10
8.016655816e-10
7.905063801e-10
7.881176497e-10
8.64677759e-10
8.518286843e-10
8.339631427e-10
8.130160138e-10
7.911394183e-10
7.711819932e-10
7.561928177e-10
7.488625924e-10
7.493749278e-10
8.085340101e-10
7.971566802e-10
7.815049567e-10
7.634368661e-10
7.452080161e-10
7.295001522e-10
7.191513842e-10
7.163720763e-10
7.203162752e-10
7.583251522e-10
7.486991264e-10
7.356851218e-10
7.211082444e-10
7.071942565e-10
6.964982375e-10
6.916022411e-10
6.941693433e-10
7.021561224e-10
7.150352652e-10
7.074451518e-10
6.974967033e-10
6.869804214e-10
6.7806638e-10
6.731803222e-10
6.746241994e-10
6.834449833e-10
6.962022155e-10
6.795670564e-10
6.742998714e-10
6.678502104e-10
6.619734059e-10
6.587833923e-10
6.60579539e-10
6.69371112e-10
6.855188673e-10
7.039422901e-10
6.527828079e-10
6.50134633e-10
6.476368039e-10
6.47017403e-10
6.503487001e-10
6.598206922e-10
6.77149998e-10
7.01937508e-10
7.271589044e-10
6.355414839e-10
6.358297574e-10
6.377779502e-10
6.431061501e-10
6.538752806e-10
6.722009669e-10
6.995221306e-10
7.345993539e-10
7.680772205e-10
6.287433969e-10
6.323244874e-10
6.392830507e-10
6.513645082e-10
6.706679191e-10
6.992918138e-10
7.384304097e-10
7.859129187e-10
8.295525253e-10
6.333874287e-10
6.406799606e-10
6.533213705e-10
6.731330992e-10
7.023255888e-10
7.430654749e-10
7.963579334e-10
8.58995125e-10
9.153076676e-10
6.506432318e-10
6.621579162e-10
6.813111589e-10
7.100726433e-10
7.508673594e-10
8.060509946e-10
8.765250817e-10
9.579207611e-10
1.030235288e-09
6.8194026e-10
6.983172832e-10
7.250285734e-10
7.642913229e-10
8.188865136e-10
8.915266072e-10
9.831354132e-10
1.088038196e-09
1.180785435e-09
7.290759184e-10
7.511313678e-10
7.867398308e-10
8.384997013e-10
9.097391157e-10
1.003757371e-09
1.12168323e-09
1.256370041e-09
1.375464237e-09
7.943461258e-10
8.231294062e-10
8.693610929e-10
9.361987144e-10
1.027773873e-09
1.148286648e-09
1.29933408e-09
1.472114638e-09
1.625466391e-09
8.807027669e-10
9.17567252e-10
9.766510571e-10
1.061905407e-09
1.178606413e-09
1.332280761e-09
1.525370959e-09
1.747233568e-09
1.945423573e-09
9.919434039e-10
1.038632078e-09
1.113439405e-09
1.221414692e-09
1.369424413e-09
1.564887926e-09
1.811620421e-09
2.096969679e-09
2.354046626e-09
1.132938323e-09
1.191683761e-09
1.285887206e-09
1.42207632e-09
1.609261295e-09
1.857453201e-09
2.172497786e-09
2.539572831e-09
2.873495602e-09
1.30989671e-09
1.383528554e-09
1.501758805e-09
1.673024969e-09
1.909067083e-09
2.223130952e-09
2.623482946e-09
3.092358825e-09
3.521659751e-09
1.530662111e-09
1.622701993e-09
1.770650821e-09
1.98523199e-09
2.281237841e-09
2.674942497e-09
3.175114823e-09
3.754626029e-09
4.2657469e-09
1.804987395e-09
1.919679288e-09
2.104031034e-09
2.371105417e-09
2.738087346e-09
3.221246614e-09
3.820262688e-09
4.471200011e-09
5.036666077e-09
2.144600455e-09
2.286716627e-09
2.51456423e-09
2.842683566e-09
3.287578449e-09
3.855581928e-09
4.511078123e-09
5.249708087e-09
5.942667447e-09
2.562403604e-09
2.736282735e-09
3.012793534e-09
3.404536804e-09
3.919337635e-09
4.52301161e-09
5.276686535e-09
6.185348823e-09
7.057529764e-09
3.068554042e-09
3.274585705e-09
3.594558774e-09
4.025040982e-09
4.563726771e-09
5.272162184e-09
6.203997064e-09
7.348817022e-09
8.441939827e-09
3.655174002e-09
3.878195631e-09
4.202210279e-09
4.664258015e-09
5.304634342e-09
6.185735264e-09
7.363729285e-09
8.805764046e-09
1.015011987e-08
4.235766599e-09
4.472574445e-09
4.851560185e-09
5.412398643e-09
6.214068125e-09
7.332372282e-09
8.825437381e-09
1.061942001e-08
1.222759782e-08
4.86982499e-09
5.156913331e-09
5.628340614e-09
6.336364807e-09
7.357817786e-09
8.782513866e-09
1.065884403e-08
1.284298362e-08
1.470316161e-08
5.632938439e-09
5.995240037e-09
6.594955949e-09
7.500199949e-09
8.805883425e-09
1.060854155e-08
1.292326317e-08
1.550330959e-08
1.757359132e-08
6.582672931e-09
7.045950296e-09
7.814541968e-09
8.973539305e-09
1.063138494e-08
1.287342211e-08
1.564843759e-08
1.858318899e-08
2.079496107e-08
7.779136289e-09
8.373381618e-09
9.357227495e-09
1.082956913e-08
1.289883465e-08
1.561025227e-08
1.881396386e-08
2.201323285e-08
2.428024355e-08
9.291031618e-09
1.004964112e-08
1.129623875e-08
1.313270614e-08
1.564327566e-08
1.880043762e-08
2.234088387e-08
2.567686349e-08
2.790861072e-08
1.119322098e-08
1.214762618e-08
1.36940371e-08
1.591725176e-08
1.884829709e-08
2.236450001e-08
2.609984871e-08
2.942930376e-08
3.154452011e-08
1.355464412e-08
1.47237445e-08
1.657965382e-08
1.916578223e-08
2.243617635e-08
2.617051365e-08
2.993451383e-08
3.312320271e-08
3.505961238e-08
1.641504025e-08
1.779354467e-08
1.992798286e-08
2.279925671e-08
2.627562936e-08
3.005831808e-08
3.369017708e-08
3.663139134e-08
3.834994536e-08
1.976175351e-08
2.131306666e-08
2.365111354e-08
2.668466184e-08
3.020542733e-08
3.386894778e-08
3.723710892e-08
3.986053756e-08
4.134458438e-08
2.351550801e-08
2.517404379e-08
2.760778e-08
3.065837385e-08
3.406366977e-08
3.74684925e-08
4.048302272e-08
4.275464325e-08
4.400582161e-08
2.753554217e-08
2.921876197e-08
3.162825318e-08
3.455542556e-08
3.771210149e-08
4.076090795e-08
4.337486805e-08
4.529099371e-08
4.632383039e-08
3.164405727e-08
3.32689642e-08
3.554446567e-08
3.823425581e-08
4.104981914e-08
4.369006743e-08
4.589340552e-08
4.747228015e-08
4.830896084e-08
3.565961669e-08
3.715707218e-08
3.921487259e-08
4.159109667e-08
4.401627697e-08
4.623452033e-08
4.80445184e-08
4.931791629e-08
4.998399253e-08
3.94266322e-08
4.074941056e-08
4.253833084e-08
4.456355689e-08
4.658672618e-08
4.839885696e-08
4.985013257e-08
5.085622543e-08
5.137743323e-08
4.283285847e-08
4.395700475e-08
4.545681187e-08
4.712631951e-08
4.87638685e-08
5.020453056e-08
5.134018643e-08
5.211794036e-08
5.251787969e-08
4.581371648e-08
4.673517972e-08
4.795018256e-08
4.928277165e-08
5.05687024e-08
5.168170618e-08
5.254602091e-08
5.313056496e-08
5.342844928e-08
4.834696885e-08
4.907609297e-08
5.002714829e-08
5.105576788e-08
5.203247865e-08
5.286298577e-08
5.349530528e-08
5.391274078e-08
5.411839759e-08
5.044263742e-08
5.099853213e-08
5.171566669e-08
5.247962971e-08
5.319101236e-08
5.378019915e-08
5.421046988e-08
5.447047486e-08
5.456203313e-08
5.213211088e-08
5.253799826e-08
5.305469978e-08
5.359424188e-08
5.408182302e-08
5.446596088e-08
5.471885657e-08
5.482879707e-08
5.483715625e-08
5.34586379e-08
5.373845407e-08
5.408767941e-08
5.444040797e-08
5.47411604e-08
5.495166261e-08
5.505048275e-08
5.503357744e-08
5.500146874e-08
5.44699481e-08
5.464603726e-08
5.48575268e-08
5.505589964e-08
5.519986019e-08
5.525955652e-08
5.521583609e-08
5.513968009e-08
5.508937259e-08
5.521292564e-08
5.53046066e-08
5.540328609e-08
5.547328501e-08
5.548282028e-08
5.540632732e-08
5.528677436e-08
5.518258553e-08
5.512473789e-08
5.572979887e-08
5.575254697e-08
5.575764061e-08
5.571813976e-08
5.560791409e-08
5.545011782e-08
5.529722752e-08
5.518261436e-08
5.512295941e-08
5.605501594e-08
5.602003614e-08
5.594431842e-08
5.580613824e-08
5.562116348e-08
5.543073745e-08
5.526777141e-08
5.515259985e-08
5.509427363e-08
5.621138691e-08
5.612603391e-08
5.597454533e-08
5.57795471e-08
5.556873598e-08
5.537182714e-08
5.521156234e-08
5.510118422e-08
5.504583912e-08
5.620081475e-08
5.607562159e-08
5.589682729e-08
5.568865361e-08
5.547778119e-08
5.52883066e-08
5.513742045e-08
5.503450934e-08
5.49829236e-08
5.607485122e-08
5.594280837e-08
5.576415439e-08
5.556341423e-08
5.536520646e-08
5.518996458e-08
5.505150744e-08
5.495713855e-08
5.490957107e-08
5.589729654e-08
5.577220072e-08
5.560593353e-08
5.542176396e-08
5.524173547e-08
5.508337732e-08
5.495826165e-08
5.487257e-08
5.48289743e-08
5.570087054e-08
5.55879596e-08
5.543884267e-08
5.527448143e-08
5.511417811e-08
5.497301035e-08
5.486093744e-08
5.478352979e-08
5.474369053e-08
5.550267284e-08
5.540334908e-08
5.527235356e-08
5.512796367e-08
5.498682046e-08
5.486190139e-08
5.47619383e-08
5.469215236e-08
5.46557702e-08
5.531158474e-08
5.522543782e-08
5.51116654e-08
5.498588609e-08
5.486230524e-08
5.475210322e-08
5.466303441e-08
5.460009967e-08
5.456684415e-08
5.513188582e-08
5.505769455e-08
5.495941332e-08
5.485022868e-08
5.474220049e-08
5.464497921e-08
5.456551666e-08
5.450864911e-08
5.447819019e-08
5.496524335e-08
5.490149756e-08
5.481670367e-08
5.472192266e-08
5.462737218e-08
5.454140782e-08
5.447030796e-08
5.441876312e-08
5.439078887e-08
5.481186749e-08
5.47570389e-08
5.468375182e-08
5.460126136e-08
5.45182302e-08
5.444192441e-08
5.437804761e-08
5.433114701e-08
5.430537247e-08
5.467119521e-08
5.462386966e-08
5.456027513e-08
5.448816037e-08
5.441489204e-08
5.434682142e-08
5.428915664e-08
5.424629805e-08
5.422246851e-08
5.454229434e-08
5.450122575e-08
5.444573286e-08
5.438232331e-08
5.431729083e-08
5.425622002e-08
5.420388906e-08
5.416454706e-08
5.414243811e-08
5.442409493e-08
5.438821924e-08
5.433947154e-08
5.428334421e-08
5.422524674e-08
5.417012164e-08
5.412237228e-08
5.40860937e-08
5.406550937e-08
5.43155213e-08
5.428394757e-08
5.424080872e-08
5.419077011e-08
5.413851411e-08
5.408844523e-08
5.404463903e-08
5.40110358e-08
5.399180593e-08
5.421555881e-08
5.418755029e-08
5.414907915e-08
5.410413826e-08
5.405681231e-08
5.40110544e-08
5.39706525e-08
5.393939365e-08
5.392137087e-08
5.41232835e-08
5.409823575e-08
5.406365839e-08
5.402299743e-08
5.397984583e-08
5.393777704e-08
5.390032601e-08
5.387112977e-08
5.385418657e-08
5.403787106e-08
5.401529044e-08
5.398397298e-08
5.39469194e-08
5.390731726e-08
5.386841971e-08
5.383353838e-08
5.380616493e-08
5.379019091e-08
5.395859461e-08
5.393807882e-08
5.390950302e-08
5.387550448e-08
5.383893553e-08
5.380277805e-08
5.377014594e-08
5.374439099e-08
5.372929047e-08
5.388481718e-08
5.386603846e-08
5.38397807e-08
5.380838355e-08
5.37744211e-08
5.374064452e-08
5.370999189e-08
5.368568125e-08
5.367137125e-08
5.381598206e-08
5.37986732e-08
5.377438692e-08
5.374521825e-08
5.371350935e-08
5.368181417e-08
5.365291387e-08
5.362989897e-08
5.361630761e-08
5.375160303e-08
5.373554591e-08
5.371294729e-08
5.368570028e-08
5.365595279e-08
5.362608931e-08
5.359875027e-08
5.357690479e-08
5.356397014e-08
5.369125542e-08
5.367627186e-08
5.365512836e-08
5.362955061e-08
5.360152309e-08
5.357328379e-08
5.354734619e-08
5.352656376e-08
5.351423324e-08
5.363456849e-08
5.362051309e-08
5.360063461e-08
5.357651932e-08
5.355001347e-08
5.352322764e-08
5.349855998e-08
5.347875317e-08
5.346698369e-08
5.358121969e-08
5.356797456e-08
5.354920696e-08
5.352638668e-08
5.350124248e-08
5.347577335e-08
5.345227167e-08
5.343337277e-08
5.342213186e-08
5.353093163e-08
5.35184028e-08
5.350062384e-08
5.347896695e-08
5.345506073e-08
5.343080562e-08
5.340839554e-08
5.339035975e-08
5.337962827e-08
5.348347355e-08
5.34715892e-08
5.345470692e-08
5.343411732e-08
5.341136338e-08
5.338825766e-08
5.336690041e-08
5.334971258e-08
5.333948978e-08
5.343867233e-08
5.342738305e-08
5.341133715e-08
5.339175752e-08
5.337011417e-08
5.334814025e-08
5.332784396e-08
5.331153028e-08
5.330184227e-08
5.339644609e-08
5.338572717e-08
5.337049342e-08
5.335191265e-08
5.333139314e-08
5.331059511e-08
5.329143222e-08
5.327607777e-08
5.326699031e-08
5.335689638e-08
5.33467517e-08
5.33323484e-08
5.331481116e-08
5.3295497e-08
5.327599767e-08
5.325812501e-08
5.324389438e-08
5.323552841e-08
5.33205554e-08
5.331101852e-08
5.32975085e-08
5.328111765e-08
5.326316073e-08
5.32451635e-08
5.322882495e-08
5.321596798e-08
5.320850792e-08
5.328906319e-08
5.328017775e-08
5.326763615e-08
5.325250641e-08
5.323606772e-08
5.321978183e-08
5.320522724e-08
5.319400709e-08
5.318766042e-08
5.326700918e-08
5.325871877e-08
5.324706467e-08
5.323309515e-08
5.32180591e-08
5.320336289e-08
5.319048165e-08
5.318082867e-08
5.317559444e-08
7.428927785e-24
2.782191426e-23
6.206244086e-23
1.176004424e-22
2.075700916e-22
3.546928836e-22
5.984409007e-22
1.007062109e-21
1.698689755e-21
2.877802022e-21
4.898547026e-21
8.374564532e-21
1.436955054e-20
2.472799402e-20
4.264918426e-20
7.368356773e-20
1.274620571e-19
2.206973971e-19
3.823922622e-19
6.628740942e-19
1.149460723e-18
1.993605504e-18
3.457902406e-18
5.997382723e-18
1.039992532e-17
1.802835914e-17
3.123704639e-17
5.408696766e-17
9.35697508e-17
1.616961682e-16
2.79046788e-16
4.807842505e-16
8.267889165e-16
1.41866362e-15
2.428113987e-15
4.144046953e-15
7.050256623e-15
1.19527161e-14
2.018665236e-14
3.395075457e-14
5.684185735e-14
9.470198186e-14
1.569453632e-13
2.586113625e-13
4.234955374e-13
6.888517633e-13
1.11234349e-12
1.78217896e-12
2.831764743e-12
4.460913415e-12
6.966931282e-12
1.079116862e-11
1.658932072e-11
2.533690162e-11
3.846219664e-11
5.788916073e-11
8.549609993e-11
1.239999665e-10
1.761451891e-10
2.437100236e-10
3.258102522e-10
4.169138963e-10
5.060411081e-10
5.79354299e-10
6.265518713e-10
6.467463939e-10
6.479242867e-10
6.40762562e-10
6.33450276e-10
6.306291107e-10
6.345087236e-10
6.460448086e-10
6.656513533e-10
6.935468764e-10
7.298988899e-10
7.748765859e-10
8.286510914e-10
8.913690624e-10
9.631132795e-10
1.043858129e-09
1.133425414e-09
1.231445055e-09
1.337324908e-09
1.450233524e-09
1.569098962e-09
1.692625526e-09
1.819328706e-09
1.947586644e-09
2.075704574e-09
2.201987014e-09
2.324811524e-09
2.442697518e-09
2.554364292e-09
2.658773582e-09
2.755153347e-09
2.842999349e-09
2.922041245e-09
2.992376056e-09
3.054195778e-09
3.107875129e-09
3.153924318e-09
3.192954116e-09
3.225658502e-09
3.252829461e-09
3.275449651e-09
3.293873019e-09
3.308387854e-09
3.319332807e-09
3.327053009e-09
3.331876856e-09
3.334105204e-09
3.334007791e-09
3.331823664e-09
3.327763623e-09
3.322013513e-09
3.314737679e-09
3.306082228e-09
3.296177927e-09
3.285142665e-09
3.27308349e-09
3.260098261e-09
3.246276957e-09
3.231702711e-09
3.216452614e-09
3.200598348e-09
3.184206678e-09
3.167339845e-09
3.150055881e-09
3.13240888e-09
3.114449218e-09
3.096223753e-09
3.077776011e-09
3.059146351e-09
3.040372127e-09
3.021487843e-09
3.002525305e-09
2.983513763e-09
2.964480055e-09
2.945448748e-09
2.926442268e-09
2.907481037e-09
2.888583594e-09
2.86976672e-09
2.851045554e-09
2.832433704e-09
2.813943356e-09
2.795585375e-09
2.777369402e-09
2.759303943e-09
2.741396459e-09
2.723653443e-09
2.706080502e-09
2.688682424e-09
2.671463247e-09
2.654426321e-09
2.637574371e-09
2.620909543e-09
2.604433464e-09
2.588147284e-09
2.572051721e-09
2.556147102e-09
2.540433403e-09
2.524910279e-09
2.509577101e-09
2.494432983e-09
2.47947681e-09
2.464707263e-09
2.450122841e-09
2.435721882e-09
2.421502578e-09
2.40746299e-09
2.393601054e-09
2.379914584e-09
2.366401262e-09
2.353058617e-09
2.33988398e-09
2.326874415e-09
2.314026608e-09
2.301336702e-09
2.288800059e-09
2.276410925e-09
2.26416198e-09
2.25204372e-09
2.240043671e-09
2.228145362e-09
2.216327064e-09
2.204560234e-09
2.192807668e-09
2.181021351e-09
2.169140017e-09
2.157086476e-09
2.144764767e-09
2.13205726e-09
2.118821851e-09
2.104889452e-09
2.090062001e-09
2.074111279e-09
2.056778828e-09
2.037777282e-09
2.016793455e-09
1.993493438e-09
1.967529985e-09
1.938552296e-09
1.906218255e-09
1.870208972e-09
1.830245313e-09
1.786105875e-09
1.737645657e-09
1.684814454e-09
1.627673843e-09
1.566411587e-09
1.501352361e-09
1.432964179e-09
1.361861026e-09
1.288805091e-09
1.214719534e-09
1.140744227e-09
1.068429795e-09
9.989492411e-10
9.328148704e-10
8.708307372e-10
8.140127179e-10
7.630006088e-10
7.18776405e-10
6.8224216e-10
6.542570178e-10
6.356716372e-10
6.273703944e-10
6.303260045e-10
6.456688308e-10
6.747725938e-10
7.193585876e-10
7.816214794e-10
8.643810095e-10
9.712650487e-10
1.106929817e-09
1.277321074e-09
1.489971042e-09
1.754293359e-09
2.081726604e-09
2.485198367e-09
2.976019329e-09
3.550595979e-09
4.130219184e-09
4.744201082e-09
5.475389746e-09
6.381683974e-09
7.521331597e-09
8.960993638e-09
1.077529346e-08
1.303723822e-08
1.579650475e-08
1.905477815e-08
2.274762216e-08
2.674451996e-08
3.087019375e-08
3.493820589e-08
3.878314414e-08
4.228148905e-08
4.535855474e-08
4.798450866e-08
5.016454077e-08
5.192758372e-08
5.331620782e-08
5.437868413e-08
5.516321069e-08
5.571377846e-08
5.606682602e-08
5.624718882e-08
5.625979553e-08
5.613905366e-08
5.595881285e-08
5.575663823e-08
5.55517896e-08
5.535416464e-08
5.516850025e-08
5.499663318e-08
5.483879435e-08
5.469436869e-08
5.45623413e-08
5.444155149e-08
5.43308363e-08
5.422910308e-08
5.413536088e-08
5.40487293e-08
5.396843528e-08
5.389380416e-08
5.382424872e-08
5.375925804e-08
5.369838739e-08
5.364124963e-08
5.358750856e-08
5.353687499e-08
5.348910739e-08
5.344402197e-08
5.340152526e-08
5.336170559e-08
5.332508167e-08
5.329328834e-08
5.327095982e-08
)
;

boundaryField
{
    outlet
    {
        type            inletOutlet;
        inletValue      uniform 0;
        value           nonuniform List<scalar> 10(5.326700918e-08 5.325871877e-08 5.324706467e-08 5.323309515e-08 5.32180591e-08 5.320336289e-08 5.319048165e-08 5.318082867e-08 5.317559444e-08 5.327095982e-08);
    }
    inlet
    {
        type            fixedValue;
        value           uniform 0;
    }
    front
    {
        type            wedge;
    }
    wall
    {
        type            zeroGradient;
    }
    back
    {
        type            wedge;
    }
}


// ************************************************************************* //
