/*--------------------------------*- C++ -*----------------------------------*\
| =========                 |                                                 |
| \\      /  F ield         | OpenFOAM: The Open Source CFD Toolbox           |
|  \\    /   O peration     | Version:  2212                                  |
|   \\  /    A nd           | Website:  www.openfoam.com                      |
|    \\/     M anipulation  |                                                 |
\*---------------------------------------------------------------------------*/
FoamFile
{
    version     2.0;
    format      ascii;
    arch        "LSB;label=32;scalar=64";
    class       volScalarField;
    location    "20.00000000";
    object      C7H7;
}
// * * * * * * * * * * * * * * * * * * * * * * * * * * * * * * * * * * * * * //

dimensions      [0 0 0 0 0 0 0];

internalField   nonuniform List<scalar> 
3000
(
2.795930141e-28
3.142500344e-28
3.665542309e-28
4.362647564e-28
5.22677464e-28
6.234474453e-28
7.325025382e-28
8.365673647e-28
9.101570648e-28
1.050276598e-27
1.185265844e-27
1.388909018e-27
1.660934266e-27
2.001092e-27
2.407499874e-27
2.873079078e-27
3.374282411e-27
3.818164966e-27
2.354801315e-27
2.678467232e-27
3.171425413e-27
3.840906217e-27
4.699027519e-27
5.758284399e-27
7.014497803e-27
8.397078235e-27
9.578650714e-27
4.491284568e-27
5.162478428e-27
6.199789408e-27
7.638589862e-27
9.530138511e-27
1.192275709e-26
1.480355825e-26
1.794195818e-26
2.047544694e-26
7.98902684e-27
9.296371068e-27
1.134879874e-26
1.425131485e-26
1.814129479e-26
2.312864014e-26
2.913074002e-26
3.550697834e-26
4.040301052e-26
1.376612881e-26
1.622527667e-26
2.014161201e-26
2.576691266e-26
3.340345181e-26
4.324570357e-26
5.500162062e-26
6.718928509e-26
7.620960592e-26
2.342587134e-26
2.795439028e-26
3.525092174e-26
4.585076394e-26
6.034922076e-26
7.903985774e-26
1.011539098e-25
1.236349087e-25
1.398639281e-25
3.975048725e-26
4.796849131e-26
6.132838326e-26
8.088847753e-26
1.077504552e-25
1.423123227e-25
1.828488289e-25
2.234610433e-25
2.522915899e-25
6.757700815e-26
8.233574707e-26
1.064854379e-25
1.420244049e-25
1.909206832e-25
2.53666566e-25
3.267341733e-25
3.991806887e-25
4.500447285e-25
1.153098881e-25
1.416106752e-25
1.848457588e-25
2.48680471e-25
3.365667387e-25
4.490571479e-25
5.793331891e-25
7.075599628e-25
7.96920314e-25
1.975625565e-25
2.441618889e-25
3.210117993e-25
4.347126356e-25
5.912667209e-25
7.912095221e-25
1.021819489e-24
1.247645756e-24
1.404236881e-24
3.397511055e-25
4.21958088e-25
5.57832941e-25
7.591249497e-25
1.036237902e-24
1.389534242e-24
1.795804475e-24
2.192226437e-24
2.466168992e-24
5.860984751e-25
7.306551419e-25
9.699530094e-25
1.324756431e-24
1.813088871e-24
2.43483796e-24
3.14826409e-24
3.842638865e-24
4.321373268e-24
1.013573745e-24
1.267164813e-24
1.687411539e-24
2.310844335e-24
3.168702762e-24
4.259806522e-24
5.509709902e-24
6.723861165e-24
7.560150846e-24
1.756170759e-24
2.200260437e-24
2.936762662e-24
4.029753565e-24
5.533392469e-24
7.444113238e-24
9.62900834e-24
1.174555308e-23
1.32095331e-23
3.047185727e-24
3.823871334e-24
5.11267589e-24
7.025765769e-24
9.657041959e-24
1.299750448e-23
1.680597236e-23
2.046537952e-23
2.305392827e-23
5.292838967e-24
6.649889158e-24
8.902629031e-24
1.224725516e-23
1.684768108e-23
2.269098997e-23
2.937851747e-23
3.588832731e-23
4.028601598e-23
9.200519359e-24
1.156982971e-23
1.550404051e-23
2.134574898e-23
2.937962371e-23
3.957826267e-23
5.122978025e-23
6.251530027e-23
7.024243265e-23
1.600226376e-23
2.013660391e-23
2.700295882e-23
3.719911476e-23
5.121987167e-23
6.901283885e-23
8.932860946e-23
1.089899801e-22
1.224686592e-22
2.784421547e-23
3.505557196e-23
4.703386882e-23
6.482159927e-23
8.927922373e-23
1.203101298e-22
1.557294187e-22
1.899954834e-22
2.134812542e-22
4.846529668e-23
6.104025862e-23
8.192945136e-23
1.129500215e-22
1.555983627e-22
2.096986019e-22
2.714336584e-22
3.31141621e-22
3.720567645e-22
8.437976274e-23
1.063033597e-22
1.427237324e-22
1.96806682e-22
2.711536824e-22
3.654460463e-22
4.730186435e-22
5.770317864e-22
6.48292172e-22
1.469375398e-22
1.851544378e-22
2.486416472e-22
3.429112635e-22
4.724828351e-22
6.367783559e-22
8.241622215e-22
1.00529374e-21
1.129356511e-21
2.559126633e-22
3.225237689e-22
4.331746541e-22
5.974558383e-22
8.232115152e-22
1.109388721e-21
1.435674883e-21
1.750965402e-21
1.966850615e-21
4.457520955e-22
5.618396664e-22
7.546578286e-22
1.040878173e-21
1.434095713e-21
1.932377008e-21
2.500256998e-21
3.048759436e-21
3.424179116e-21
7.764500346e-22
9.787347314e-22
1.314666668e-21
1.81319238e-21
2.497825255e-21
3.364975556e-21
4.352707167e-21
5.306187906e-21
5.958446502e-21
1.352453304e-21
1.704868002e-21
2.28997379e-21
3.157952502e-21
4.349360149e-21
5.857439402e-21
7.573981199e-21
9.229736218e-21
1.036159703e-20
2.355493877e-21
2.969281374e-21
3.987987547e-21
5.498433145e-21
7.570314582e-21
1.019071657e-20
1.317048547e-20
1.604182169e-20
1.80027573e-20
4.101522127e-21
5.170073686e-21
6.942735449e-21
9.569327214e-21
1.31690534e-20
1.771684229e-20
2.288184858e-20
2.785227256e-20
3.124242072e-20
7.13925453e-21
8.998364742e-21
1.208064841e-20
1.664377368e-20
2.289036633e-20
3.077104923e-20
3.970680849e-20
4.829109441e-20
5.413640095e-20
1.242038771e-20
1.565216891e-20
2.100607384e-20
2.892337131e-20
3.974578084e-20
5.337488344e-20
6.879687742e-20
8.357974122e-20
9.362449471e-20
2.159288302e-20
2.720434155e-20
3.649132011e-20
5.020547895e-20
6.891737201e-20
9.242913735e-20
1.189653656e-19
1.443320803e-19
1.61522709e-19
3.750496357e-20
4.723358623e-20
6.331452855e-20
8.701969083e-20
1.192897419e-19
1.597250651e-19
2.052173407e-19
2.485584793e-19
2.778348831e-19
6.506880194e-20
8.190292006e-20
1.09686271e-19
1.505535706e-19
2.06031213e-19
2.753117532e-19
3.529584159e-19
4.266347225e-19
4.762093085e-19
1.12736494e-19
1.417964648e-19
1.896679006e-19
2.598983074e-19
3.549152424e-19
4.730930712e-19
6.049398602e-19
7.294497444e-19
8.128492476e-19
1.950158301e-19
2.450371594e-19
3.272532001e-19
4.474894425e-19
6.095089601e-19
8.100625243e-19
1.03262729e-18
1.241652784e-18
1.380937706e-18
3.367488724e-19
4.225624187e-19
5.632291623e-19
7.681804995e-19
1.043058427e-18
1.381436072e-18
1.754672809e-18
2.103026317e-18
2.333808429e-18
5.803767801e-19
7.270292844e-19
9.666681485e-19
1.314308155e-18
1.778036024e-18
2.345305048e-18
2.966744929e-18
3.54275623e-18
3.921940045e-18
9.98265482e-19
1.247822218e-18
1.654130107e-18
2.240623199e-18
3.018165268e-18
3.96263151e-18
4.989500484e-18
5.934167458e-18
6.551804821e-18
1.713623232e-18
2.136335401e-18
2.821712083e-18
3.805480412e-18
5.100788358e-18
6.662017111e-18
8.345622319e-18
9.882068351e-18
1.087943917e-17
2.936052012e-18
3.648607374e-18
4.798573533e-18
6.438920501e-18
8.582549678e-18
1.114470652e-17
1.388376422e-17
1.636250257e-17
1.795970495e-17
5.022140673e-18
6.217406748e-18
8.136558618e-18
1.085551866e-17
1.438006998e-17
1.855555779e-17
2.297904666e-17
2.694779583e-17
2.948608334e-17
8.579167964e-18
1.057463505e-17
1.376095273e-17
1.824242411e-17
2.400235523e-17
3.076351931e-17
3.786024949e-17
4.417256859e-17
4.818002384e-17
1.46435463e-17
1.796038259e-17
2.322573542e-17
3.057506156e-17
3.993816171e-17
5.082648317e-17
6.214998292e-17
7.213660228e-17
7.843159189e-17
2.498986235e-17
3.048254226e-17
3.914929009e-17
5.115215886e-17
6.630863036e-17
8.377116491e-17
1.017685251e-16
1.175121906e-16
1.273694055e-16
4.267000484e-17
5.174047166e-17
6.596510156e-17
8.55121667e-17
1.099801219e-16
1.379189524e-16
1.664678844e-16
1.912527262e-16
2.066751005e-16
7.296109839e-17
8.791615293e-17
1.112281738e-16
1.430207777e-16
1.824856372e-16
2.27170604e-16
2.724729012e-16
3.115336111e-16
3.357066773e-16
1.250459468e-16
1.497008583e-16
1.879121326e-16
2.396527103e-16
3.033839398e-16
3.749956206e-16
4.470910757e-16
5.088856348e-16
5.469512839e-16
2.150170498e-16
2.557287851e-16
3.18490201e-16
4.029216178e-16
5.062036189e-16
6.214868996e-16
7.368638725e-16
8.352740369e-16
8.956713694e-16
3.712920184e-16
4.387531574e-16
5.422594011e-16
6.807133839e-16
8.490840416e-16
1.035986837e-15
1.222158254e-15
1.380356795e-15
1.477182856e-15
6.444577985e-16
7.568565963e-16
9.286160003e-16
1.157281629e-15
1.434036761e-15
1.739944481e-15
2.043592726e-15
2.300943149e-15
2.458174092e-15
1.125312028e-15
1.313979871e-15
1.601348724e-15
1.982508476e-15
2.442181781e-15
2.948746542e-15
3.450432139e-15
3.874977006e-15
4.134124473e-15
1.978185659e-15
2.297834027e-15
2.783485574e-15
3.425910521e-15
4.198826937e-15
5.04906542e-15
5.890171556e-15
6.601559623e-15
7.035739038e-15
3.50271834e-15
4.050192321e-15
4.880580374e-15
5.97719872e-15
7.294890804e-15
8.743385864e-15
1.01761164e-14
1.13882126e-14
1.212832478e-14
6.249632533e-15
7.198795118e-15
8.637128567e-15
1.053522124e-14
1.281530385e-14
1.532229648e-14
1.780365231e-14
1.990480354e-14
2.11889415e-14
1.123850182e-14
1.29057498e-14
1.543168733e-14
1.876534892e-14
2.277213409e-14
2.718211278e-14
3.155276293e-14
3.525894857e-14
3.752683189e-14
2.036923049e-14
2.33377947e-14
2.7837016e-14
3.377976719e-14
4.093160487e-14
4.881626397e-14
5.664524907e-14
6.329615363e-14
6.737215171e-14
3.720198828e-14
4.255979678e-14
5.068772599e-14
6.143888059e-14
7.440232719e-14
8.872656539e-14
1.029837661e-13
1.151229503e-13
1.225761744e-13
6.843798949e-14
7.823604247e-14
9.312095583e-14
1.128497557e-13
1.366988128e-13
1.631275544e-13
1.89511382e-13
2.120391611e-13
2.259036431e-13
1.267313279e-13
1.448715785e-13
1.724815632e-13
2.091719628e-13
2.53667226e-13
3.031533983e-13
3.527417546e-13
3.952381024e-13
4.214780958e-13
2.360209817e-13
2.699814846e-13
3.217917835e-13
3.908634298e-13
4.749589501e-13
5.68906861e-13
6.635016366e-13
7.449655584e-13
7.955049835e-13
4.416126989e-13
5.058022799e-13
6.040071023e-13
7.354380809e-13
8.962230126e-13
1.0768404e-12
1.259816826e-12
1.418426675e-12
1.517488457e-12
8.291607805e-13
9.514320961e-13
1.13911636e-12
1.391446939e-12
1.701892293e-12
2.052976063e-12
2.411368657e-12
2.72466602e-12
2.922108332e-12
1.560209758e-12
1.794453573e-12
2.155369793e-12
2.643139839e-12
3.247214132e-12
3.935775899e-12
4.645130876e-12
5.271653616e-12
5.670934584e-12
2.938307217e-12
3.388649226e-12
4.085421459e-12
5.032577289e-12
6.214262004e-12
7.57328565e-12
8.988003766e-12
1.025232382e-11
1.1068436e-11
5.531068428e-12
6.397947271e-12
7.745195728e-12
9.588037345e-12
1.190553289e-11
1.459654527e-11
1.742932293e-11
1.999286738e-11
2.16699946e-11
1.039368201e-11
1.206061149e-11
1.466325506e-11
1.824631683e-11
2.278926026e-11
2.811643742e-11
3.378787033e-11
3.898441832e-11
4.242873377e-11
1.947440121e-11
2.266910928e-11
2.768011726e-11
3.462289034e-11
4.349645417e-11
5.400106554e-11
6.530479031e-11
7.578178319e-11
8.280824485e-11
3.634257758e-11
4.243144954e-11
5.202386539e-11
6.539424673e-11
8.261079484e-11
1.031691734e-10
1.255032089e-10
1.46410847e-10
1.60572515e-10
6.748016407e-11
7.899619647e-11
9.721018429e-11
1.227339924e-10
1.558154649e-10
1.956123684e-10
2.39190949e-10
2.803156454e-10
3.083895441e-10
1.245405771e-10
1.46109833e-10
1.80338072e-10
2.285176754e-10
2.912975667e-10
3.672685724e-10
4.509687176e-10
5.304304098e-10
5.849838042e-10
2.282337566e-10
2.681621594e-10
3.316885296e-10
4.214128477e-10
5.387920822e-10
6.814392609e-10
8.392652269e-10
9.896972087e-10
1.093355492e-09
4.148772426e-10
4.877961753e-10
6.040135076e-10
7.68526948e-10
9.842915063e-10
1.24717943e-09
1.538742755e-09
1.817239201e-09
2.009512134e-09
7.471910123e-10
8.783396274e-10
1.087543997e-09
1.384000166e-09
1.773238208e-09
2.247949058e-09
2.774827525e-09
3.278337844e-09
3.626103696e-09
1.331620709e-09
1.563557318e-09
1.933532513e-09
2.457759841e-09
3.145874255e-09
3.984673224e-09
4.914944445e-09
5.803128563e-09
6.416063265e-09
2.345317601e-09
2.748075287e-09
3.389995173e-09
4.298473965e-09
5.489171074e-09
6.937976031e-09
8.54147195e-09
1.00691636e-08
1.112143599e-08
4.076774904e-09
4.762653854e-09
5.854054652e-09
7.395322121e-09
9.410102493e-09
1.18543655e-08
1.455104967e-08
1.711221618e-08
1.887154174e-08
6.984800475e-09
8.129036344e-09
9.945612703e-09
1.25031936e-08
1.583455239e-08
1.986009084e-08
2.428315627e-08
2.846733419e-08
3.133169098e-08
1.178065323e-08
1.364900625e-08
1.660659961e-08
2.075489511e-08
2.61344195e-08
3.260384696e-08
3.967748287e-08
4.633798583e-08
5.087942363e-08
1.953734593e-08
2.252110363e-08
2.722831754e-08
3.38014892e-08
4.228213357e-08
5.242517574e-08
6.345424645e-08
7.378523047e-08
8.079817208e-08
3.182787531e-08
3.648577208e-08
4.380607073e-08
5.39777622e-08
6.70267636e-08
8.253937777e-08
9.930524568e-08
1.149213577e-07
1.254713351e-07
5.089019172e-08
5.799532906e-08
6.911526471e-08
8.448393689e-08
1.040794065e-07
1.272233835e-07
1.520759321e-07
1.750857615e-07
1.905522629e-07
7.981110049e-08
9.039903807e-08
1.068968316e-07
1.295689891e-07
1.582897665e-07
1.919801656e-07
2.279136565e-07
2.609753249e-07
2.83081562e-07
1.227144853e-07
1.381276833e-07
1.620339476e-07
1.946937286e-07
2.35789371e-07
2.836557846e-07
3.343537792e-07
3.807007808e-07
4.115229326e-07
1.849335987e-07
2.068548061e-07
2.406955526e-07
2.86648952e-07
3.440755666e-07
4.104817952e-07
4.803177554e-07
5.437442602e-07
5.856940176e-07
2.731411685e-07
3.036095097e-07
3.504216815e-07
4.136023097e-07
4.920106883e-07
5.820207185e-07
6.760038418e-07
7.608022356e-07
8.165790485e-07
3.954115441e-07
4.368139163e-07
5.001237922e-07
5.850508117e-07
6.897179679e-07
8.090006605e-07
9.326621548e-07
1.043510853e-06
1.116023803e-06
5.611883433e-07
6.16222191e-07
6.999819091e-07
8.116649863e-07
9.483655343e-07
1.103037297e-06
1.262259291e-06
1.404064945e-06
1.496327995e-06
7.811424803e-07
8.527483466e-07
9.612293921e-07
1.105021471e-06
1.279842473e-06
1.47625474e-06
1.677051172e-06
1.854755169e-06
1.969762933e-06
1.066915007e-06
1.158180919e-06
1.29582877e-06
1.477233838e-06
1.696343745e-06
1.940828971e-06
2.18909381e-06
2.407457388e-06
2.54805097e-06
1.430752827e-06
1.544796058e-06
1.716055011e-06
1.940503644e-06
2.209891622e-06
2.508486555e-06
2.809728552e-06
3.073113252e-06
3.24184668e-06
1.885058288e-06
2.024892863e-06
2.234013729e-06
2.50662306e-06
2.831828452e-06
3.189995896e-06
3.549080267e-06
3.861240536e-06
4.060257955e-06
2.441884038e-06
2.610283996e-06
2.861129279e-06
3.186465694e-06
3.572318141e-06
3.994688079e-06
4.415604138e-06
4.779506975e-06
5.010439165e-06
3.112410644e-06
3.311779422e-06
3.607640616e-06
3.989502722e-06
4.439891719e-06
4.930039898e-06
5.415710177e-06
5.833393259e-06
6.097279684e-06
3.906445691e-06
4.138701032e-06
4.482140941e-06
4.923377643e-06
5.44106658e-06
6.001344114e-06
6.553485736e-06
7.025961222e-06
7.323201099e-06
4.831979635e-06
5.098461513e-06
5.491191448e-06
5.993565897e-06
6.580060687e-06
7.211482855e-06
7.830526654e-06
8.357733493e-06
8.688066717e-06
5.894826586e-06
6.196233073e-06
6.639031107e-06
7.203136579e-06
7.858613636e-06
8.560810574e-06
9.245878461e-06
9.826682067e-06
1.018919854e-05
7.098368918e-06
7.434722256e-06
7.927394831e-06
8.552623955e-06
9.275917327e-06
1.004714447e-05
1.07960813e-05
1.14283163e-05
1.182149044e-05
8.443414634e-06
8.814057233e-06
9.355442979e-06
1.004000772e-05
1.082865098e-05
1.166585328e-05
1.247530631e-05
1.315585584e-05
1.357760189e-05
9.928167121e-06
1.033178512e-05
1.091979693e-05
1.16607936e-05
1.251110909e-05
1.341003029e-05
1.427556734e-05
1.500047107e-05
1.544821422e-05
1.154829912e-05
1.198296964e-05
1.261466912e-05
1.340818056e-05
1.431540663e-05
1.52707336e-05
1.618699006e-05
1.695157264e-05
1.742233099e-05
1.329711704e-05
1.376037436e-05
1.443207151e-05
1.527329764e-05
1.623174382e-05
1.723727532e-05
1.819812007e-05
1.899713207e-05
1.948760441e-05
1.516579817e-05
1.565471359e-05
1.636208448e-05
1.724549203e-05
1.82487119e-05
1.929754168e-05
2.029625267e-05
2.11240166e-05
2.163067193e-05
1.714368184e-05
1.765495214e-05
1.839316722e-05
1.931264998e-05
2.035362262e-05
2.143832751e-05
2.246776888e-05
2.331832395e-05
2.383748898e-05
1.921859544e-05
1.974863529e-05
2.051249178e-05
2.146153366e-05
2.253284525e-05
2.364567056e-05
2.469846437e-05
2.556570488e-05
2.609364659e-05
2.137719786e-05
2.192223192e-05
2.27062847e-05
2.367811906e-05
2.477213794e-05
2.590517363e-05
2.697386077e-05
2.785166411e-05
2.838466531e-05
2.360532473e-05
2.416147614e-05
2.496016246e-05
2.594792229e-05
2.705696219e-05
2.820230497e-05
2.927949133e-05
3.016183278e-05
3.069625908e-05
2.588832248e-05
2.645169504e-05
2.725944957e-05
2.825630482e-05
2.93727722e-05
3.052267016e-05
3.16011554e-05
3.248220788e-05
3.301456513e-05
2.821136112e-05
2.87781133e-05
2.958947095e-05
3.058875005e-05
3.170527327e-05
3.285225092e-05
3.392513812e-05
3.479935606e-05
3.532633808e-05
3.05597182e-05
3.112612767e-05
3.193581269e-05
3.293110685e-05
3.404064548e-05
3.517760815e-05
3.623839407e-05
3.71005812e-05
3.761910767e-05
3.291902886e-05
3.348154698e-05
3.42845475e-05
3.5269797e-05
3.636573112e-05
3.748604876e-05
3.852869477e-05
3.937405625e-05
3.988130122e-05
3.527549929e-05
3.58307953e-05
3.662242331e-05
3.7591986e-05
3.86681857e-05
3.976575668e-05
4.078474132e-05
4.160892124e-05
4.210233288e-05
3.761608249e-05
3.816107778e-05
3.893701491e-05
3.988571752e-05
4.093659375e-05
4.200588993e-05
4.299624448e-05
4.379534977e-05
4.427266224e-05
3.992861706e-05
4.046050985e-05
4.121683994e-05
4.21400135e-05
4.31605516e-05
4.419664632e-05
4.515397497e-05
4.592458728e-05
4.638382547e-05
4.220193057e-05
4.271821205e-05
4.345144148e-05
4.434494221e-05
4.533072e-05
4.632930081e-05
4.724978726e-05
4.798896437e-05
4.842844266e-05
4.442591027e-05
4.492437285e-05
4.563144014e-05
4.649165758e-05
4.743884975e-05
4.839621804e-05
4.927662049e-05
4.998188872e-05
5.040020456e-05
4.659154425e-05
4.707028302e-05
4.774855896e-05
4.857241308e-05
4.947778403e-05
5.039084338e-05
5.122847982e-05
5.189781909e-05
5.229384246e-05
4.869093649e-05
4.914834494e-05
4.97956248e-05
5.058055381e-05
5.144144081e-05
5.230767621e-05
5.31004018e-05
5.373222481e-05
5.410508435e-05
5.071729962e-05
5.115206051e-05
5.176654968e-05
5.251049033e-05
5.33247789e-05
5.41422287e-05
5.488840699e-05
5.548153383e-05
5.583060053e-05
5.266492889e-05
5.307600132e-05
5.36562958e-05
5.435765768e-05
5.512375092e-05
5.589097325e-05
5.65894428e-05
5.714307234e-05
5.746794146e-05
5.452916095e-05
5.491576443e-05
5.546082728e-05
5.611846277e-05
5.683524627e-05
5.755128145e-05
5.820131933e-05
5.871499834e-05
5.901547022e-05
5.630632065e-05
5.666791708e-05
5.717705208e-05
5.779022306e-05
5.84570268e-05
5.912135719e-05
5.972264049e-05
6.01962316e-05
6.047229194e-05
5.799365893e-05
5.832993308e-05
5.880275653e-05
5.937109917e-05
5.998765766e-05
6.060016611e-05
6.115273259e-05
6.158638182e-05
6.183818187e-05
5.958928447e-05
5.990012366e-05
6.033653513e-05
6.086002376e-05
6.142643541e-05
6.198736341e-05
6.249157213e-05
6.288567669e-05
6.311351369e-05
6.109209143e-05
6.137756489e-05
6.177771774e-05
6.225662855e-05
6.277331524e-05
6.328322146e-05
6.37397142e-05
6.409489107e-05
6.429918934e-05
6.250168525e-05
6.276202364e-05
6.312629584e-05
6.356117119e-05
6.402883871e-05
6.448855878e-05
6.48982227e-05
6.52152785e-05
6.539657136e-05
6.381830835e-05
6.40538838e-05
6.438284951e-05
6.477446335e-05
6.519406332e-05
6.560467123e-05
6.596860332e-05
6.624850573e-05
6.640741843e-05
6.504276699e-05
6.525407383e-05
6.554847623e-05
6.589780112e-05
6.627049473e-05
6.663326637e-05
6.695274002e-05
6.719659096e-05
6.733382476e-05
6.617636041e-05
6.636399696e-05
6.662472251e-05
6.693289845e-05
6.726002247e-05
6.75764015e-05
6.785283532e-05
6.806184616e-05
6.817816362e-05
6.722081319e-05
6.738546466e-05
6.761351898e-05
6.788182445e-05
6.816485963e-05
6.843642589e-05
6.867135503e-05
6.884682379e-05
6.894303533e-05
6.81782114e-05
6.832063404e-05
6.851711963e-05
6.874694477e-05
6.898748674e-05
6.92159274e-05
6.941097734e-05
6.955426798e-05
6.963121974e-05
6.905094297e-05
6.917194948e-05
6.933804534e-05
6.953086747e-05
6.973060033e-05
6.991768358e-05
7.007454647e-05
7.018707029e-05
7.024563315e-05
6.984164262e-05
6.994208895e-05
7.007903199e-05
7.023639347e-05
7.039706588e-05
7.054461738e-05
7.066503085e-05
7.074822981e-05
7.078928976e-05
7.055314147e-05
7.063391482e-05
7.074298324e-05
7.086647163e-05
7.098987545e-05
7.109975733e-05
7.118548568e-05
7.124081775e-05
7.126526729e-05
7.118842124e-05
7.125042949e-05
7.133292789e-05
7.142415826e-05
7.151210969e-05
7.158620201e-05
7.16390197e-05
7.166794599e-05
7.167667673e-05
7.17505732e-05
7.179473543e-05
7.185198175e-05
7.191258119e-05
7.196690416e-05
7.200708874e-05
7.202876603e-05
7.203273967e-05
7.20266359e-05
7.22427615e-05
7.226999978e-05
7.230331382e-05
7.233490789e-05
7.235741972e-05
7.236556614e-05
7.235785674e-05
7.233831334e-05
7.231824658e-05
7.266819083e-05
7.267942307e-05
7.26901166e-05
7.269431771e-05
7.268681673e-05
7.266477039e-05
7.262940094e-05
7.258775058e-05
7.255457498e-05
7.303007814e-05
7.302621194e-05
7.301558029e-05
7.299397772e-05
7.295823281e-05
7.290780487e-05
7.284646617e-05
7.278408669e-05
7.273863523e-05
7.333162807e-05
7.331355561e-05
7.328287045e-05
7.323702206e-05
7.317476394e-05
7.309772294e-05
7.30120627e-05
7.293029421e-05
7.287337564e-05
7.357601205e-05
7.354460568e-05
7.349510918e-05
7.342653448e-05
7.333944848e-05
7.323751355e-05
7.312913053e-05
7.302927104e-05
7.296166745e-05
7.376635042e-05
7.372245919e-05
7.365535914e-05
7.356553372e-05
7.345525404e-05
7.333008945e-05
7.320052882e-05
7.308383086e-05
7.300629579e-05
7.390569768e-05
7.385014447e-05
7.376661041e-05
7.365696152e-05
7.352506669e-05
7.337827765e-05
7.322902753e-05
7.309669559e-05
7.300995271e-05
7.399703027e-05
7.393060959e-05
7.383176984e-05
7.370367299e-05
7.355168244e-05
7.338481202e-05
7.321730095e-05
7.307048969e-05
7.297523187e-05
7.404323678e-05
7.39667131e-05
7.385365257e-05
7.370842906e-05
7.353780071e-05
7.335232768e-05
7.316792289e-05
7.300773609e-05
7.290462483e-05
7.404711033e-05
7.396121691e-05
7.383497552e-05
7.367389077e-05
7.348601943e-05
7.328335693e-05
7.308336345e-05
7.291085341e-05
7.280051868e-05
7.401134271e-05
7.391678086e-05
7.37783526e-05
7.360261518e-05
7.339883171e-05
7.318032668e-05
7.296598704e-05
7.278215453e-05
7.266519483e-05
7.393852033e-05
7.383595902e-05
7.368629152e-05
7.349705273e-05
7.327862384e-05
7.304555702e-05
7.281805145e-05
7.262384611e-05
7.250082877e-05
7.383112147e-05
7.372119726e-05
7.356119176e-05
7.335954582e-05
7.312767437e-05
7.288126083e-05
7.264170797e-05
7.243802897e-05
7.230949068e-05
7.369151486e-05
7.357483209e-05
7.340534381e-05
7.319232836e-05
7.294815418e-05
7.26895443e-05
7.243900223e-05
7.222669932e-05
7.20931468e-05
7.35219593e-05
7.339909051e-05
7.322092931e-05
7.299752637e-05
7.274212734e-05
7.247240814e-05
7.221187581e-05
7.199175049e-05
7.185366125e-05
7.332460417e-05
7.319609072e-05
7.3010022e-05
7.277715914e-05
7.251155273e-05
7.223174944e-05
7.196216825e-05
7.173497523e-05
7.159279853e-05
7.31014907e-05
7.296784351e-05
7.277458935e-05
7.253314117e-05
7.225828608e-05
7.196936405e-05
7.169161968e-05
7.145806838e-05
7.13122262e-05
7.285455391e-05
7.271625433e-05
7.251649477e-05
7.226728452e-05
7.198408258e-05
7.168694925e-05
7.140187363e-05
7.116262991e-05
7.101351795e-05
7.258562501e-05
7.244312579e-05
7.223750022e-05
7.198130156e-05
7.169059983e-05
7.13861069e-05
7.109448028e-05
7.085016814e-05
7.069815696e-05
7.229643427e-05
7.21501606e-05
7.193926929e-05
7.16768082e-05
7.137940101e-05
7.106834669e-05
7.077089979e-05
7.052210317e-05
7.036753925e-05
7.198861416e-05
7.183896476e-05
7.162337041e-05
7.135532711e-05
7.105195836e-05
7.073508968e-05
7.043250586e-05
7.017977045e-05
7.002297733e-05
7.166370276e-05
7.1511051e-05
7.129128036e-05
7.101829134e-05
7.070965671e-05
7.038767182e-05
7.008058932e-05
6.982442441e-05
6.966570379e-05
7.132314739e-05
7.116784241e-05
7.094438791e-05
7.066704794e-05
7.035379715e-05
7.002734771e-05
6.971636183e-05
6.945724206e-05
6.929687494e-05
7.096830825e-05
7.081067614e-05
7.058399752e-05
7.030286165e-05
6.998560074e-05
6.96552942e-05
6.934095951e-05
6.907932674e-05
6.891757446e-05
7.060046225e-05
7.044080714e-05
7.021133311e-05
6.99269187e-05
6.960621224e-05
6.927261417e-05
6.895544663e-05
6.869171164e-05
6.852881698e-05
7.022080677e-05
7.005941203e-05
6.982754184e-05
6.954033051e-05
6.921670381e-05
6.888034013e-05
6.856081919e-05
6.829536343e-05
6.813155164e-05
6.983046352e-05
6.966759277e-05
6.943369782e-05
6.914413739e-05
6.881807867e-05
6.847943784e-05
6.815800851e-05
6.789118573e-05
6.772666554e-05
6.943048223e-05
6.926638051e-05
6.903080584e-05
6.873931223e-05
6.841127465e-05
6.807080981e-05
6.774788463e-05
6.748002252e-05
6.731498711e-05
6.902184439e-05
6.885673915e-05
6.861980501e-05
6.832676402e-05
6.799716774e-05
6.765529877e-05
6.733125972e-05
6.706266145e-05
6.689728938e-05
6.860546686e-05
6.843956901e-05
6.820157221e-05
6.790734134e-05
6.757657547e-05
6.723369095e-05
6.690889131e-05
6.663983702e-05
6.647429313e-05
6.818220536e-05
6.801571024e-05
6.777692563e-05
6.748183571e-05
6.715026019e-05
6.680671935e-05
6.648148542e-05
6.621223364e-05
6.604666992e-05
6.775285791e-05
6.758594622e-05
6.734662797e-05
6.705098487e-05
6.671893224e-05
6.637506675e-05
6.604969957e-05
6.578048861e-05
6.561504499e-05
6.731816807e-05
6.715100679e-05
6.691138971e-05
6.661547584e-05
6.628325298e-05
6.593936869e-05
6.561414566e-05
6.534519491e-05
6.518000009e-05
6.687882806e-05
6.671157132e-05
6.647187206e-05
6.617594788e-05
6.584383765e-05
6.550021629e-05
6.51753927e-05
6.490690386e-05
6.474207602e-05
6.643548172e-05
6.626827162e-05
6.602868984e-05
6.573299528e-05
6.540125811e-05
6.505815887e-05
6.473396938e-05
6.446612765e-05
6.430177519e-05
6.598872722e-05
6.58216946e-05
6.558241412e-05
6.528716995e-05
6.495604532e-05
6.461370636e-05
6.429036641e-05
6.402334166e-05
6.385956386e-05
6.553911957e-05
6.537238478e-05
6.51335746e-05
6.483898373e-05
6.450869162e-05
6.416733153e-05
6.384503867e-05
6.357898649e-05
6.341587418e-05
6.508717277e-05
6.492084638e-05
6.468266171e-05
6.43889104e-05
6.405965259e-05
6.371947178e-05
6.339840698e-05
6.313346973e-05
6.297110589e-05
6.463336156e-05
6.4467545e-05
6.42301282e-05
6.393738721e-05
6.360934862e-05
6.327053059e-05
6.29508594e-05
6.26871672e-05
6.25256276e-05
6.417812255e-05
6.401290873e-05
6.377639016e-05
6.34848158e-05
6.315816563e-05
6.28208782e-05
6.250275192e-05
6.224042359e-05
6.207977735e-05
6.372185456e-05
6.35573284e-05
6.332182718e-05
6.303156224e-05
6.270645501e-05
6.237085137e-05
6.205440809e-05
6.179355201e-05
6.163386212e-05
6.326491777e-05
6.310115661e-05
6.286678122e-05
6.257795575e-05
6.225453213e-05
6.192075178e-05
6.160611724e-05
6.134683212e-05
6.118815597e-05
6.280763131e-05
6.264470518e-05
6.241155388e-05
6.212428562e-05
6.180267305e-05
6.147084239e-05
6.115813059e-05
6.090050605e-05
6.074289581e-05
6.235026861e-05
6.218824031e-05
6.195640113e-05
6.167079565e-05
6.135110843e-05
6.102134093e-05
6.071065441e-05
6.045477124e-05
6.029827413e-05
6.18930498e-05
6.173197455e-05
6.150152495e-05
6.12176751e-05
6.090001381e-05
6.05724095e-05
6.026383892e-05
6.000976889e-05
5.985442714e-05
6.143613013e-05
6.127605482e-05
6.104706048e-05
6.076504497e-05
6.044949492e-05
6.012413881e-05
5.981776156e-05
5.956556645e-05
5.941141683e-05
6.097958324e-05
6.082054487e-05
6.059305755e-05
6.031293827e-05
5.999956643e-05
5.967652539e-05
5.937240277e-05
5.912213218e-05
5.896920485e-05
6.052337781e-05
6.036540109e-05
6.013945501e-05
5.986127245e-05
5.955012235e-05
5.92294398e-05
5.892761206e-05
5.867929947e-05
5.85276158e-05
6.006734617e-05
5.991043968e-05
5.968604597e-05
5.940981232e-05
5.910089606e-05
5.878258362e-05
5.848306208e-05
5.823671854e-05
5.808628736e-05
5.961114312e-05
5.945529376e-05
5.923243246e-05
5.895812137e-05
5.865140792e-05
5.833543307e-05
5.803818836e-05
5.779379276e-05
5.764460462e-05
5.915419328e-05
5.899935866e-05
5.877796741e-05
5.850549977e-05
5.820089851e-05
5.788716711e-05
5.759211234e-05
5.734959745e-05
5.720161618e-05
5.869562579e-05
5.854172385e-05
5.832168275e-05
5.805090743e-05
5.774824589e-05
5.743657845e-05
5.714354617e-05
5.690277936e-05
5.675593022e-05
5.823419513e-05
5.808109068e-05
5.786220259e-05
5.759287136e-05
5.72918661e-05
5.698196663e-05
5.66906785e-05
5.645143606e-05
5.630558984e-05
5.776818789e-05
5.761567567e-05
5.739764134e-05
5.712937724e-05
5.682959709e-05
5.65210136e-05
5.623104181e-05
5.599297613e-05
5.584792868e-05
5.729531623e-05
5.714310026e-05
5.692548797e-05
5.665774666e-05
5.635856778e-05
5.605064406e-05
5.576136395e-05
5.552396311e-05
5.537940984e-05
5.681260011e-05
5.666026924e-05
5.644247904e-05
5.617450329e-05
5.587505622e-05
5.556687491e-05
5.5277409e-05
5.503994874e-05
5.48954543e-05
5.63162421e-05
5.616324225e-05
5.594446525e-05
5.567523321e-05
5.537434286e-05
5.506466083e-05
5.477381537e-05
5.453530457e-05
5.439026808e-05
5.580150074e-05
5.564710453e-05
5.542627857e-05
5.515444758e-05
5.4850568e-05
5.453774651e-05
5.424394269e-05
5.400306415e-05
5.385668143e-05
5.526257064e-05
5.51058459e-05
5.488160961e-05
5.460545818e-05
5.429660569e-05
5.397853878e-05
5.367974254e-05
5.343479251e-05
5.328601724e-05
5.46924802e-05
5.453225934e-05
5.430290776e-05
5.40202799e-05
5.370396925e-05
5.337801595e-05
5.307167171e-05
5.28205029e-05
5.266800992e-05
5.408302039e-05
5.391787345e-05
5.36813194e-05
5.338957671e-05
5.306276687e-05
5.272569434e-05
5.240867003e-05
5.21486445e-05
5.199079935e-05
5.342472031e-05
5.325293521e-05
5.300668154e-05
5.270267003e-05
5.236172791e-05
5.200967459e-05
5.1678227e-05
5.140618693e-05
5.124102677e-05
5.270688752e-05
5.25264619e-05
5.226759109e-05
5.194763024e-05
5.158832155e-05
5.121679102e-05
5.086656234e-05
5.057882791e-05
5.040405986e-05
5.19177307e-05
5.172637999e-05
5.145156814e-05
5.111147231e-05
5.072899055e-05
5.033288695e-05
4.995894336e-05
4.96513482e-05
4.946437168e-05
5.104458312e-05
5.083976981e-05
5.054533222e-05
5.018047289e-05
4.97695172e-05
4.934323473e-05
4.894015917e-05
4.860813246e-05
4.840609206e-05
5.007424186e-05
4.985323073e-05
4.953520592e-05
4.914062349e-05
4.869553505e-05
4.823311144e-05
4.779516033e-05
4.743386512e-05
4.721373935e-05
4.899343275e-05
4.875337589e-05
4.840765346e-05
4.797822521e-05
4.749318936e-05
4.698853061e-05
4.650986147e-05
4.61143945e-05
4.58731242e-05
4.778940293e-05
4.752745662e-05
4.71499518e-05
4.668061905e-05
4.6149936e-05
4.559711475e-05
4.507208613e-05
4.463773999e-05
4.437239698e-05
4.645063172e-05
4.616410482e-05
4.575097859e-05
4.523703093e-05
4.465545162e-05
4.40490741e-05
4.347261196e-05
4.299519386e-05
4.270318557e-05
4.49676366e-05
4.46541667e-05
4.420208544e-05
4.363949319e-05
4.300260857e-05
4.233823627e-05
4.170625153e-05
4.118244441e-05
4.086174514e-05
4.333383524e-05
4.299158474e-05
4.249800714e-05
4.188378545e-05
4.118844841e-05
4.046305005e-05
3.977288173e-05
3.920062454e-05
3.88500178e-05
4.154640807e-05
4.1174268e-05
4.063774083e-05
3.997032067e-05
3.921507008e-05
3.842746951e-05
3.767831785e-05
3.705717279e-05
3.667648367e-05
3.960709145e-05
3.920487681e-05
3.862531499e-05
3.790488886e-05
3.709033736e-05
3.624161441e-05
3.54349202e-05
3.476638827e-05
3.435668022e-05
3.752282099e-05
3.709143831e-05
3.647036067e-05
3.569916618e-05
3.482830778e-05
3.392210436e-05
3.306182685e-05
3.234956996e-05
3.191327906e-05
3.530614206e-05
3.484770844e-05
3.418839901e-05
3.337090202e-05
3.244929577e-05
3.14919803e-05
3.058472792e-05
2.98346584e-05
2.937563992e-05
3.297531131e-05
3.249320558e-05
3.180077255e-05
3.094371578e-05
2.997950721e-05
2.898015843e-05
2.803513586e-05
2.725534327e-05
2.677881179e-05
3.055403179e-05
3.005286256e-05
2.93341739e-05
2.844646646e-05
2.745022138e-05
2.642040758e-05
2.544915882e-05
2.464965905e-05
2.416201372e-05
2.807079464e-05
2.755627703e-05
2.68197628e-05
2.591220086e-05
2.489654445e-05
2.384989521e-05
2.286584455e-05
2.205815626e-05
2.156669607e-05
2.555783903e-05
2.503658158e-05
2.429190692e-05
2.337673454e-05
2.235581076e-05
2.130740284e-05
2.032521998e-05
1.952179508e-05
1.90343433e-05
2.304978626e-05
2.25289997e-05
2.178662807e-05
2.087696623e-05
1.986575489e-05
1.883135747e-05
1.786619625e-05
1.707975079e-05
1.660422039e-05
2.058204446e-05
2.006919391e-05
1.933987391e-05
1.844906298e-05
1.746261038e-05
1.645785369e-05
1.552453112e-05
1.476733706e-05
1.431127754e-05
1.818911208e-05
1.769154167e-05
1.698576062e-05
1.612667263e-05
1.517930331e-05
1.42188449e-05
1.333103561e-05
1.261423992e-05
1.218440925e-05
1.590292351e-05
1.542748575e-05
1.475493758e-05
1.393931867e-05
1.304389778e-05
1.214066135e-05
1.131018074e-05
1.0643215e-05
1.02452174e-05
1.375137648e-05
1.330409797e-05
1.267321076e-05
1.191110972e-05
1.107841929e-05
1.024297133e-05
9.479209737e-06
8.869342334e-06
8.50736446e-06
1.175715867e-05
1.134296887e-05
1.076052959e-05
1.005985793e-05
9.298136032e-06
8.538249186e-06
7.847801289e-06
7.299867115e-06
6.97653314e-06
9.936954925e-06
9.559497308e-06
9.030400057e-06
8.396653467e-06
7.711326954e-06
7.031758082e-06
6.418269672e-06
5.934592006e-06
5.650944298e-06
8.301074248e-06
7.962609987e-06
7.489740728e-06
6.925895211e-06
6.319516465e-06
5.722004706e-06
5.186236218e-06
4.766734544e-06
4.522332399e-06
6.853493533e-06
6.554899171e-06
6.139156743e-06
5.645735667e-06
5.118114106e-06
4.601583093e-06
4.141667461e-06
3.784125913e-06
3.577241942e-06
5.592279188e-06
5.333131238e-06
4.973572555e-06
4.5488657e-06
4.097367333e-06
3.658296958e-06
3.270151849e-06
2.97060851e-06
2.798491311e-06
4.510320144e-06
4.289052909e-06
3.983140239e-06
3.623543596e-06
3.243517968e-06
2.876437225e-06
2.554280208e-06
2.307495952e-06
2.166697946e-06
3.596287582e-06
3.410405637e-06
3.154327277e-06
2.854764421e-06
2.540050245e-06
2.238094517e-06
1.975017295e-06
1.774990538e-06
1.661639425e-06
2.835725666e-06
2.682050107e-06
2.47108345e-06
2.225467191e-06
1.968933866e-06
1.724430761e-06
1.512893992e-06
1.35330651e-06
1.263565554e-06
2.212175676e-06
2.087102911e-06
1.915994315e-06
1.717718097e-06
1.51181505e-06
1.316813915e-06
1.149390331e-06
1.023973211e-06
9.539346437e-07
1.708272946e-06
1.608034124e-06
1.471348321e-06
1.313637335e-06
1.150848978e-06
9.977051623e-07
8.670822628e-07
7.69889265e-07
7.159635172e-07
1.306640075e-06
1.227513116e-06
1.119967544e-06
9.964508139e-07
8.695881921e-07
7.509463514e-07
6.503809707e-07
5.76023875e-07
5.350159719e-07
9.910295736e-07
9.294524979e-07
8.460124763e-07
7.505712439e-07
6.530092473e-07
5.622604505e-07
4.85777148e-07
4.295507543e-07
3.987105885e-07
7.46140018e-07
6.988586221e-07
6.349642236e-07
5.621456656e-07
4.880301409e-07
4.194228003e-07
3.618942907e-07
3.198173264e-07
2.968484192e-07
5.583520377e-07
5.224970216e-07
4.741597544e-07
4.192467575e-07
3.63567049e-07
3.122411837e-07
2.693920283e-07
2.38187889e-07
2.212233027e-07
4.158982328e-07
3.890166343e-07
3.528504947e-07
3.118752652e-07
2.704602583e-07
2.324171437e-07
2.007722499e-07
1.778097473e-07
1.653671845e-07
3.088775111e-07
2.889292843e-07
2.621356532e-07
2.318454584e-07
2.013084016e-07
1.733356192e-07
1.501341245e-07
1.333457803e-07
1.242724491e-07
2.291570205e-07
2.144872029e-07
1.94808257e-07
1.725980933e-07
1.502500853e-07
1.298214678e-07
1.129138831e-07
1.007058545e-07
9.412116987e-08
1.702005623e-07
1.594964486e-07
1.451500683e-07
1.289771381e-07
1.127257824e-07
9.789216166e-08
8.56344821e-08
7.679821877e-08
7.203976118e-08
1.268577031e-07
1.190989702e-07
1.087059086e-07
9.699818347e-08
8.524403918e-08
7.452633202e-08
6.568040911e-08
5.931236239e-08
5.58881862e-08
9.514111715e-08
8.954896702e-08
8.206032308e-08
7.362806569e-08
6.516748461e-08
5.745942082e-08
5.110495036e-08
4.653753098e-08
4.408610996e-08
7.201196792e-08
6.800142571e-08
6.263173202e-08
5.658754341e-08
5.052687277e-08
4.501112814e-08
4.047152372e-08
3.721621273e-08
3.547407462e-08
5.518580725e-08
5.232358719e-08
4.849244656e-08
4.418264065e-08
3.986591354e-08
3.59447738e-08
3.272704649e-08
3.042908635e-08
2.920545863e-08
4.296533902e-08
4.093431915e-08
3.821768465e-08
3.516573762e-08
3.211596302e-08
2.93559073e-08
2.710336486e-08
2.550663613e-08
2.466400178e-08
3.410180195e-08
3.267217474e-08
3.076310431e-08
2.862457786e-08
2.649750555e-08
2.458612243e-08
2.304206357e-08
2.196240615e-08
2.140196995e-08
2.768366884e-08
2.669022845e-08
2.536818993e-08
2.389577458e-08
2.244438831e-08
2.115762989e-08
2.013798855e-08
1.944340772e-08
1.909437713e-08
2.30496113e-08
2.237432832e-08
2.148177361e-08
2.04987909e-08
1.954659504e-08
1.872429085e-08
1.80974687e-08
1.769355975e-08
1.750527212e-08
1.97219245e-08
1.928086106e-08
1.870570732e-08
1.808637132e-08
1.750759317e-08
1.703554826e-08
1.670762552e-08
1.652693081e-08
1.646313591e-08
1.73565279e-08
1.709017481e-08
1.675287766e-08
1.640785389e-08
1.611309585e-08
1.591002448e-08
1.58140364e-08
1.580836034e-08
1.584307792e-08
1.570588093e-08
1.557214499e-08
1.541641578e-08
1.528241322e-08
1.520824642e-08
1.521638678e-08
1.530467628e-08
1.543967812e-08
1.555446714e-08
1.459202433e-08
1.456121131e-08
1.454730246e-08
1.457957967e-08
1.468111486e-08
1.485955409e-08
1.509836516e-08
1.534982985e-08
1.553169108e-08
1.388699321e-08
1.393821235e-08
1.403814387e-08
1.420519115e-08
1.44508157e-08
1.477077537e-08
1.513650236e-08
1.548752953e-08
1.572740211e-08
1.349869951e-08
1.361732628e-08
1.381151729e-08
1.409130921e-08
1.445898722e-08
1.490056893e-08
1.53769489e-08
1.581593839e-08
1.61076249e-08
1.336083246e-08
1.35367332e-08
1.381164585e-08
1.418903971e-08
1.466377865e-08
1.521350834e-08
1.578960318e-08
1.630881143e-08
1.664820122e-08
1.342568486e-08
1.365199719e-08
1.399855138e-08
1.446348528e-08
1.503537877e-08
1.568444713e-08
1.635319666e-08
1.694769246e-08
1.733219771e-08
1.365921714e-08
1.393151413e-08
1.434387792e-08
1.488994809e-08
1.555278839e-08
1.629578582e-08
1.705295899e-08
1.771986304e-08
1.814800628e-08
1.403745744e-08
1.435305415e-08
1.482774194e-08
1.545120638e-08
1.620148179e-08
1.703547881e-08
1.787890719e-08
1.861683317e-08
1.908794268e-08
1.454376171e-08
1.490124009e-08
1.54364751e-08
1.613553302e-08
1.697169794e-08
1.789557077e-08
1.882458233e-08
1.963322145e-08
2.014720355e-08
1.516686172e-08
1.556572821e-08
1.616098045e-08
1.693524577e-08
1.785718308e-08
1.887111281e-08
1.988610807e-08
2.076591575e-08
2.132308221e-08
1.58994459e-08
1.633988097e-08
1.699552715e-08
1.784563801e-08
1.885425698e-08
1.995935163e-08
2.106148114e-08
2.201343682e-08
2.261437162e-08
1.673711875e-08
1.721979017e-08
1.793685874e-08
1.886418232e-08
1.996111209e-08
2.115911589e-08
2.235002997e-08
2.337544934e-08
2.402090398e-08
1.767762953e-08
1.820355e-08
1.898352552e-08
1.998992997e-08
2.117728055e-08
2.247034546e-08
2.375199596e-08
2.48523813e-08
2.5543191e-08
1.872029296e-08
1.929070868e-08
2.013537794e-08
2.122305166e-08
2.250322336e-08
2.38937254e-08
2.526820548e-08
2.644512413e-08
2.718213951e-08
1.986554707e-08
2.048184822e-08
2.139317601e-08
2.256448105e-08
2.394000889e-08
2.54303977e-08
2.689981008e-08
2.815479437e-08
2.893882513e-08
2.111461006e-08
2.177825696e-08
2.275828338e-08
2.401563381e-08
2.548905823e-08
2.708173185e-08
2.86480794e-08
2.99825437e-08
3.081431219e-08
2.246920893e-08
2.318166987e-08
2.423242366e-08
2.557818298e-08
2.715194096e-08
2.884914084e-08
3.051423537e-08
3.192940792e-08
3.280951166e-08
2.393136128e-08
2.469405915e-08
2.581748356e-08
2.725387715e-08
2.893020961e-08
3.073393192e-08
3.249931798e-08
3.39961844e-08
3.492506464e-08
2.550319697e-08
2.63174632e-08
2.751535199e-08
2.904439179e-08
3.082526458e-08
3.273718513e-08
3.460407603e-08
3.618333259e-08
3.716124899e-08
2.718681119e-08
2.805384566e-08
2.932778775e-08
3.095120758e-08
3.283824397e-08
3.485965478e-08
3.682887928e-08
3.84908937e-08
3.951790364e-08
2.898414284e-08
2.990497966e-08
3.125631184e-08
3.297551199e-08
3.496993498e-08
3.710169053e-08
3.917364835e-08
4.091842601e-08
4.199436834e-08
3.089687485e-08
3.187235481e-08
3.330212304e-08
3.51181237e-08
3.722070496e-08
3.946317089e-08
4.163778697e-08
4.346495449e-08
4.45894427e-08
3.292634644e-08
3.395708583e-08
3.546599954e-08
3.737939135e-08
3.959041203e-08
4.194344621e-08
4.422017335e-08
4.612896117e-08
4.730136824e-08
3.507345138e-08
3.615982155e-08
3.774823573e-08
3.975916469e-08
4.207839878e-08
4.454132782e-08
4.691911474e-08
4.890834359e-08
5.012779894e-08
3.73386053e-08
3.848071805e-08
4.014861239e-08
4.22567564e-08
4.468344861e-08
4.725505129e-08
4.973233348e-08
5.180040891e-08
5.306579667e-08
3.972170258e-08
4.091939883e-08
4.266636294e-08
4.48709168e-08
4.740377068e-08
5.008227184e-08
5.265697195e-08
5.480188938e-08
5.611184966e-08
4.222208569e-08
4.34749284e-08
4.530015392e-08
4.759982366e-08
5.023700153e-08
5.302007964e-08
5.568962367e-08
5.790899119e-08
5.926194531e-08
4.48385262e-08
4.614579809e-08
4.804807808e-08
5.044108505e-08
5.318021908e-08
5.60650255e-08
5.882636877e-08
6.111743457e-08
6.251161382e-08
4.75692172e-08
4.892992346e-08
5.090765917e-08
5.339175319e-08
5.622996696e-08
5.921315656e-08
6.206282202e-08
6.442251854e-08
6.585597163e-08
5.041177644e-08
5.182465206e-08
5.387586617e-08
5.644834631e-08
5.938228376e-08
6.246005078e-08
6.539416719e-08
6.781913776e-08
6.928975012e-08
5.336325903e-08
5.482678038e-08
5.694913601e-08
5.960687775e-08
6.263273826e-08
6.580085716e-08
6.881520748e-08
7.13018306e-08
7.28073411e-08
5.642017874e-08
5.793257898e-08
6.0123404e-08
6.286289298e-08
6.597647403e-08
6.923035175e-08
7.232040204e-08
7.486482143e-08
7.64028421e-08
5.95785366e-08
6.113782438e-08
6.339414025e-08
6.62115108e-08
6.940825556e-08
7.274297289e-08
7.590391056e-08
7.850206765e-08
8.007010225e-08
6.283385606e-08
6.443783726e-08
6.675639191e-08
6.964747086e-08
7.292251846e-08
7.633286721e-08
7.955963993e-08
8.220730632e-08
8.380276982e-08
6.618122627e-08
6.782752928e-08
7.020483685e-08
7.316519359e-08
7.651341192e-08
7.999393539e-08
8.328129012e-08
8.597409952e-08
8.75943373e-08
6.961535788e-08
7.130146734e-08
7.373384729e-08
7.675881953e-08
8.017484263e-08
8.371987574e-08
8.706239659e-08
8.979587517e-08
9.14381808e-08
7.313066277e-08
7.485393356e-08
7.733752637e-08
8.042225032e-08
8.39005148e-08
8.750422217e-08
9.089636523e-08
9.366595877e-08
9.53275895e-08
7.672128486e-08
7.847895396e-08
8.100974348e-08
8.414918348e-08
8.768396213e-08
9.134037151e-08
9.477649396e-08
9.757758921e-08
9.925577742e-08
8.038112573e-08
8.217032665e-08
8.474416144e-08
8.793313591e-08
9.151856497e-08
9.5221592e-08
9.869597126e-08
1.015239077e-07
1.032158657e-07
8.410386467e-08
8.592163935e-08
8.853424876e-08
9.17674476e-08
9.539754191e-08
9.914099976e-08
1.026478355e-07
1.054979008e-07
1.072008144e-07
8.788296101e-08
8.972626495e-08
9.237326401e-08
9.564524984e-08
9.931389662e-08
1.030914794e-07
1.066248664e-07
1.09492264e-07
1.112032673e-07
9.17116214e-08
9.357731611e-08
9.625419032e-08
9.955937127e-08
1.032602868e-07
1.070655079e-07
1.106193596e-07
1.13499129e-07
1.152152465e-07
9.558269848e-08
9.746752155e-08
1.001695765e-07
1.035021303e-07
1.072287535e-07
1.110548077e-07
1.14622695e-07
1.175095526e-07
1.192275867e-07
9.948845858e-08
1.013889563e-07
1.041112086e-07
1.07464924e-07
1.112102031e-07
1.150496999e-07
1.18624548e-07
1.21512591e-07
1.232289161e-07
1.034200814e-07
1.053324783e-07
1.080694477e-07
1.114374299e-07
1.151934325e-07
1.19037916e-07
1.226114661e-07
1.254936542e-07
1.272038564e-07
1.073666116e-07
1.092865809e-07
1.120319259e-07
1.154060817e-07
1.191633207e-07
1.230024471e-07
1.265643407e-07
1.294316162e-07
1.311298842e-07
1.113126749e-07
1.132349531e-07
1.159808661e-07
1.193510591e-07
1.230973961e-07
1.269176055e-07
1.304539141e-07
1.332937938e-07
1.349719401e-07
1.152333959e-07
1.171512007e-07
1.198874934e-07
1.232402733e-07
1.269592737e-07
1.307418079e-07
1.342328494e-07
1.370273391e-07
1.386733431e-07
1.190823626e-07
1.209866221e-07
1.236995429e-07
1.270165556e-07
1.306854575e-07
1.344039418e-07
1.378216374e-07
1.40544723e-07
1.421409598e-07
1.22762279e-07
1.246411231e-07
1.27312528e-07
1.305693388e-07
1.341578158e-07
1.377770673e-07
1.410838178e-07
1.4370031e-07
1.452225011e-07
1.260488763e-07
1.27888863e-07
1.304984942e-07
1.33668345e-07
1.371436695e-07
1.406261543e-07
1.437819544e-07
1.462539431e-07
1.47675026e-07
1.283933407e-07
1.301894508e-07
1.327306091e-07
1.358060591e-07
1.39160969e-07
1.425002172e-07
1.454992803e-07
1.478206944e-07
1.491340571e-07
2.636122306e-28
9.877396156e-28
2.205378538e-27
4.184152162e-27
7.397201186e-27
1.266484466e-26
2.14166389e-26
3.613166772e-26
6.111517161e-26
1.038435343e-25
1.773090733e-25
3.041001964e-25
5.23506677e-25
9.038945017e-25
1.564255568e-24
2.711734852e-24
4.706978184e-24
8.177962823e-24
1.421834059e-23
2.473307845e-23
4.304076083e-23
7.492306491e-23
1.304531997e-22
2.271805469e-22
3.956761938e-22
6.891835585e-22
1.200397766e-21
2.090609226e-21
3.640250496e-21
6.336417684e-21
1.102411285e-20
1.916702109e-20
3.329607707e-20
5.777915648e-20
1.001386262e-19
1.733018366e-19
2.994384385e-19
5.164959428e-19
8.893271215e-19
1.528647748e-18
2.623391854e-18
4.496095388e-18
7.698089444e-18
1.317397054e-17
2.254750842e-17
3.862206539e-17
6.626293248e-17
1.139650488e-16
1.966604883e-16
3.4078621e-16
5.935043744e-16
1.039607748e-15
1.832740089e-15
3.253310784e-15
5.816924056e-15
1.047822597e-14
1.901571491e-14
3.476024518e-14
6.397614802e-14
1.184794281e-13
2.205933368e-13
4.124998541e-13
7.73810324e-13
1.454398927e-12
2.735364579e-12
5.141408606e-12
9.646369712e-12
1.804591156e-11
3.36267985e-11
6.235543129e-11
1.149607411e-10
2.105269578e-10
3.825744458e-10
6.891245348e-10
1.228933729e-09
2.166920051e-09
3.772692598e-09
6.476830884e-09
1.094981395e-08
1.820783578e-08
2.97477056e-08
4.770929271e-08
7.505854495e-08
1.157771379e-07
1.750394301e-07
2.593503214e-07
3.766186551e-07
5.361381794e-07
7.484598499e-07
1.025148216e-06
1.37842827e-06
1.820742392e-06
2.36424788e-06
3.020292333e-06
3.798905973e-06
4.708347045e-06
5.754729619e-06
6.941753997e-06
8.270549855e-06
9.739632767e-06
1.134496669e-05
1.308011904e-05
1.49364911e-05
1.690360472e-05
1.896942637e-05
2.112071032e-05
2.334334548e-05
2.562269227e-05
2.79438992e-05
3.029219119e-05
3.26531244e-05
3.501280455e-05
3.735806738e-05
3.967662197e-05
4.195715831e-05
4.418942171e-05
4.63642572e-05
4.847362746e-05
5.051060785e-05
5.246936225e-05
5.434510329e-05
5.613404025e-05
5.783331763e-05
5.944094722e-05
6.095573605e-05
6.237721211e-05
6.370554986e-05
6.494149672e-05
6.608630177e-05
6.714164757e-05
6.810958575e-05
6.899247673e-05
6.979293409e-05
7.051377347e-05
7.115796626e-05
7.172859789e-05
7.222883064e-05
7.266187077e-05
7.303093974e-05
7.333924921e-05
7.35899797e-05
7.378626239e-05
7.393116396e-05
7.402767411e-05
7.407869556e-05
7.408703605e-05
7.405540246e-05
7.398639643e-05
7.388251155e-05
7.374613177e-05
7.357953092e-05
7.338487314e-05
7.316421408e-05
7.291950276e-05
7.265258396e-05
7.236520101e-05
7.205899893e-05
7.173552787e-05
7.13962466e-05
7.10425263e-05
7.067565429e-05
7.029683786e-05
6.990720804e-05
6.950782344e-05
6.909967389e-05
6.868368413e-05
6.826071729e-05
6.783157832e-05
6.739701734e-05
6.695773269e-05
6.651437391e-05
6.606754454e-05
6.561780459e-05
6.516567271e-05
6.471162799e-05
6.425611112e-05
6.379952473e-05
6.33422326e-05
6.288455734e-05
6.242677585e-05
6.196911188e-05
6.151172465e-05
6.105469246e-05
6.059798985e-05
6.014145676e-05
5.968475815e-05
5.922733242e-05
5.876832729e-05
5.830652205e-05
5.784023603e-05
5.736722372e-05
5.688455879e-05
5.638851047e-05
5.587441809e-05
5.533657181e-05
5.476810993e-05
5.416094602e-05
5.350574122e-05
5.279193921e-05
5.200788146e-05
5.11410209e-05
5.017824914e-05
4.910634758e-05
4.79125651e-05
4.658531418e-05
4.511496371e-05
4.34946914e-05
4.172134229e-05
3.97962252e-05
3.772576841e-05
3.552195202e-05
3.320244059e-05
3.079035668e-05
2.831366504e-05
2.580417494e-05
2.329621143e-05
2.082504762e-05
1.842522232e-05
1.612888493e-05
1.396430708e-05
1.195468076e-05
1.011728778e-05
8.463083742e-06
6.996697867e-06
5.716813496e-06
4.616866087e-06
3.685976274e-06
2.91002361e-06
2.272764151e-06
1.756922856e-06
1.345114456e-06
1.021022224e-06
7.692055787e-07
5.758675092e-07
4.290455372e-07
3.186431617e-07
2.363438806e-07
1.754472706e-07
1.306618881e-07
9.788342135e-08
7.397880684e-08
5.658962328e-08
4.396177942e-08
3.480373533e-08
2.817226282e-08
2.338285752e-08
1.994105555e-08
1.749076037e-08
1.577587379e-08
1.461234295e-08
1.386788062e-08
1.34473266e-08
1.328217345e-08
1.332312303e-08
1.353494339e-08
1.389281042e-08
1.437946129e-08
1.498317639e-08
1.569631472e-08
1.651424196e-08
1.743453737e-08
1.845639932e-08
1.958019253e-08
2.080709725e-08
2.213883239e-08
2.357743293e-08
2.512506834e-08
2.67838926e-08
2.855591988e-08
3.044292149e-08
3.244633703e-08
3.456717655e-08
3.680597766e-08
3.916276212e-08
4.163700343e-08
4.422760574e-08
4.693289402e-08
4.975061492e-08
5.267794747e-08
5.571152256e-08
5.884744987e-08
6.208135164e-08
6.540840405e-08
6.882339005e-08
7.232078265e-08
7.589478364e-08
7.953934602e-08
8.324819472e-08
8.701483194e-08
9.083251008e-08
9.469414046e-08
9.859207783e-08
1.025176484e-07
1.064601456e-07
1.104046166e-07
1.143268674e-07
1.181815133e-07
1.218724884e-07
1.251762849e-07
1.275404163e-07
)
;

boundaryField
{
    outlet
    {
        type            inletOutlet;
        inletValue      uniform 0;
        value           nonuniform List<scalar> 10(1.283933407e-07 1.301894508e-07 1.327306091e-07 1.358060591e-07 1.39160969e-07 1.425002172e-07 1.454992803e-07 1.478206944e-07 1.491340571e-07 1.275404163e-07);
    }
    inlet
    {
        type            fixedValue;
        value           uniform 0;
    }
    front
    {
        type            wedge;
    }
    wall
    {
        type            zeroGradient;
    }
    back
    {
        type            wedge;
    }
}


// ************************************************************************* //
