/*--------------------------------*- C++ -*----------------------------------*\
| =========                 |                                                 |
| \\      /  F ield         | OpenFOAM: The Open Source CFD Toolbox           |
|  \\    /   O peration     | Version:  2212                                  |
|   \\  /    A nd           | Website:  www.openfoam.com                      |
|    \\/     M anipulation  |                                                 |
\*---------------------------------------------------------------------------*/
FoamFile
{
    version     2.0;
    format      ascii;
    arch        "LSB;label=32;scalar=64";
    class       volScalarField;
    location    "20.00000000";
    object      C9H8_0;
}
// * * * * * * * * * * * * * * * * * * * * * * * * * * * * * * * * * * * * * //

dimensions      [0 0 0 0 0 0 0];

internalField   nonuniform List<scalar> 
3000
(
3.281983198e-23
3.686947468e-23
4.298041381e-23
5.112388606e-23
6.121720643e-23
7.298637754e-23
8.572242032e-23
9.787529663e-23
1.0646898e-22
1.232226401e-22
1.389853643e-22
1.627612038e-22
1.945153568e-22
2.342166611e-22
2.816455059e-22
3.359788287e-22
3.944751221e-22
4.462929256e-22
2.760189997e-22
3.13771858e-22
3.71260194e-22
4.493171749e-22
5.493473004e-22
6.728029049e-22
8.191987547e-22
9.80318004e-22
1.118020042e-21
5.257555345e-22
6.039272896e-22
7.247088692e-22
8.921884403e-22
1.112301348e-21
1.390643537e-21
1.725698829e-21
2.0906501e-21
2.385222724e-21
9.336233592e-22
1.085600847e-21
1.324114784e-21
1.661283819e-21
2.112970664e-21
2.691841301e-21
3.388231315e-21
4.127790939e-21
4.695516045e-21
1.60545866e-21
1.890703046e-21
2.344785544e-21
2.996691513e-21
3.881204836e-21
5.020594689e-21
6.380842657e-21
7.790419051e-21
8.833286589e-21
2.7255263e-21
3.249498089e-21
4.093336354e-21
5.318482154e-21
6.993177983e-21
9.150742337e-21
1.170195933e-20
1.42941083e-20
1.616454046e-20
4.612544206e-21
5.560817041e-21
7.101571848e-21
9.355881473e-21
1.244952062e-20
1.642708036e-20
2.108904304e-20
2.575683656e-20
2.906880864e-20
7.818747871e-21
9.516771562e-21
1.229357782e-20
1.637697104e-20
2.199066686e-20
2.918869072e-20
3.756446108e-20
4.586339889e-20
5.168673492e-20
1.330031431e-20
1.631689335e-20
2.127252178e-20
2.858345566e-20
3.864029737e-20
5.150141052e-20
6.638368696e-20
8.102107052e-20
9.12155234e-20
2.27138766e-20
2.804116809e-20
3.682048019e-20
4.979824683e-20
6.765018447e-20
9.0427754e-20
1.166750066e-19
1.423573119e-19
1.601542404e-19
3.893018111e-20
4.829601286e-20
6.376392077e-20
8.665611763e-20
1.181363067e-19
1.582253805e-19
2.042763602e-19
2.491723512e-19
2.801796298e-19
6.692591615e-20
8.333640573e-20
1.104773724e-19
1.506712132e-19
2.059149534e-19
2.761450959e-19
3.566134708e-19
4.348588927e-19
4.888170335e-19
1.153321679e-19
1.440151631e-19
1.914972924e-19
2.618324996e-19
3.584292401e-19
4.80994031e-19
6.210262243e-19
7.568587577e-19
8.508521906e-19
1.991247663e-19
2.491736455e-19
3.32077951e-19
4.548899936e-19
6.233916177e-19
8.366259869e-19
1.078957533e-18
1.312293879e-18
1.478079898e-18
3.44295507e-19
4.315347656e-19
5.761335691e-19
7.9040672e-19
1.084295496e-18
1.455371222e-18
1.872831899e-18
2.254786212e-18
2.567624893e-18
5.959475839e-19
7.479018212e-19
9.99957676e-19
1.373878594e-18
1.887950094e-18
2.541477096e-18
3.293546339e-18
4.044375453e-18
4.512721092e-18
1.032318392e-18
1.296747615e-18
1.735533266e-18
2.386596788e-18
3.281493178e-18
4.417400419e-18
5.715784679e-18
6.973902894e-18
7.82815258e-18
1.789197587e-18
2.249026023e-18
3.012178064e-18
4.144489538e-18
5.700246798e-18
7.67305025e-18
9.923896509e-18
1.210023263e-17
1.358987773e-17
3.10232322e-18
3.901586588e-18
5.228220751e-18
7.196539516e-18
9.900389142e-18
1.332772236e-17
1.723621297e-17
2.101421593e-17
2.36016808e-17
5.380973743e-18
6.769857195e-18
9.075325667e-18
1.249589333e-17
1.71941129e-17
2.314818555e-17
2.99363716e-17
3.649637707e-17
4.098871403e-17
9.335726401e-18
1.174875135e-17
1.575439193e-17
2.169728348e-17
2.985902749e-17
4.020045697e-17
5.198780377e-17
6.337610695e-17
7.117336735e-17
1.620023607e-17
2.039200181e-17
2.735034805e-17
3.767326145e-17
5.184827875e-17
6.980494786e-17
9.026678201e-17
1.10030317e-16
1.235583969e-16
2.811605742e-17
3.539680947e-17
4.748229093e-17
6.540935602e-17
9.002125422e-17
1.211907217e-16
1.566971338e-16
1.909800867e-16
2.144393525e-16
4.880016163e-17
6.144449663e-17
8.243096642e-17
1.13555752e-16
1.562752423e-16
2.103578737e-16
2.719400911e-16
3.313744438e-16
3.720281636e-16
8.470181646e-17
1.066572705e-16
1.430918835e-16
1.971135105e-16
2.712322736e-16
3.650225239e-16
4.717607896e-16
5.747175308e-16
6.451036709e-16
1.470051152e-16
1.851192066e-16
2.483534674e-16
3.420768775e-16
4.706036824e-16
6.331414305e-16
8.179855076e-16
9.961458246e-16
1.117857658e-15
2.550903668e-16
3.212323794e-16
4.309303897e-16
5.934406397e-16
8.161508847e-16
1.097564502e-15
1.417295854e-15
1.725155906e-15
1.93527148e-15
4.425052237e-16
5.57227619e-16
7.47411712e-16
1.028973146e-15
1.414501827e-15
1.901128926e-15
2.453331259e-15
2.984327624e-15
3.346273527e-15
7.672401599e-16
9.660798554e-16
1.295517208e-15
1.78282495e-15
2.449324725e-15
3.28943955e-15
4.241239639e-15
5.154921362e-15
5.776687404e-15
1.329358103e-15
1.673643564e-15
2.243621955e-15
3.085824267e-15
4.236072652e-15
5.683395085e-15
7.319793908e-15
8.887237305e-15
9.951637405e-15
2.301133808e-15
2.89644009e-15
3.881044009e-15
5.333900071e-15
7.314586623e-15
9.801326829e-15
1.260579385e-14
1.528478797e-14
1.709920502e-14
3.978365402e-15
5.005863579e-15
6.703241562e-15
9.203561529e-15
1.260465781e-14
1.686309472e-14
2.165065577e-14
2.620882324e-14
2.928601332e-14
6.867314977e-15
8.636689569e-15
1.155526594e-14
1.58454267e-14
2.166527725e-14
2.892811586e-14
3.706269641e-14
4.477666589e-14
4.996430435e-14
1.183122712e-14
1.486933842e-14
1.987161576e-14
2.720596587e-14
3.712280959e-14
4.944966978e-14
6.319467481e-14
7.616801849e-14
8.48534936e-14
2.033577833e-14
2.55339437e-14
3.407414115e-14
4.655765156e-14
6.337114343e-14
8.417400299e-14
1.072502714e-13
1.289138884e-13
1.433433537e-13
3.485755702e-14
4.371382825e-14
5.822647402e-14
7.936402232e-14
1.07704268e-13
1.425817861e-13
1.810430528e-13
2.169312383e-13
2.406993865e-13
5.955899702e-14
7.457237063e-14
9.910035795e-14
1.346765116e-13
1.821274418e-13
2.40171025e-13
3.03757579e-13
3.626940764e-13
4.014851916e-13
1.013949389e-13
1.26699093e-13
1.678959095e-13
2.273651278e-13
3.062192006e-13
4.020277954e-13
5.062289811e-13
6.021137663e-13
6.648076923e-13
1.719117389e-13
2.142806037e-13
2.82987963e-13
3.816402616e-13
5.115994183e-13
6.683422373e-13
8.374942645e-13
9.919590277e-13
1.092261032e-12
2.901462898e-13
3.60567525e-13
4.742633513e-13
6.36548803e-13
8.488211626e-13
1.102827005e-12
1.374703058e-12
1.621008809e-12
1.779824527e-12
4.872530936e-13
6.033545048e-13
7.898956653e-13
1.054452902e-12
1.397877432e-12
1.80541835e-12
2.237945474e-12
2.626639844e-12
2.87550193e-12
8.138154395e-13
1.003551001e-12
1.306810943e-12
1.733963341e-12
2.284041239e-12
2.931234148e-12
3.612212898e-12
4.219261909e-12
4.605232344e-12
1.351276503e-12
1.658442242e-12
2.146679393e-12
2.829455587e-12
3.70149878e-12
4.718594945e-12
5.779626678e-12
6.718005525e-12
7.310638521e-12
2.229618104e-12
2.721985623e-12
3.50009228e-12
4.58021947e-12
5.948273171e-12
7.530074991e-12
9.166349821e-12
1.060244582e-11
1.150361653e-11
3.654399812e-12
4.435543105e-12
5.662741942e-12
7.35358522e-12
9.477383991e-12
1.191216557e-11
1.441037405e-11
1.658705755e-11
1.794476254e-11
5.947658189e-12
7.173930907e-12
9.089043086e-12
1.170816933e-11
1.49712008e-11
1.86813733e-11
2.24588341e-11
2.572773668e-11
2.775538181e-11
9.609103831e-12
1.151373301e-11
1.447088893e-11
1.848588511e-11
2.344873815e-11
2.90476728e-11
3.470689316e-11
3.957335993e-11
4.257660913e-11
1.540674849e-11
1.833369482e-11
2.285236611e-11
2.894482773e-11
3.641949336e-11
4.479050111e-11
5.319491054e-11
6.038035079e-11
6.479436011e-11
2.450983547e-11
2.896099774e-11
3.579559367e-11
4.494993706e-11
5.61027418e-11
6.850834643e-11
8.088700112e-11
9.14150833e-11
9.785594133e-11
3.86821416e-11
4.538275016e-11
5.561887302e-11
6.92449668e-11
8.573850377e-11
1.039709982e-10
1.220628179e-10
1.373782248e-10
1.467139321e-10
6.056094768e-11
7.054975491e-11
8.573673945e-11
1.058385212e-10
1.300264641e-10
1.566144668e-10
1.828663264e-10
2.049979641e-10
2.18446195e-10
9.405702882e-11
1.088104332e-10
1.311424782e-10
1.605476392e-10
1.957412967e-10
2.34233282e-10
2.720720765e-10
3.03857413e-10
3.231194853e-10
1.449148639e-10
1.665153143e-10
1.990807219e-10
2.417594713e-10
2.925958484e-10
3.479495373e-10
4.021542448e-10
4.475452601e-10
4.749888672e-10
2.215130746e-10
2.528811111e-10
3.000028674e-10
3.615004174e-10
4.344422877e-10
5.135546521e-10
5.907640672e-10
6.552453768e-10
6.941549364e-10
3.359877008e-10
3.811978311e-10
4.488974892e-10
5.369238646e-10
6.409413398e-10
7.533708718e-10
8.627753716e-10
9.539341676e-10
1.008852055e-09
5.058037615e-10
5.705144688e-10
6.671435617e-10
7.923761907e-10
9.398740314e-10
1.098823319e-09
1.253105988e-09
1.381407696e-09
1.458598833e-09
7.559461393e-10
8.479844377e-10
9.850826538e-10
1.162256923e-09
1.370334333e-09
1.593984835e-09
1.810600071e-09
1.990442411e-09
2.098525938e-09
1.121962939e-09
1.252117976e-09
1.445577978e-09
1.69496712e-09
1.987126992e-09
2.300449932e-09
2.603358328e-09
2.854501967e-09
3.005308834e-09
1.6541792e-09
1.837278333e-09
2.108924846e-09
2.4583457e-09
2.866810881e-09
3.304021151e-09
3.72604068e-09
4.075548641e-09
4.285285002e-09
2.423513339e-09
2.679879528e-09
3.059607576e-09
3.547136055e-09
4.115984753e-09
4.723862567e-09
5.309851583e-09
5.794715525e-09
6.085538876e-09
3.529482835e-09
3.886906299e-09
4.415573447e-09
5.093216925e-09
5.882622565e-09
6.725005148e-09
7.536167124e-09
8.206860183e-09
8.609012347e-09
5.111192441e-09
5.607595136e-09
6.34092948e-09
7.279588217e-09
8.371547022e-09
9.535396471e-09
1.065509613e-08
1.158037448e-08
1.213506545e-08
7.362373933e-09
8.049406355e-09
9.063281294e-09
1.035944431e-08
1.186550478e-08
1.346909709e-08
1.501071098e-08
1.628409668e-08
1.704739974e-08
1.055191172e-08
1.149980247e-08
1.289734803e-08
1.468211966e-08
1.675380227e-08
1.895776742e-08
2.107526947e-08
2.282379429e-08
2.387190142e-08
1.505176823e-08
1.635585387e-08
1.827703137e-08
2.072828405e-08
2.357111011e-08
2.659329753e-08
2.949551537e-08
3.189149975e-08
3.332780355e-08
2.137484627e-08
2.316434937e-08
2.579882206e-08
2.915753243e-08
3.304988266e-08
3.718534713e-08
4.115513266e-08
4.443202906e-08
4.639665087e-08
3.02261238e-08
3.267592884e-08
3.628032764e-08
4.087249103e-08
4.619090542e-08
5.183872228e-08
5.725867787e-08
6.173233666e-08
6.441491831e-08
4.257140116e-08
4.591780964e-08
5.08388321e-08
5.710478023e-08
6.435780561e-08
7.205694895e-08
7.944385305e-08
8.55409836e-08
8.919780891e-08
5.972923599e-08
6.429096986e-08
7.099617139e-08
7.952965033e-08
8.940295403e-08
9.988011634e-08
1.09930808e-07
1.182269139e-07
1.232037283e-07
8.349311523e-08
8.969918471e-08
9.881782632e-08
1.104178271e-07
1.238340213e-07
1.380670144e-07
1.517192177e-07
1.629888738e-07
1.697511201e-07
1.162926028e-07
1.247190534e-07
1.370959475e-07
1.528350029e-07
1.710324397e-07
1.90333662e-07
2.088460234e-07
2.241290005e-07
2.333015633e-07
1.614040303e-07
1.728220115e-07
1.895879205e-07
2.109013359e-07
2.355369728e-07
2.616622803e-07
2.867186712e-07
3.074060302e-07
3.198249361e-07
2.232231094e-07
2.386611174e-07
2.613238364e-07
2.901250132e-07
3.234071888e-07
3.586962254e-07
3.925399899e-07
4.204847333e-07
4.372635072e-07
3.076133701e-07
3.284368296e-07
3.589975026e-07
3.978249757e-07
4.42682379e-07
4.902367894e-07
5.358408634e-07
5.734978592e-07
5.961112756e-07
4.22345172e-07
4.503566173e-07
4.914559172e-07
5.436577319e-07
6.039507173e-07
6.678563695e-07
7.291347743e-07
7.797342095e-07
8.101218562e-07
5.776396334e-07
6.152024745e-07
6.703007887e-07
7.402610841e-07
8.210404283e-07
9.066384535e-07
9.887031997e-07
1.056460455e-06
1.097151579e-06
7.86829517e-07
8.370175375e-07
9.10611978e-07
1.004022802e-06
1.111838655e-06
1.226047384e-06
1.33551199e-06
1.42587429e-06
1.480133969e-06
1.067144141e-06
1.133917314e-06
1.231795967e-06
1.355974123e-06
1.49923396e-06
1.650919431e-06
1.796245767e-06
1.91617234e-06
1.988166579e-06
1.440617133e-06
1.529021909e-06
1.658552087e-06
1.822796057e-06
2.012164765e-06
2.212551209e-06
2.404430556e-06
2.562697771e-06
2.657671858e-06
1.9351039e-06
2.05149284e-06
2.22193523e-06
2.437910889e-06
2.686738905e-06
2.949843397e-06
3.201595226e-06
3.409112304e-06
3.533574429e-06
2.585380291e-06
2.737641802e-06
2.960476585e-06
3.242613532e-06
3.567371176e-06
3.910437884e-06
4.238402025e-06
4.508517999e-06
4.670414614e-06
3.434275794e-06
3.632060781e-06
3.921306129e-06
4.287179003e-06
4.707866392e-06
5.151768359e-06
5.575661068e-06
5.924435828e-06
6.133304138e-06
4.533776514e-06
4.788704725e-06
5.161201804e-06
5.631864101e-06
6.172361527e-06
6.741933407e-06
7.28512941e-06
7.731541186e-06
7.998621874e-06
5.9460157e-06
6.271840871e-06
6.747476948e-06
7.347714143e-06
8.03603289e-06
8.760291624e-06
9.449996875e-06
1.001605716e-05
1.035435086e-05
7.744059335e-06
8.156774491e-06
8.75861586e-06
9.517078064e-06
1.038547068e-05
1.129768782e-05
1.216496916e-05
1.287571974e-05
1.329997314e-05
1.001239454e-05
1.053025361e-05
1.12845564e-05
1.223374043e-05
1.331863942e-05
1.445623387e-05
1.553587984e-05
1.641925346e-05
1.694586546e-05
1.284702024e-05
1.349046262e-05
1.442654385e-05
1.560260116e-05
1.694436272e-05
1.83485945e-05
1.967879315e-05
2.076532928e-05
2.141217317e-05
1.635507467e-05
1.714654252e-05
1.82964986e-05
1.973885742e-05
2.138130151e-05
2.309676216e-05
2.47185956e-05
2.604101377e-05
2.682717836e-05
2.065395342e-05
2.161760002e-05
2.301587221e-05
2.476667673e-05
2.675643077e-05
2.883034184e-05
3.078711196e-05
3.237975669e-05
3.332521548e-05
2.586990807e-05
2.703120417e-05
2.871400293e-05
3.081738702e-05
3.320305597e-05
3.568440263e-05
3.802081566e-05
3.991899695e-05
4.104422011e-05
3.213615386e-05
3.352140732e-05
3.552601877e-05
3.80272448e-05
4.085844427e-05
4.37969834e-05
4.655823153e-05
4.879749229e-05
5.012302001e-05
3.959055192e-05
4.122636261e-05
4.359036934e-05
4.653487278e-05
4.986117153e-05
5.330636249e-05
5.653714726e-05
5.915249332e-05
6.069849134e-05
4.83729625e-05
5.028563902e-05
5.304609335e-05
5.647848005e-05
6.034830348e-05
6.434821341e-05
6.809175784e-05
7.11168873e-05
7.290270538e-05
5.862238802e-05
6.083735493e-05
6.402994486e-05
6.799298925e-05
7.245253612e-05
7.7052771e-05
8.134986586e-05
8.481643222e-05
8.686018502e-05
7.047403628e-05
7.301525965e-05
7.667350642e-05
8.120719655e-05
8.629941736e-05
9.154212526e-05
9.643024948e-05
0.0001003671886
0.0001026853756
8.405643414e-05
8.694589074e-05
9.110041248e-05
9.624108183e-05
0.0001020047601
0.0001079277454
0.0001134402933
0.0001178732382
0.0001204804157
9.948871249e-05
0.0001027459233
0.0001074237928
0.0001132033707
0.0001196723392
0.0001263083168
0.0001324739562
0.0001374247566
0.0001403332704
0.0001168781659
0.0001205198094
0.0001257440261
0.0001321894289
0.0001393919429
0.0001467679515
0.0001536101272
0.0001590964838
0.0001623162687
0.0001363181674
0.0001403577816
0.0001461468706
0.000153279547
0.0001612378254
0.0001693748088
0.000176911398
0.0001829466149
0.000186485061
0.0001578864941
0.0001623342725
0.0001687020142
0.0001765376479
0.0001852675851
0.000194180142
0.0002024232592
0.0002090161123
0.0002128779978
0.0001816440938
0.0001865067733
0.0001934620627
0.0002020104291
0.0002115214715
0.000221217766
0.0002301737113
0.0002373284258
0.0002415159107
0.0002076343006
0.0002129151368
0.0002204619643
0.0002297269305
0.0002400221064
0.0002505039266
0.0002601732627
0.0002678895894
0.0002724022658
0.0002358824855
0.0002415813081
0.0002497188498
0.0002596985045
0.000270774589
0.0002820375371
0.0002924152809
0.000300688659
0.0003055236488
0.0002663961147
0.0002725094517
0.0002812322558
0.0002919191505
0.0003037669481
0.0003158007406
0.0003268766514
0.000335698443
0.0003408505371
0.0002991651734
0.0003056864337
0.0003149846865
0.0003263661685
0.0003389708914
0.0003517597514
0.0003635186956
0.0003728764794
0.000378338308
0.000334162907
0.0003410826095
0.0003509424645
0.0003630010831
0.000376342804
0.0003898659223
0.0004022882989
0.0004121662067
0.0004179284343
0.0003713468263
0.0003786528641
0.000389056818
0.0004017707845
0.0004158249437
0.0004300569907
0.0004431191974
0.0004534982814
0.0004595498195
0.0004106599227
0.0004183378506
0.0004292651515
0.0004426088343
0.0004573467825
0.0004722584513
0.0004859333769
0.0004967919959
0.0005031202236
0.0004520320383
0.0004600653754
0.0004714924491
0.0004854368883
0.0005008264471
0.0005163850124
0.0005306425404
0.0005419567524
0.0005485477426
0.0004953813437
0.0005037518796
0.0005156527618
0.0005301661894
0.0005461722156
0.0005623420925
0.0005771496035
0.0005888935571
0.0005957323003
0.0005406158733
0.0005493039735
0.0005616507374
0.0005766990901
0.0005932840303
0.0006100273231
0.0006253501857
0.0006374965011
0.0006445671233
0.0005876350816
0.0005966199829
0.0006093831541
0.0006249305698
0.0006420549953
0.0006593320242
0.000675134066
0.0006876542002
0.0006949401712
0.0006363313822
0.0006455914752
0.0006587404266
0.0006747497156
0.0006923728292
0.0007101426292
0.000726386581
0.0007392511713
0.0007467355013
0.000686591642
0.000696104736
0.0007096080576
0.0007260411432
0.0007441212522
0.0007623420368
0.0007789899455
0.0007921691287
0.0007998345504
0.0007382986067
0.0007480421737
0.0007618680138
0.000778686338
0.0007971812891
0.0008158108757
0.0008328244824
0.0008462881866
0.0008541173211
0.0007913322386
0.0008012836363
0.0008154000112
0.000832564903
0.0008514324752
0.0008704286704
0.0008877697511
0.0009014879585
0.0009094634659
0.000845570955
0.000855707626
0.0008700826976
0.0008875557018
0.0009067539581
0.0009260748999
0.0009437055693
0.0009576485504
0.000965753263
0.0009008927572
0.0009111924049
0.0009257947258
0.0009435378927
0.0009630254887
0.0009826299473
0.001000512925
0.001014651443
0.001022868482
0.0009571762452
0.0009676169871
0.0009824157128
0.00100039185
0.001020128301
0.001039975939
0.001058074778
0.001072380265
0.001080693141
0.001014301517
0.001024862016
0.001039827086
0.001057999971
0.001077945879
0.001097997471
0.001116276755
0.001130721462
0.001139114159
0.001072150955
0.001082810527
0.001097912817
0.001116247377
0.00113636462
0.001156582238
0.001175007736
0.001189564856
0.001198021905
0.001130609895
0.001141348601
0.001156560046
0.001175022504
0.001195274391
0.001215621548
0.001234160352
0.001248804119
0.00125731065
0.001189567198
0.001200365914
0.001215659609
0.001234217595
0.001254568984
0.001275010756
0.001293631377
0.001308337145
0.001316878938
0.001248915713
0.001259756185
0.001275106456
0.001293729101
0.001314146492
0.001334649601
0.001353322049
0.001368066349
0.001376629859
0.001308552652
0.001319417536
0.001334799995
0.001353457988
0.001373909587
0.001394442465
0.001413138299
0.00142789888
0.001436471266
0.001368379877
0.001379252764
0.001394644347
0.001413309974
0.001433765736
0.001454298561
0.001472990922
0.001487746772
0.001496315909
0.001428304109
0.001439169538
0.001454548521
0.00147319569
0.001493627336
0.001514132049
0.001532795675
0.001547527036
0.001556081519
0.001488237072
0.001499080536
0.001514426538
0.001533030778
0.001553411796
0.001573862104
0.001592473325
0.001607161687
0.001615690832
0.001548095566
0.001558903504
0.00157419748
0.001592735934
0.001613041568
0.001633412923
0.001651949651
0.001666577741
0.001675071576
0.001607801495
0.001618561282
0.001633785505
0.001652236901
0.00167244412
0.001692713697
0.001711155395
0.001725707155
0.00173415641
0.001667281844
0.00167798177
0.001693119802
0.001711464421
0.001731551886
0.001751698538
0.001770026185
0.001784486746
0.001792882834
0.001726468614
0.001737097861
0.001752134518
0.001770354153
0.001790302164
0.001810306378
0.001828502427
0.001842858072
0.001851193071
0.00178529873
0.001795847341
0.001810768653
0.001828846558
0.001848637004
0.001868480845
0.001886529171
0.001900767295
0.001909033927
0.001843713912
0.001854172761
0.001868965928
0.001886886763
0.001906503058
0.001926170108
0.001944055957
0.001958165027
0.001966356629
0.00190166053
0.001912021288
0.00192667463
0.001944424402
0.001963851425
0.001983326721
0.002001036645
0.002015006155
0.002023116656
0.001959089437
0.001969344537
0.001983847444
0.002001413447
0.002020637471
0.002039907436
0.00205742924
0.002071249659
0.002079273552
0.002015955794
0.00202609839
0.002040441268
0.002057812021
0.002076820647
0.002095873022
0.002113195698
0.002126858425
0.002134790741
0.002072218875
0.002082242808
0.002096417031
0.002113582209
0.002132364296
0.00215118807
0.002168301734
0.00218179905
0.002189635326
0.002127841878
0.002137741637
0.002151739486
0.002168689862
0.002187235456
0.002205820797
0.002222716628
0.002236041643
0.002243777897
0.002182791718
0.002192562405
0.002206377021
0.002223104397
0.002241404662
0.002259742848
0.002276413025
0.002289559634
0.002297192334
0.002237038834
0.00224667612
0.002260301452
0.002276798599
0.002294845748
0.002312929101
0.002329366742
0.002342329571
0.002349855613
0.002290556982
0.002300057079
0.002313487827
0.002329748423
0.002347535655
0.002365357471
0.002381556572
0.00239433094
0.002401747613
0.002343323038
0.002352682658
0.002365914232
0.002381932803
0.002399454232
0.00241700872
0.0024329641
0.002445545964
0.002452850933
0.002395316806
0.002404533131
0.002417561595
0.002433333457
0.002450584056
0.002467866273
0.002483573515
0.002495959435
0.002503150708
0.002446520827
0.002455591472
0.002468413504
0.002483934706
0.002500910243
0.002517916038
0.002533371437
0.002545558528
0.002552634436
0.002496920193
0.00250584318
0.002518456023
0.002533723298
0.002550420278
0.002567146231
0.002582346742
0.002594332636
0.002601291809
0.002546502374
0.002555276096
0.002567677521
0.00258268823
0.002599103844
0.002615547213
0.002630490401
0.002642273208
0.002649114552
0.002595257044
0.002603880241
0.002616068503
0.00263082059
0.002646952659
0.002663111328
0.002677795324
0.002689373596
0.002696096273
0.00264317592
0.002651647649
0.002663621451
0.002678113398
0.002693960324
0.002709832756
0.002724256208
0.002735628905
0.002742232311
0.002690252604
0.002698572217
0.002710330673
0.002724561456
0.002740122177
0.002755707363
0.0027698694
0.002781035853
0.002787519604
0.00273648244
0.002744649557
0.002756192158
0.002770161206
0.002785435149
0.00280073257
0.002814632757
0.002825592644
0.002831956551
0.002781862374
0.002789876861
0.002801203444
0.002814910599
0.002829897643
0.002844907222
0.002858545527
0.00286929884
0.002875542897
0.00282639082
0.002834252768
0.002845363485
0.00285880897
0.002873509402
0.002888231471
0.002901608227
0.002912155243
0.002918279611
0.002870067537
0.002877777241
0.002888672533
0.002901856915
0.002916271396
0.002930706657
0.002943822532
0.00295416379
0.002960168782
0.002912893511
0.002920451454
0.002931132023
0.002944056183
0.002958185714
0.002972335206
0.00298519117
0.002995327447
0.003001213512
0.002954870849
0.002962277681
0.002972744466
0.002985409569
0.00299925546
0.003013120526
0.003025717825
0.003035650113
0.003041417826
0.00299600267
0.003003259197
0.003013513352
0.003025920821
0.003039484658
0.003053066919
0.003065407046
0.003075136534
0.003080786581
0.00303629302
0.003043400182
0.003053443054
0.003065594544
0.003078878165
0.00309217949
0.003104264164
0.003113792212
0.003119325383
0.003075746772
0.003082705636
0.003092538746
0.003104436119
0.003117441589
0.003130464069
0.003142295207
0.003151623336
0.00315704051
0.003114369552
0.003121181294
0.003130806318
0.003142451624
0.003155181206
0.003167927133
0.003179506833
0.003188636703
0.003193938843
0.003152167655
0.003158833551
0.003168252304
0.003179647758
0.003192103897
0.003204575739
0.00321590626
0.003224839656
0.003230027795
0.00318914798
0.003195669393
0.003204883812
0.003216031777
0.003228217076
0.003240417459
0.003251501201
0.003260240019
0.003265315254
0.003225317957
0.003231696327
0.00324070846
0.003251611427
0.003263528631
0.00327546032
0.003286299805
0.003294846039
0.003299809527
0.00326068549
0.003266922327
0.003275734314
0.003286394891
0.003298046864
0.003309712746
0.003320310608
0.003328666337
0.003333519282
0.003295258899
0.003301355771
0.003309969837
0.003320390727
0.003331780444
0.003343183509
0.003353542475
0.003361709852
0.003366453501
0.003329046868
0.003335005393
0.003343423834
0.003353607828
0.003364738351
0.003375881681
0.00338600456
0.0033939858
0.003398621437
0.003362058393
0.003367880232
0.003376105404
0.003386055363
0.003396929835
0.003407816588
0.003417706255
0.00342550363
0.00343003257
0.003394302736
0.003399989589
0.003408023898
0.003417742744
0.003428364371
0.003438997768
0.003448657158
0.00345627298
0.003460696564
0.003425789386
0.00343134298
0.003439188875
0.00344867958
0.003459051619
0.003469434933
0.003478867024
0.003486303642
0.00349062323
0.003456528016
0.003461950102
0.003469610063
0.003478875635
0.003489001387
0.003499137929
0.003508345733
0.003515605522
0.003519822492
0.003486528443
0.003491820791
0.00349929732
0.003508340797
0.003518223589
0.003528116697
0.003537103253
0.003544188607
0.003548304344
0.003515800593
0.003520964982
0.0035282606
0.003537085035
0.003546728213
0.003556381243
0.003565149599
0.003572062922
0.003576078819
0.003544354463
0.003549392677
0.00355650991
0.003565118365
0.003574525279
0.00358394159
0.003592494801
0.003599238498
0.003603155946
0.003572200081
0.003577113906
0.003584055277
0.003592450809
0.003601624805
0.003610807749
0.003619148858
0.003625725324
0.003629545713
0.00359934747
0.003604138682
0.003610906703
0.003619092354
0.003628036758
0.003636989665
0.003645121694
0.00365153331
0.003655258014
0.003625806604
0.003630476965
0.003637074127
0.003645052909
0.003653771013
0.003662497176
0.003670423114
0.003676672226
0.003680302605
0.003651587359
0.003656138608
0.003662567367
0.00367034225
0.003678837296
0.003687339956
0.003695062736
0.00370115165
0.003704689034
0.003676699463
0.003681133307
0.003687396071
0.003694969964
0.003703245125
0.003711527445
0.003719049931
0.003724980891
0.003728426577
0.00370115243
0.003705470532
0.003711569646
0.003718945377
0.00372700373
0.003735068777
0.003742393737
0.003748168909
0.003751524144
0.00372495549
0.003729159455
0.003735097181
0.003742277471
0.003750121973
0.003757972684
0.003765102761
0.00377072421
0.003773990179
0.003748117498
0.003752208858
0.003757987349
0.003764974786
0.003772608238
0.003780247386
0.003787185067
0.003792654726
0.003795832535
0.003770646832
0.003774627027
0.0037802483
0.0037870453
0.003794470307
0.003801900459
0.003808648033
0.00381396767
0.003817058327
0.003792551271
0.003796421623
0.003801887528
0.003808496292
0.003815715215
0.003822938679
0.003829498188
0.003834669368
0.003837673756
0.003813837845
0.003817599533
0.003822911709
0.003829334178
0.003836349075
0.003843367843
0.003849741027
0.003854765064
0.003857683913
0.003834512671
0.003838166698
0.003843326528
0.003849564318
0.003856376883
0.00386319256
0.003869380791
0.003874258697
0.003877092556
0.003854580754
0.00385812791
0.003863136469
0.003869190811
0.003875802293
0.003882416025
0.003888420234
0.003893152657
0.003895901855
0.003874045772
0.003877486593
0.003882344587
0.00388821625
0.003894627376
0.003901039757
0.003906860357
0.00391144752
0.003914112131
0.003892909837
0.003896244558
0.003900952259
0.003906641471
0.003912852354
0.003919063342
0.003924700144
0.003929141778
0.00393172158
0.003911173234
0.003914401745
0.003918958922
0.003924465287
0.003930475335
0.003936484158
0.003941936286
0.003946231563
0.003948726001
0.003928834166
0.003931955956
0.00393636181
0.003941684222
0.003947492048
0.003953297114
0.003958562926
0.0039627104
0.003965118556
0.003945888488
0.003948902606
0.003953155699
0.003958292269
0.003963895608
0.003969494425
0.003974571447
0.003978569004
0.003980889565
0.003962329484
0.003965234494
0.003969332695
0.003974280683
0.003979676324
0.003985065442
0.003989950317
0.003993795143
0.003996026391
0.003978147675
0.003980941625
0.003984882073
0.003989637844
0.003994821593
0.00399999657
0.004004685039
0.004008373615
0.004010513429
0.003993330714
0.003996011124
0.003999790206
0.00400434922
0.004009315896
0.004014271308
0.004018758237
0.004022286369
0.004024332249
0.004007863385
0.004010427254
0.004014040628
0.00401839747
0.004023140952
0.004027870462
0.004032149914
0.004035512809
0.004037461932
0.00402172775
0.004024171595
0.00402761425
0.004031762719
0.004036276061
0.004040772551
0.004044837936
0.004048030333
0.004049879636
0.004034903475
0.004037223411
0.004040489787
0.004044423051
0.004048698675
0.004052954464
0.004056798753
0.004059815117
0.004061561425
0.004047368386
0.004049560243
0.004052644412
0.004056355254
0.004060385233
0.004064392383
0.004068008419
0.004070843204
0.004072483391
0.004059099266
0.004061158766
0.004064054686
0.004067535824
0.004071312264
0.004075062994
0.004078443888
0.004081091868
0.004082623061
0.004070072935
0.004071995912
0.00407469776
0.004077942264
0.004081457784
0.004084944977
0.00408808459
0.004090541256
0.00409196107
0.004080267593
0.004082050274
0.004084552843
0.00408755464
0.004090802943
0.004094020732
0.004096914231
0.004099176237
0.00410048304
0.004089664414
0.004091303739
0.004093602903
0.004096357351
0.00409933386
0.004102278286
0.004104922742
0.004106988381
0.004108181563
0.004098249329
0.004099743304
0.004101836521
0.004104341019
0.004107043559
0.004109713244
0.004112108241
0.004113977907
0.004115058138
0.004106014908
0.004107362965
0.004109249789
0.004111504394
0.004113933845
0.004116330638
0.004118478832
0.004120155434
0.004121124884
0.0041129622
0.004114165544
0.004115848098
0.00411785608
0.004120016966
0.004122146483
0.00412405405
0.004125543324
0.004126405809
0.004119102381
0.004120164273
0.004121647636
0.004123415915
0.004125316825
0.004127188822
0.004128865725
0.004130176379
0.004130937405
0.004124458001
0.004125383946
0.004126676391
0.004128215777
0.004129869566
0.004131498047
0.004132958051
0.004134101698
0.00413476838
0.004129063643
0.004129861441
0.004130974471
0.004132299642
0.004133723318
0.004135126329
0.004136386706
0.004137377555
0.004137958381
0.004132965808
0.004133645434
0.004134593563
0.004135722733
0.004136937
0.004138136052
0.004139216957
0.004140071227
0.004140575678
0.004136221908
0.004136795195
0.004137595461
0.004138549711
0.004139578134
0.004140597266
0.004141520782
0.004142255883
0.004142693923
0.004138898314
0.004139378448
0.00414004965
0.004140851941
0.004141719784
0.004142584309
0.004143373237
0.004144006769
0.004144388249
0.004141067529
0.004141468379
0.004142030102
0.004142704035
0.004143436853
0.004144171896
0.004144848394
0.004145397073
0.004145731113
0.00414280469
0.004143140029
0.004143611523
0.004144179978
0.004144802105
0.0041454311
0.004146015341
0.004146493977
0.00414678842
0.004144183706
0.004144466411
0.004144865472
0.004145349258
0.004145882386
0.004146425708
0.004146934734
0.004147355421
0.004147616421
0.004145273464
0.004145514785
0.004145856751
0.004146273472
0.004146735498
0.004147209449
0.004147656385
0.004148028017
0.00414825985
0.00414613453
0.004146343535
0.004146640564
0.004147003835
0.004147408159
0.004147824436
0.004148218202
0.004148546406
0.004148751522
0.004146816781
0.004147000047
0.00414726076
0.004147579908
0.004147935278
0.004148301027
0.004148646581
0.004148934068
0.004149113386
0.00414735824
0.004147519849
0.004147749396
0.004148029679
0.004148340603
0.004148659024
0.004148958092
0.004149205366
0.004149358748
0.004147785252
0.004147927066
0.004148127602
0.00414837089
0.004148638533
0.004148909919
0.004149162065
0.004149368348
0.004149495173
0.004148113874
0.004148236055
0.004148407517
0.00414861332
0.004148836704
0.004149059726
0.004149263566
0.004149427764
0.00414952748
0.004148352205
0.004148453871
0.004148594928
0.004148761566
0.004148938868
0.004149111859
0.004149266189
0.004149387737
0.004149460312
0.004148503208
0.004148583115
0.004148692123
0.004148817843
0.004148947557
0.004149069592
0.004149174258
0.004149253692
0.004149299872
0.004148567545
0.004148624688
0.004148700493
0.004148784371
0.004148866172
0.004148937773
0.004148994152
0.00414903334
0.004149054679
0.004148546006
0.004148580054
0.004148622544
0.004148665047
0.004148700262
0.004148723702
0.004148734775
0.004148736784
0.004148735304
0.004148441218
0.004148452747
0.004148463121
0.004148466322
0.00414845803
0.004148437265
0.004148407394
0.004148376347
0.004148355385
0.004148258518
0.004148249047
0.004148229806
0.004148197291
0.004148150159
0.004148090603
0.004148026147
0.004147968409
0.004147932083
0.004148006014
0.004147977882
0.004147932622
0.004147869103
0.004147789295
0.004147698758
0.004147607514
0.004147529443
0.004147481527
0.004147693979
0.004147650127
0.004147583497
0.004147495677
0.004147390975
0.004147277349
0.004147166552
0.004147074137
0.004147018295
0.004147335665
0.004147280011
0.004147197611
0.004147092194
0.004146969907
0.00414684043
0.00414671687
0.004146615488
0.004146554887
0.004146946161
0.00414688236
0.004146789296
0.004146672277
0.004146539042
0.004146400343
0.00414626992
0.004146164149
0.004146101432
0.004146538979
0.004146470336
0.004146371203
0.004146248049
0.004146109621
0.00414596727
0.004145834855
0.00414572841
0.00414566568
0.00414612634
0.004146055676
0.004145954359
0.0041458296
0.004145690691
0.004145549155
0.004145418584
0.004145314329
0.004145253185
0.004145718432
0.004145648038
0.004145547655
0.00414542487
0.004145289144
0.004145151829
0.004145025962
0.004144925992
0.004144867584
0.004145323307
0.004145254948
0.004145157869
0.004145039737
0.004144909885
0.004144779238
0.004144660081
0.004144565832
0.004144510931
0.004144946956
0.004144881907
0.004144789827
0.004144678228
0.004144556092
0.00414443374
0.004144322588
0.004144234958
0.004144184032
0.004144593502
0.004144532619
0.004144446652
0.00414434279
0.004144229512
0.00414411642
0.004144014001
0.004143933465
0.004143886749
0.004144265475
0.004144209266
0.004144130056
0.004144034594
0.004143930761
0.004143827379
0.004143733986
0.0041436607
0.004143618253
0.004143964108
0.004143912811
0.004143840635
0.004143753822
0.004143659599
0.00414356599
0.004143481595
0.004143415481
0.004143377236
0.004143689629
0.004143643277
0.00414357814
0.004143499917
0.004143415164
0.00414333111
0.004143255451
0.004143196262
0.004143162057
0.004143441519
0.0041434
0.004143341714
0.004143271803
0.004143196162
0.004143121246
0.004143053892
0.004143001246
0.004142970834
0.004143218738
0.004143181839
0.004143130079
0.004143068057
0.004143001019
0.004142934681
0.004142875071
0.004142828461
0.004142801451
0.004143019893
0.004142987336
0.004142941693
0.004142887038
0.004142827997
0.00414276959
0.004142717075
0.004142675903
0.004142652047
0.004142843379
0.004142814845
0.004142774857
0.00414272699
0.004142675288
0.004142624112
0.004142578009
0.004142541951
0.004142521139
0.004142687471
0.004142662619
0.004142627795
0.004142586106
0.004142541057
0.004142496391
0.00414245631
0.004142425087
0.004142407114
0.004142550388
0.004142528865
0.004142498693
0.004142462547
0.004142423472
0.004142384925
0.004142350464
0.00414232369
0.004142308299
0.004142430327
0.004142411776
0.004142385727
0.004142354614
0.004142321145
0.00414228824
0.004142258891
0.004142236117
0.004142223024
0.004142325447
0.004142309584
0.004142287407
0.004142260988
0.004142232641
0.00414220482
0.004142180024
0.004142160766
0.004142149658
0.004142234456
0.004142221096
0.004142202455
0.00414218028
0.004142156512
0.00414213319
0.004142112381
0.004142096175
0.004142086813
0.004142156114
0.004142145008
0.004142129521
0.004142111105
0.00414209136
0.004142071961
0.00414205461
0.004142041083
0.004142033259
0.004142089113
0.00414207999
0.004142067267
0.004142052127
0.004142035871
0.004142019862
0.004142005535
0.004141994357
0.004141987879
0.004142032156
0.004142024751
0.004142014413
0.004142002093
0.004141988838
0.004141975785
0.004141964099
0.004141954966
0.004141949658
0.004141984003
0.004141978066
0.004141969764
0.004141959865
0.004141949221
0.004141938738
0.00414192934
0.004141921976
0.004141917678
0.004141943495
0.004141938812
0.004141932269
0.004141924472
0.004141916089
0.004141907823
0.004141900392
0.004141894545
0.004141891112
0.004141909646
0.00414190605
0.004141901028
0.004141895043
0.004141888599
0.004141882228
0.004141876475
0.004141871921
0.004141869225
0.004141881614
0.004141878952
0.004141875233
0.004141870792
0.004141865996
0.00414186123
0.004141856897
0.004141853435
0.004141851362
0.004141858641
0.00414185677
0.004141854151
0.004141851012
0.004141847601
0.004141844184
0.004141841041
0.004141838497
0.004141836949
0.004141840036
0.004141838828
0.004141837127
0.004141835073
0.004141832816
0.00414183052
0.004141828369
0.004141826589
0.00414182548
0.00414182518
0.004141824519
0.004141823576
0.004141822417
0.004141821111
0.004141819739
0.004141818407
0.00414181726
0.004141816516
0.004141813523
0.004141813307
0.004141812983
0.004141812552
0.004141812022
0.004141811406
0.004141810745
0.004141810118
0.004141809676
0.004141804577
0.00414180472
0.004141804893
0.004141805051
0.004141805146
0.004141805142
0.004141805025
0.004141804824
0.004141804629
0.00414179792
0.004141798347
0.004141798915
0.00414179954
0.004141800135
0.004141800621
0.004141800942
0.004141801086
0.004141801094
0.004141793181
0.004141793831
0.004141794708
0.0041417957
0.004141796688
0.004141797561
0.004141798232
0.004141798653
0.004141798827
0.004141790045
0.004141790865
0.004141791979
0.004141793254
0.004141794546
0.004141795722
0.00414179667
0.004141797313
0.004141797621
0.004141788239
0.004141789186
0.004141790478
0.004141791966
0.004141793491
0.004141794901
0.004141796064
0.004141796883
0.004141797299
0.004141787532
0.004141788571
0.004141789993
0.004141791638
0.004141793336
0.004141794922
0.004141796252
0.00414179721
0.004141797712
0.004141787726
0.004141788829
0.004141790342
0.004141792099
0.004141793922
0.00414179564
0.004141797097
0.004141798162
0.004141798733
0.004141788657
0.004141789801
0.004141791374
0.004141793206
0.004141795117
0.004141796929
0.004141798481
0.004141799629
0.004141800255
0.004141790184
0.004141791352
0.004141792961
0.00414179484
0.004141796808
0.004141798686
0.004141800306
0.004141801518
0.004141802186
0.004141792192
0.004141793369
0.004141794994
0.004141796898
0.0041417989
0.004141800821
0.004141802489
0.004141803748
0.004141804448
0.004141794581
0.004141795758
0.004141797385
0.004141799297
0.004141801315
0.004141803261
0.004141804961
0.004141806252
0.004141806977
0.004141797272
0.004141798441
0.004141800059
0.004141801966
0.004141803986
0.004141805942
0.00414180766
0.004141808974
0.004141809718
0.004141800196
0.004141801351
0.004141802953
0.004141804845
0.004141806856
0.004141808811
0.004141810538
0.004141811866
0.004141812621
0.004141803299
0.004141804436
0.004141806015
0.004141807885
0.004141809879
0.004141811825
0.004141813552
0.004141814886
0.004141815649
0.004141806534
0.00414180765
0.004141809203
0.004141811046
0.004141813016
0.004141814946
0.004141816665
0.004141817999
0.004141818767
0.004141809863
0.004141810956
0.004141812479
0.004141814291
0.004141816233
0.004141818142
0.004141819848
0.004141821178
0.004141821946
0.004141813255
0.004141814323
0.004141815815
0.004141817592
0.004141819503
0.004141821386
0.004141823075
0.004141824397
0.004141825163
0.004141816682
0.004141817726
0.004141819184
0.004141820926
0.004141822802
0.004141824656
0.004141826325
0.004141827635
0.004141828397
0.004141820124
0.004141821142
0.004141822567
0.004141824271
0.004141826111
0.004141827934
0.00414182958
0.004141830875
0.004141831631
0.004141823562
0.004141824554
0.004141825945
0.004141827611
0.004141829414
0.004141831204
0.004141832825
0.004141834104
0.004141834852
0.004141826981
0.004141827948
0.004141829305
0.004141830932
0.004141832696
0.004141834453
0.004141836047
0.004141837308
0.004141838048
0.00414183037
0.004141831311
0.004141832634
0.004141834222
0.004141835948
0.004141837671
0.004141839237
0.004141840479
0.004141841209
0.004141833717
0.004141834634
0.004141835922
0.004141837473
0.004141839161
0.004141840848
0.004141842385
0.004141843608
0.004141844328
0.004141837015
0.004141837907
0.004141839163
0.004141840676
0.004141842326
0.004141843978
0.004141845487
0.004141846689
0.004141847398
0.004141840257
0.004141841126
0.004141842349
0.004141843826
0.004141845438
0.004141847055
0.004141848535
0.004141849716
0.004141850415
0.004141843439
0.004141844284
0.004141845476
0.004141846917
0.004141848492
0.004141850075
0.004141851527
0.004141852687
0.004141853373
0.004141846555
0.004141847378
0.00414184854
0.004141849946
0.004141851485
0.004141853035
0.004141854458
0.004141855597
0.004141856272
0.004141849604
0.004141850406
0.004141851538
0.00414185291
0.004141854414
0.004141855931
0.004141857325
0.004141858443
0.004141859107
0.004141852583
0.004141853364
0.004141854468
0.004141855807
0.004141857277
0.004141858762
0.004141860128
0.004141861225
0.004141861876
0.00414185549
0.004141856251
0.004141857328
0.004141858635
0.004141860072
0.004141861525
0.004141862864
0.004141863939
0.004141864579
0.004141858325
0.004141859067
0.004141860117
0.004141861393
0.004141862798
0.004141864219
0.00414186553
0.004141866584
0.00414186721
0.004141861087
0.00414186181
0.004141862835
0.00414186408
0.004141865452
0.004141866841
0.004141868123
0.004141869155
0.004141869768
0.004141863774
0.004141864479
0.004141865478
0.004141866693
0.004141868032
0.004141869388
0.00414187064
0.004141871647
0.004141872246
0.004141866386
0.004141867072
0.004141868045
0.004141869228
0.004141870532
0.004141871853
0.004141873072
0.004141874051
0.004141874633
0.004141868919
0.004141869585
0.00414187053
0.004141871679
0.004141872945
0.004141874226
0.004141875405
0.004141876351
0.004141876912
0.004141871364
0.004141872009
0.004141872924
0.004141874034
0.004141875255
0.004141876487
0.004141877618
0.004141878521
0.004141879054
0.004141873704
0.004141874325
0.004141875203
0.004141876268
0.004141877433
0.004141878604
0.004141879671
0.004141880517
0.004141881013
0.004141875893
0.004141876485
0.00414187732
0.004141878327
0.004141879423
0.004141880514
0.004141881498
0.004141882267
0.00414188271
0.004141877818
0.004141878375
0.004141879158
0.004141880097
0.004141881108
0.004141882102
0.004141882981
0.004141883652
0.004141884028
0.004141879178
0.004141879702
0.004141880435
0.004141881307
0.004141882236
0.004141883135
0.004141883913
0.004141884487
0.004141884792
3.095233384e-23
1.159193953e-22
2.585878734e-22
4.899790205e-22
8.648099675e-22
1.477684718e-21
2.492978758e-21
4.194828494e-21
7.075022887e-21
1.198464348e-20
2.039745432e-20
3.486650452e-20
5.981642896e-20
1.029189678e-19
1.77481467e-19
3.065930664e-19
5.303141511e-19
9.181443406e-19
1.590697737e-18
2.757345464e-18
4.781565195e-18
8.294389736e-18
1.439133671e-17
2.497411857e-17
4.334335576e-17
7.522582016e-17
1.305526873e-16
2.265335397e-16
3.929601893e-16
6.813364609e-16
1.180549165e-15
2.043676441e-15
3.533670091e-15
6.100854364e-15
1.051374587e-14
1.807866246e-14
3.100614952e-14
5.301833632e-14
9.034840931e-14
1.533725631e-13
2.592522557e-13
4.361734319e-13
7.300817691e-13
1.215272896e-12
2.010863079e-12
3.306118085e-12
5.39896178e-12
8.753865358e-12
1.408793198e-11
2.249761901e-11
3.564357181e-11
5.601800073e-11
8.732841651e-11
1.350382877e-10
2.071374729e-10
3.152263533e-10
4.760343737e-10
7.135390651e-10
1.06191217e-09
1.569601953e-09
2.304972228e-09
3.364068784e-09
4.881285214e-09
7.043968856e-09
1.011236346e-08
1.444675274e-08
2.05442766e-08
2.908867102e-08
4.101716364e-08
5.760996623e-08
8.060925127e-08
1.123761646e-07
1.560962398e-07
2.160453978e-07
2.97930283e-07
4.093176275e-07
5.601671027e-07
7.634800637e-07
1.036071969e-06
1.399468394e-06
1.880913063e-06
2.514461214e-06
3.342113696e-06
4.414928736e-06
5.794031158e-06
7.551425551e-06
9.770523529e-06
1.254628004e-05
1.598487167e-05
2.020286659e-05
2.53258722e-05
3.148668502e-05
3.882300472e-05
4.747480676e-05
5.758149124e-05
6.927893841e-05
8.269660258e-05
9.795476716e-05
0.0001151620668
0.0001344133598
0.0001557880096
0.000179348607
0.0002051401435
0.0002331896242
0.0002635060924
0.0002960810248
0.0003308890508
0.0003678889401
0.0004070248064
0.000448227471
0.0004914159366
0.000536498925
0.0005833764365
0.0006319412956
0.0006820806533
0.0007336774222
0.0007866116252
0.0008407616443
0.0008960053609
0.000952221182
0.00100928895
0.001067090736
0.001125511527
0.001184439795
0.001243767978
0.001303392855
0.001363215844
0.001423143215
0.001483086237
0.00154296126
0.001602689743
0.001662198234
0.001721418312
0.001780286489
0.001838744089
0.001896737102
0.00195421602
0.002011135657
0.002067454961
0.002123136821
0.002178147862
0.002232458247
0.002286041476
0.002338874187
0.00239093596
0.002442209128
0.002492678592
0.002542331642
0.002591157786
0.002639148591
0.002686297519
0.002732599785
0.002778052218
0.002822653125
0.002866402166
0.00290930024
0.002951349371
0.002992552607
0.003032913927
0.003072438146
0.003111130835
0.003148998245
0.003186047229
0.003222285183
0.003257719978
0.003292359906
0.003326213625
0.003359290111
0.003391598609
0.003423148594
0.003453949728
0.003484011818
0.003513344787
0.003541958626
0.003569863367
0.003597069034
0.003623585608
0.003649422976
0.003674590881
0.003699098859
0.003722956163
0.003746171686
0.003768753848
0.003790710481
0.003812048684
0.003832774655
0.003852893501
0.003872409017
0.003891323456
0.003909637267
0.003927348837
0.003944454234
0.003960946968
0.003976817804
0.003992054648
0.00400664253
0.004020563743
0.00403379815
0.004046323717
0.004058117287
0.004069155636
0.00407941679
0.0040888816
0.004097535504
0.004105370408
0.004112386533
0.004118594087
0.004124014558
0.004128681435
0.004132640177
0.004135947294
0.004138668483
0.004140875891
0.004142644659
0.004144049088
0.004145158806
0.004146035398
0.004146729915
0.004147281581
0.004147717817
0.004148055526
0.004148303343
0.00414846444
0.004148539399
0.004148528706
0.004148434563
0.004148261858
0.004148018299
0.004147713892
0.004147361364
0.004146975901
0.004146571177
0.004146159634
0.004145751707
0.004145355703
0.004144977843
0.004144622455
0.004144292237
0.004143988555
0.004143711734
0.004143461332
0.004143236354
0.004143035442
0.004142857009
0.004142699343
0.004142560669
0.004142439183
0.004142333033
0.004142240852
0.004142161435
0.004142093484
0.004142035702
0.004141986844
0.004141945737
0.004141911368
0.004141882889
0.004141859535
0.004141840612
0.004141825494
0.004141813622
0.004141804504
0.00414179771
0.004141792865
0.004141789647
0.00414178778
0.004141787029
0.004141787193
0.004141788105
0.004141789621
0.004141791624
0.004141794014
0.00414179671
0.004141799641
0.004141802753
0.004141805999
0.004141809339
0.004141812743
0.004141816183
0.004141819637
0.004141823088
0.004141826519
0.00414182992
0.00414183328
0.00414183659
0.004141839843
0.004141843036
0.004141846163
0.004141849222
0.004141852211
0.004141855128
0.004141857973
0.004141860743
0.00414186344
0.00414186606
0.004141868602
0.004141871058
0.004141873409
0.004141875612
0.004141877552
0.004141878927
)
;

boundaryField
{
    outlet
    {
        type            inletOutlet;
        inletValue      uniform 0;
        value           nonuniform List<scalar> 10(0.004141879178 0.004141879702 0.004141880435 0.004141881307 0.004141882236 0.004141883135 0.004141883913 0.004141884487 0.004141884792 0.004141878927);
    }
    inlet
    {
        type            fixedValue;
        value           uniform 0;
    }
    front
    {
        type            wedge;
    }
    wall
    {
        type            zeroGradient;
    }
    back
    {
        type            wedge;
    }
}


// ************************************************************************* //
