/*--------------------------------*- C++ -*----------------------------------*\
| =========                 |                                                 |
| \\      /  F ield         | OpenFOAM: The Open Source CFD Toolbox           |
|  \\    /   O peration     | Version:  2212                                  |
|   \\  /    A nd           | Website:  www.openfoam.com                      |
|    \\/     M anipulation  |                                                 |
\*---------------------------------------------------------------------------*/
FoamFile
{
    version     2.0;
    format      ascii;
    arch        "LSB;label=32;scalar=64";
    class       volScalarField;
    location    "19.75000000";
    object      AC3H5;
}
// * * * * * * * * * * * * * * * * * * * * * * * * * * * * * * * * * * * * * //

dimensions      [0 0 0 0 0 0 0];

internalField   nonuniform List<scalar> 
3000
(
4.508469128e-35
5.054747026e-35
5.873198336e-35
6.950126304e-35
8.255183739e-35
9.71397258e-35
1.116083364e-34
1.227761951e-34
1.26227753e-34
1.674352144e-34
1.881239521e-34
2.189097308e-34
2.591016199e-34
3.075310804e-34
3.620229431e-34
4.186011112e-34
4.703204229e-34
5.048581111e-34
3.698368813e-34
4.17979856e-34
4.899888174e-34
5.850636157e-34
7.019970311e-34
8.381386628e-34
9.870242928e-34
1.133724942e-33
1.24042493e-33
6.937295934e-34
7.910045964e-34
9.383909654e-34
1.136969088e-33
1.387967792e-33
1.689759955e-33
2.030777019e-33
2.373834907e-33
2.6209289e-33
1.212770986e-33
1.39827376e-33
1.683768918e-33
2.076425563e-33
2.584224803e-33
3.207655208e-33
3.920306229e-33
4.631210804e-33
5.129470198e-33
2.053651848e-33
2.396567139e-33
2.932310681e-33
3.682070314e-33
4.667709077e-33
5.8911356e-33
7.290499999e-33
8.667439317e-33
9.613451999e-33
3.435135588e-33
4.057242037e-33
5.041527948e-33
6.437303845e-33
8.291757016e-33
1.060442037e-32
1.324037266e-32
1.58051563e-32
1.756203492e-32
5.732094355e-33
6.846007679e-33
8.626104359e-33
1.117468216e-32
1.458345401e-32
1.88415529e-32
2.367500693e-32
2.834013588e-32
3.1537124e-32
9.588219292e-33
1.156408369e-32
1.474569479e-32
1.933200099e-32
2.549223156e-32
3.319052026e-32
4.18998414e-32
5.026328974e-32
5.601061188e-32
1.610871702e-32
1.958924606e-32
2.522588848e-32
3.339122943e-32
4.439014451e-32
5.813727946e-32
7.365567931e-32
8.851649156e-32
9.87696919e-32
2.719412538e-32
3.329432083e-32
4.32164556e-32
5.76428675e-32
7.711770841e-32
1.014664933e-31
1.289225712e-31
1.551870143e-31
1.733926577e-31
4.61167246e-32
5.677038625e-32
7.415778658e-32
9.951280126e-32
1.33805829e-31
1.767118919e-31
2.250885215e-31
2.713736122e-31
3.036136105e-31
7.851993591e-32
9.708307535e-32
1.27463895e-31
1.71880003e-31
2.32069899e-31
3.074704126e-31
3.925549824e-31
4.740588114e-31
5.311089247e-31
1.341556532e-31
1.664613208e-31
2.194650287e-31
2.971491672e-31
4.026587405e-31
5.350905275e-31
6.848073308e-31
8.285418206e-31
9.296339342e-31
2.299212695e-31
2.861373485e-31
3.785990737e-31
5.144911973e-31
6.995968542e-31
9.326373715e-31
1.196934298e-30
1.451557428e-30
1.631464228e-30
3.952159667e-31
4.931575465e-31
6.547017075e-31
8.929609983e-31
1.218848398e-30
1.631059045e-30
2.100983582e-30
2.556163651e-30
2.879073656e-30
6.815278615e-31
8.526844486e-31
1.13602339e-30
1.555984955e-30
2.133975281e-30
2.87048446e-30
3.717134196e-30
4.545008029e-30
5.132408185e-30
1.180002477e-30
1.480858478e-30
1.981527786e-30
2.729131912e-30
3.767957818e-30
5.107000364e-30
6.665852476e-30
8.208598691e-30
9.306974741e-30
2.054806672e-30
2.589109008e-30
3.485364384e-30
4.838991795e-30
6.747860604e-30
9.251752651e-30
1.222121652e-29
1.520578245e-29
1.734705878e-29
3.609771346e-30
4.575095426e-30
6.214177982e-30
8.73288574e-30
1.236352691e-29
1.724740693e-29
2.319109837e-29
2.929802873e-29
3.370221606e-29
6.430430362e-30
8.222838493e-30
1.13218713e-29
1.620468818e-29
2.346088704e-29
3.355179747e-29
4.623621637e-29
5.962327274e-29
6.935565218e-29
1.170985913e-29
1.517714823e-29
2.132539527e-29
3.134079728e-29
4.68037436e-29
6.916056353e-29
9.827677427e-29
1.298969413e-28
1.533382039e-28
2.205221336e-29
2.914816782e-29
4.213893146e-29
6.415353077e-29
9.959858404e-29
1.529080066e-28
2.246847421e-28
3.046215224e-28
3.648658205e-28
4.358028153e-29
5.914290018e-29
8.866124899e-29
1.407624076e-28
2.280533203e-28
3.639407183e-28
5.519052294e-28
7.652812836e-28
9.279977235e-28
9.172569873e-29
1.284839584e-28
2.006133842e-28
3.326123742e-28
5.610927923e-28
9.261910894e-28
1.440927234e-27
2.032663013e-27
2.48711888e-27
2.076415979e-28
3.006285065e-28
4.883005168e-28
8.414675131e-28
1.467226658e-27
2.484695111e-27
3.936055037e-27
5.616121837e-27
6.910357303e-27
5.056209718e-28
7.541838213e-28
1.266203164e-27
2.248208447e-27
4.014020139e-27
6.913982034e-27
1.107459709e-26
1.590253629e-26
1.962059159e-26
1.311506327e-27
2.002445658e-27
3.444555372e-27
6.241974891e-27
1.131204483e-26
1.967454537e-26
3.16877187e-26
4.561204121e-26
5.630109392e-26
3.568327665e-27
5.537112477e-27
9.676625821e-27
1.77513105e-26
3.24270894e-26
5.663530732e-26
9.133505437e-26
1.313916395e-25
1.619604795e-25
1.002465239e-26
1.571196136e-26
2.770715601e-26
5.113709855e-26
9.36805914e-26
1.636350521e-25
2.633980814e-25
3.777907836e-25
4.643420603e-25
2.870299519e-26
4.522700814e-26
8.007943961e-26
1.480355042e-25
2.709507508e-25
4.718740174e-25
7.562282993e-25
1.079277906e-24
1.32093716e-24
8.29576993e-26
1.309721571e-25
2.320146303e-25
4.281967588e-25
7.807992355e-25
1.352407046e-24
2.153256659e-24
3.052457906e-24
3.715582304e-24
2.403830943e-25
3.793362968e-25
6.705434669e-25
1.232370383e-24
2.233555252e-24
3.839476178e-24
6.061685176e-24
8.521623566e-24
1.030482736e-23
6.949800972e-25
1.094173583e-24
1.925946606e-24
3.51747136e-24
6.323569484e-24
1.076743409e-23
1.682724669e-23
2.342546001e-23
2.81139742e-23
1.997623306e-24
3.132947441e-24
5.481301382e-24
9.929503778e-24
1.767382488e-23
2.975731594e-23
4.596188493e-23
6.328179594e-23
7.531669496e-23
5.692716655e-24
8.88145846e-24
1.541946516e-23
2.765760466e-23
4.865692627e-23
8.087886858e-23
1.233002724e-22
1.677375609e-22
1.978809181e-22
1.604732829e-23
2.487258122e-23
4.278352103e-23
7.58598244e-23
1.317013468e-22
2.158324519e-22
3.244297606e-22
4.358205149e-22
5.095417735e-22
4.466217716e-23
6.868327774e-23
1.168742573e-22
2.045418318e-22
3.499556993e-22
5.64817369e-22
8.365674064e-22
1.109531599e-21
1.28599854e-21
1.225349218e-22
1.867291025e-22
3.138800928e-22
5.414488555e-22
9.119128783e-22
1.448457175e-21
2.113520934e-21
2.768697139e-21
3.184096103e-21
3.310258261e-22
4.992498137e-22
8.278832793e-22
1.405989428e-21
2.329133577e-21
3.639924948e-21
5.234688004e-21
6.78144178e-21
7.75211108e-21
8.799459884e-22
1.311920346e-21
2.143573419e-21
3.580769816e-21
5.832343261e-21
8.971387777e-21
1.273454403e-20
1.636001666e-20
1.865994115e-20
2.301556645e-21
3.388532113e-21
5.450070159e-21
8.950477274e-21
1.433858224e-20
2.174450974e-20
3.057838769e-20
3.922305977e-20
4.505570122e-20
5.927632428e-21
8.610893168e-21
1.362561548e-20
2.200498978e-20
3.473556442e-20
5.218203139e-20
7.344150454e-20
9.582182931e-20
1.136567396e-19
1.50588491e-20
2.157604235e-20
3.360069999e-20
5.347764383e-20
8.368146628e-20
1.262758455e-19
1.830017857e-19
2.548595527e-19
3.301421436e-19
3.785045975e-20
5.352539776e-20
8.22551582e-20
1.299735224e-19
2.052221768e-19
3.231004151e-19
5.15733498e-19
8.357129639e-19
1.261518947e-18
9.458585562e-20
1.324495228e-19
2.026174414e-19
3.246386669e-19
5.412666817e-19
9.624214674e-19
1.857425136e-18
3.687592255e-18
6.422123122e-18
2.36852958e-19
3.315778359e-19
5.1676915e-19
8.82098955e-19
1.686925522e-18
3.686794841e-18
8.77489566e-18
2.017200757e-17
3.780642579e-17
6.026061578e-19
8.629402905e-19
1.439217535e-18
2.832277494e-18
6.6605355e-18
1.77670842e-17
4.817621269e-17
1.178822522e-16
2.258886306e-16
1.598214269e-18
2.446868347e-18
4.685352872e-18
1.12300109e-17
3.174881234e-17
9.494731678e-17
2.705417712e-16
6.70748051e-16
1.283445375e-15
4.618186721e-18
8.004699315e-18
1.835997507e-17
5.206239814e-17
1.628896183e-16
5.068368247e-16
1.45115756e-15
3.561903135e-15
6.726151586e-15
1.53685371e-17
3.100486377e-17
8.252482471e-17
2.55929901e-16
8.261071809e-16
2.563729872e-15
7.21053859e-15
1.729794525e-14
3.204688437e-14
6.05794857e-17
1.370402042e-16
3.9242247e-16
1.243146859e-15
3.968828315e-15
1.199921662e-14
3.26874527e-14
7.604607179e-14
1.376003995e-13
2.735927041e-16
6.452365592e-16
1.857620855e-15
5.753887326e-15
1.771086234e-14
5.132368513e-14
1.339922334e-13
2.998953973e-13
5.270998554e-13
1.320580641e-15
3.05491597e-15
8.461984664e-15
2.493943716e-14
7.268454417e-14
1.992842128e-13
4.929869665e-13
1.050561921e-12
1.779044914e-12
6.402938687e-15
1.402591842e-14
3.642509687e-14
1.003260453e-13
2.731118359e-13
6.99403063e-13
1.617529216e-12
3.236562685e-12
5.217352401e-12
2.988348781e-14
6.098110632e-14
1.464999925e-13
3.727992583e-13
9.369607603e-13
2.212119757e-12
4.711186415e-12
8.703882021e-12
1.315437468e-11
1.306608181e-13
2.472975704e-13
5.459928641e-13
1.273203005e-12
2.925063541e-12
6.290328416e-12
1.216242442e-11
2.043470638e-11
2.858872406e-11
5.262005492e-13
9.236130301e-13
1.867760993e-12
3.967019276e-12
8.263373655e-12
1.603573544e-11
2.790486171e-11
4.24215482e-11
5.494090078e-11
1.923487342e-12
3.135275763e-12
5.796730743e-12
1.116379243e-11
2.096627966e-11
3.6569643e-11
5.739505234e-11
7.987946703e-11
9.740180367e-11
6.289352812e-12
9.538077776e-12
1.611482529e-11
2.808410417e-11
4.752210092e-11
7.490608381e-11
1.077403876e-10
1.407107112e-10
1.652835437e-10
1.813527439e-11
2.566272066e-11
3.970836008e-11
6.283065441e-11
9.661229373e-11
1.400690764e-10
1.893642076e-10
2.378169568e-10
2.735086857e-10
4.56470468e-11
6.061077383e-11
8.656492879e-11
1.259140152e-10
1.794174167e-10
2.453295223e-10
3.19037368e-10
3.912357527e-10
4.440468279e-10
1.004097644e-10
1.264056621e-10
1.692329704e-10
2.310923071e-10
3.126584511e-10
4.120196073e-10
5.227708328e-10
6.306759067e-10
7.088994995e-10
1.967374196e-10
2.382296334e-10
3.049188644e-10
3.994977055e-10
5.231075518e-10
6.730036603e-10
8.391231193e-10
9.996952358e-10
1.115029225e-09
3.545609987e-10
4.186713917e-10
5.207815445e-10
6.645875888e-10
8.514714946e-10
1.076657371e-09
1.324397163e-09
1.562002968e-09
1.731239474e-09
6.053840032e-10
7.034478193e-10
8.587861107e-10
1.076248219e-09
1.35698936e-09
1.693004826e-09
2.060219254e-09
2.410087583e-09
2.657519123e-09
9.970360233e-10
1.145697004e-09
1.379974458e-09
1.705995054e-09
2.124397759e-09
2.62230796e-09
3.163565906e-09
3.676634506e-09
4.03743607e-09
1.597901449e-09
1.820759899e-09
2.170448042e-09
2.654699908e-09
3.273158184e-09
4.005923206e-09
4.799461782e-09
5.548994931e-09
6.073857433e-09
2.502897234e-09
2.833178418e-09
3.34960648e-09
4.061997075e-09
4.968519261e-09
6.039332848e-09
7.196157218e-09
8.286408576e-09
9.047580052e-09
3.841358629e-09
4.325118213e-09
5.079470959e-09
6.117056792e-09
7.434027465e-09
8.986698671e-09
1.066186666e-08
1.223873841e-08
1.333738115e-08
5.785398964e-09
6.485429549e-09
7.574768525e-09
9.06994494e-09
1.09644442e-08
1.319550635e-08
1.560111912e-08
1.786424173e-08
1.943862934e-08
8.558590147e-09
9.558809308e-09
1.111278847e-08
1.324232769e-08
1.593734164e-08
1.910894404e-08
2.252765084e-08
2.574261599e-08
2.797621447e-08
1.244399431e-08
1.385397974e-08
1.604167867e-08
1.903571983e-08
2.282096179e-08
2.72728616e-08
3.20698915e-08
3.657864573e-08
3.970665203e-08
1.779045529e-08
1.974955458e-08
2.278548383e-08
2.693508395e-08
3.217553919e-08
3.833383679e-08
4.496491126e-08
5.119178207e-08
5.550438942e-08
2.501585551e-08
2.769608455e-08
3.184410808e-08
3.750558477e-08
4.464549183e-08
5.302540051e-08
6.203764622e-08
7.048839248e-08
7.632908273e-08
3.460603659e-08
3.821286597e-08
4.378665671e-08
5.138086991e-08
6.094089249e-08
7.214107532e-08
8.416452883e-08
9.541641983e-08
1.031740658e-07
4.710834454e-08
5.187853711e-08
5.923735238e-08
6.924243736e-08
8.18084359e-08
9.64954579e-08
1.12224115e-07
1.269065634e-07
1.370012445e-07
6.311932388e-08
6.931527601e-08
7.885436641e-08
9.179128357e-08
1.079943591e-07
1.268775104e-07
1.470409552e-07
1.658084655e-07
1.786747829e-07
8.326689508e-08
9.116743289e-08
1.033032233e-07
1.197147021e-07
1.402038408e-07
1.640027155e-07
1.893320658e-07
2.128370508e-07
2.289065429e-07
1.081882596e-07
1.180764509e-07
1.332275707e-07
1.536522409e-07
1.790623792e-07
2.084710087e-07
2.396669353e-07
2.68533347e-07
2.882317595e-07
1.385056022e-07
1.506547195e-07
1.692208391e-07
1.94164972e-07
2.250847598e-07
2.607393335e-07
2.984352108e-07
3.332231203e-07
3.568756984e-07
1.748023176e-07
1.894612295e-07
2.118033845e-07
2.417194617e-07
2.786629922e-07
3.21109616e-07
3.658333364e-07
4.069325327e-07
4.347801203e-07
2.176039165e-07
2.349891127e-07
2.614127302e-07
2.966749614e-07
3.400641022e-07
3.897156433e-07
4.417830775e-07
4.894365477e-07
5.216212125e-07
2.673717323e-07
2.876536794e-07
3.183977818e-07
3.592987463e-07
4.093984546e-07
4.664449725e-07
5.259949453e-07
5.80284844e-07
6.168414419e-07
3.245057187e-07
3.478152394e-07
3.830372977e-07
4.296832323e-07
4.865544882e-07
5.510066127e-07
6.179929124e-07
6.788351273e-07
7.196886291e-07
3.893126543e-07
4.156661487e-07
4.553616058e-07
5.077163372e-07
5.712611711e-07
6.429493779e-07
7.171415653e-07
7.842882869e-07
8.292563422e-07
4.618389089e-07
4.911833515e-07
5.352489145e-07
5.931409064e-07
6.63101826e-07
7.416811601e-07
8.22672709e-07
8.957218277e-07
9.445217861e-07
5.419848719e-07
5.741984048e-07
6.224300354e-07
6.855573811e-07
7.615248221e-07
8.46486571e-07
9.337097131e-07
1.012119961e-06
1.064379542e-06
6.294974272e-07
6.643919311e-07
7.164892898e-07
7.844287464e-07
8.658544408e-07
9.565437711e-07
1.049289849e-06
1.132400451e-06
1.187671215e-06
7.239663238e-07
7.612926525e-07
8.168678915e-07
8.890882871e-07
9.753034163e-07
1.070941657e-06
1.168385573e-06
1.255439109e-06
1.313211861e-06
8.248267629e-07
8.642822963e-07
9.228721038e-07
9.987512853e-07
1.088988201e-06
1.188698364e-06
1.289925666e-06
1.38009282e-06
1.439814094e-06
9.31369021e-07
9.726069694e-07
1.033686927e-06
1.11253117e-06
1.205947391e-06
1.308781495e-06
1.412816658e-06
1.505221611e-06
1.566310425e-06
1.042754875e-06
1.085394723e-06
1.148395071e-06
1.229459839e-06
1.32516304e-06
1.43012988e-06
1.53596445e-06
1.629709756e-06
1.691573893e-06
1.158039785e-06
1.201678281e-06
1.26600024e-06
1.348511234e-06
1.445584037e-06
1.551676146e-06
1.658295557e-06
1.752485516e-06
1.814536697e-06
1.276199242e-06
1.320421384e-06
1.385453241e-06
1.468626797e-06
1.566150328e-06
1.672369095e-06
1.778777204e-06
1.872538942e-06
1.934206422e-06
1.396157435e-06
1.440546983e-06
1.50567929e-06
1.58874133e-06
1.685816705e-06
1.791194838e-06
1.89643547e-06
1.988937174e-06
2.049679401e-06
1.516816401e-06
1.560965522e-06
1.625604884e-06
1.707807833e-06
1.803574964e-06
1.90719576e-06
2.010370813e-06
2.10083681e-06
2.160150976e-06
1.637084028e-06
1.680601809e-06
1.744182887e-06
1.824820152e-06
1.91847352e-06
2.019486634e-06
2.119770547e-06
2.207493106e-06
2.264922532e-06
1.755899652e-06
1.798419291e-06
1.860414809e-06
1.938832609e-06
2.029633821e-06
2.127267465e-06
2.223918065e-06
2.308265981e-06
2.363405395e-06
1.872256339e-06
1.913440937e-06
1.973369605e-06
2.048976104e-06
2.136263268e-06
2.229832936e-06
2.322198816e-06
2.402622977e-06
2.455121817e-06
1.98521935e-06
2.024766307e-06
2.08219867e-06
2.154470484e-06
2.237664548e-06
2.3265785e-06
2.414103222e-06
2.490139432e-06
2.539703378e-06
2.093940598e-06
2.131584637e-06
2.186146978e-06
2.254633231e-06
2.333241528e-06
2.417003339e-06
2.499226813e-06
2.570496211e-06
2.616887156e-06
2.197669117e-06
2.233184074e-06
2.284560504e-06
2.348884663e-06
2.422501982e-06
2.50071053e-06
2.577267964e-06
2.643475386e-06
2.68651011e-06
2.295757804e-06
2.328957272e-06
2.376890229e-06
2.436749997e-06
2.505057499e-06
2.57740478e-06
2.648023595e-06
2.708954267e-06
2.748502024e-06
2.387666749e-06
2.418403744e-06
2.462693098e-06
2.517858642e-06
2.580620993e-06
2.646888151e-06
2.711383265e-06
2.766898146e-06
2.80287742e-06
2.472963567e-06
2.501129356e-06
2.541630364e-06
2.59194118e-06
2.649002224e-06
2.709054163e-06
2.767322014e-06
2.817352141e-06
2.849726773e-06
2.55132118e-06
2.576843426e-06
2.613463737e-06
2.658824427e-06
2.710101739e-06
2.763880682e-06
2.815892333e-06
2.860432452e-06
2.889207345e-06
2.622513483e-06
2.645353844e-06
2.678049792e-06
2.718425017e-06
2.763903633e-06
2.811421934e-06
2.857215571e-06
2.896317352e-06
2.92153393e-06
2.686409326e-06
2.70656066e-06
2.735333012e-06
2.770741875e-06
2.810467473e-06
2.851799975e-06
2.891473104e-06
2.925238121e-06
2.946969649e-06
2.742965224e-06
2.76044851e-06
2.785337875e-06
2.81584794e-06
2.849919745e-06
2.885195953e-06
2.918897441e-06
2.94747013e-06
2.965817076e-06
2.792217153e-06
2.807078264e-06
2.828160329e-06
2.853881505e-06
2.88244506e-06
2.91184127e-06
2.939763515e-06
2.963324304e-06
2.978409825e-06
2.834271851e-06
2.846578254e-06
2.863958934e-06
2.885037311e-06
2.90827735e-06
2.932008994e-06
2.954380355e-06
2.973139067e-06
2.985104699e-06
2.86929775e-06
2.879135224e-06
2.892945896e-06
2.909557755e-06
2.927691314e-06
2.946005621e-06
2.963083233e-06
2.977272875e-06
2.986274498e-06
2.897515936e-06
2.904985387e-06
2.915378295e-06
2.92772436e-06
2.940994235e-06
2.954163331e-06
2.966226406e-06
2.976097421e-06
2.982301533e-06
2.919191311e-06
2.924405742e-06
2.931549635e-06
2.939849673e-06
2.948518316e-06
2.956832837e-06
2.964176509e-06
2.96999153e-06
2.97357187e-06
2.934624122e-06
2.937705792e-06
2.941781865e-06
2.946269684e-06
2.950613596e-06
2.954376876e-06
2.957306645e-06
2.959335788e-06
2.960470321e-06
2.944141991e-06
2.945219802e-06
2.946417978e-06
2.947336878e-06
2.947641546e-06
2.947164397e-06
2.945991188e-06
2.944507895e-06
2.943376158e-06
2.948092553e-06
2.947299681e-06
2.945815253e-06
2.943413946e-06
2.939969337e-06
2.935565454e-06
2.930601286e-06
2.925878712e-06
2.922659521e-06
2.946836752e-06
2.944308536e-06
2.940339197e-06
2.934868207e-06
2.92796483e-06
2.919946794e-06
2.911501057e-06
2.903808984e-06
2.898678487e-06
2.940742853e-06
2.936614943e-06
2.930358183e-06
2.922066737e-06
2.911992244e-06
2.900668124e-06
2.889044435e-06
2.878646685e-06
2.87177674e-06
2.930181166e-06
2.924587931e-06
2.916238814e-06
2.90537218e-06
2.892408513e-06
2.878079017e-06
2.863572617e-06
2.850724939e-06
2.8422818e-06
2.915519491e-06
2.908592666e-06
2.898341961e-06
2.885139239e-06
2.869560263e-06
2.85251642e-06
2.835412079e-06
2.820360464e-06
2.81050374e-06
2.897119249e-06
2.888986825e-06
2.877019463e-06
2.861711782e-06
2.843781386e-06
2.824302706e-06
2.804873087e-06
2.787852471e-06
2.776734339e-06
2.875332271e-06
2.866117592e-06
2.852611444e-06
2.835420538e-06
2.815391156e-06
2.793744223e-06
2.77224866e-06
2.753481978e-06
2.741246615e-06
2.850498196e-06
2.840319262e-06
2.825444184e-06
2.806581314e-06
2.784692825e-06
2.761130281e-06
2.73781392e-06
2.717511467e-06
2.70429468e-06
2.822942434e-06
2.811911375e-06
2.795828516e-06
2.77549369e-06
2.751972653e-06
2.72673252e-06
2.701825785e-06
2.680184837e-06
2.666113861e-06
2.792974626e-06
2.78119734e-06
2.764058665e-06
2.742440129e-06
2.717499313e-06
2.690804616e-06
2.664522942e-06
2.641727615e-06
2.626921046e-06
2.760887558e-06
2.748463485e-06
2.730411496e-06
2.70768546e-06
2.681523622e-06
2.653582254e-06
2.626126061e-06
2.602347348e-06
2.586915209e-06
2.72695647e-06
2.713978483e-06
2.695146102e-06
2.671476659e-06
2.644278537e-06
2.615283349e-06
2.586838203e-06
2.562234178e-06
2.54627807e-06
2.691438696e-06
2.677993096e-06
2.658503692e-06
2.634042904e-06
2.60597939e-06
2.576108442e-06
2.546845379e-06
2.521561522e-06
2.50517486e-06
2.654573604e-06
2.640740193e-06
2.620707721e-06
2.595595844e-06
2.566824293e-06
2.536241258e-06
2.506317228e-06
2.480486855e-06
2.463755165e-06
2.616582759e-06
2.602434991e-06
2.581964228e-06
2.556330041e-06
2.526994703e-06
2.49584937e-06
2.465407786e-06
2.439152551e-06
2.422153811e-06
2.577670299e-06
2.563275476e-06
2.542462328e-06
2.516423552e-06
2.48665609e-06
2.455084958e-06
2.424256309e-06
2.397686765e-06
2.380491779e-06
2.538023455e-06
2.523442972e-06
2.502374839e-06
2.476038619e-06
2.44595869e-06
2.414085621e-06
2.38298814e-06
2.356204337e-06
2.338877133e-06
2.4978132e-06
2.483102814e-06
2.461859e-06
2.435322433e-06
2.405038318e-06
2.372975227e-06
2.341715594e-06
2.314807696e-06
2.297405935e-06
2.457194983e-06
2.442405111e-06
2.421057256e-06
2.39440795e-06
2.364017211e-06
2.331864785e-06
2.30053884e-06
2.273587758e-06
2.256163147e-06
2.41630953e-06
2.401485557e-06
2.380098091e-06
2.353414744e-06
2.323004893e-06
2.290853316e-06
2.259546781e-06
2.232624804e-06
2.215223507e-06
2.375283688e-06
2.360466281e-06
2.339096886e-06
2.312449863e-06
2.28209904e-06
2.250028716e-06
2.21881791e-06
2.191989323e-06
2.174652365e-06
2.334231283e-06
2.319456711e-06
2.298156781e-06
2.271608701e-06
2.24138634e-06
2.209468606e-06
2.178421143e-06
2.15174283e-06
2.134506492e-06
2.293253988e-06
2.278554436e-06
2.257369532e-06
2.230975834e-06
2.200943318e-06
2.169241136e-06
2.138416604e-06
2.111938637e-06
2.094834832e-06
2.252442187e-06
2.23784606e-06
2.216816352e-06
2.190625854e-06
2.160837144e-06
2.129405772e-06
2.098856384e-06
2.072622584e-06
2.055679221e-06
2.211875813e-06
2.197408037e-06
2.176568739e-06
2.150624165e-06
2.12112641e-06
2.090014044e-06
2.059785259e-06
2.033833727e-06
2.017075054e-06
2.171625173e-06
2.157307481e-06
2.136689255e-06
2.111027753e-06
2.08186187e-06
2.051110248e-06
2.021241363e-06
1.995604982e-06
1.979051912e-06
2.131751722e-06
2.117602929e-06
2.097232283e-06
2.07188591e-06
2.043087129e-06
2.012732111e-06
1.983256813e-06
1.957963726e-06
1.941634141e-06
2.092308804e-06
2.078345067e-06
2.058244732e-06
2.033240912e-06
2.004839302e-06
1.974911408e-06
1.945858297e-06
1.92093235e-06
1.904841385e-06
2.053342326e-06
2.039577413e-06
2.019766701e-06
1.995128669e-06
1.96714962e-06
1.937674543e-06
1.909067619e-06
1.884528774e-06
1.868689084e-06
2.014891402e-06
2.001336947e-06
1.981832102e-06
1.957579317e-06
1.930044005e-06
1.901043078e-06
1.872902198e-06
1.848766919e-06
1.833188926e-06
1.976989022e-06
1.963654745e-06
1.94446926e-06
1.920617788e-06
1.893543596e-06
1.86503424e-06
1.837375531e-06
1.813657139e-06
1.798349259e-06
1.93966278e-06
1.926556618e-06
1.907701493e-06
1.884264347e-06
1.857665254e-06
1.829661372e-06
1.802497622e-06
1.779206624e-06
1.764175475e-06
1.902935487e-06
1.890063702e-06
1.87154767e-06
1.848535101e-06
1.822422019e-06
1.794934366e-06
1.768275375e-06
1.745419759e-06
1.730670354e-06
1.866825702e-06
1.854193062e-06
1.836022697e-06
1.813442441e-06
1.787823535e-06
1.760860048e-06
1.734712946e-06
1.712298455e-06
1.697834375e-06
1.831347929e-06
1.818957825e-06
1.80113789e-06
1.778995444e-06
1.75387642e-06
1.727442522e-06
1.701812063e-06
1.679842447e-06
1.665666003e-06
1.796513095e-06
1.784367775e-06
1.766901302e-06
1.745200219e-06
1.720584605e-06
1.694683493e-06
1.669572327e-06
1.648049569e-06
1.634161948e-06
1.762328945e-06
1.750429669e-06
1.733318308e-06
1.712060301e-06
1.687949671e-06
1.662582558e-06
1.637991471e-06
1.616915994e-06
1.603317389e-06
1.728800377e-06
1.717147504e-06
1.700391581e-06
1.679576869e-06
1.655971094e-06
1.631137456e-06
1.6070656e-06
1.586436456e-06
1.573126189e-06
1.695929765e-06
1.68452288e-06
1.66812164e-06
1.647749053e-06
1.624646512e-06
1.600344306e-06
1.576789401e-06
1.556604444e-06
1.543581076e-06
1.663717269e-06
1.652555271e-06
1.636506988e-06
1.616574168e-06
1.593971949e-06
1.570197815e-06
1.547156339e-06
1.527412385e-06
1.514673814e-06
1.63216111e-06
1.621242314e-06
1.60554444e-06
1.586048033e-06
1.563942075e-06
1.540691495e-06
1.518158844e-06
1.498851803e-06
1.486395351e-06
1.60125782e-06
1.590580022e-06
1.575229277e-06
1.556165028e-06
1.534550329e-06
1.511817807e-06
1.489788451e-06
1.47091346e-06
1.458735958e-06
1.571002463e-06
1.560563019e-06
1.545555499e-06
1.526918404e-06
1.505789135e-06
1.483568334e-06
1.462035953e-06
1.443587487e-06
1.431685345e-06
1.54138885e-06
1.531184744e-06
1.516516026e-06
1.498300453e-06
1.477650065e-06
1.455933925e-06
1.434891525e-06
1.416863498e-06
1.40523277e-06
1.512409713e-06
1.502437614e-06
1.488102835e-06
1.470302644e-06
1.450123964e-06
1.428904814e-06
1.408344835e-06
1.39073069e-06
1.37936713e-06
1.484056861e-06
1.47431317e-06
1.460307082e-06
1.442915626e-06
1.423201046e-06
1.402470726e-06
1.382385142e-06
1.365177935e-06
1.354077051e-06
1.456321329e-06
1.446802227e-06
1.433119277e-06
1.416129563e-06
1.396871043e-06
1.376620981e-06
1.357001385e-06
1.340193855e-06
1.329350953e-06
1.429193504e-06
1.419894992e-06
1.406529377e-06
1.389934114e-06
1.371123287e-06
1.35134458e-06
1.332182262e-06
1.315766895e-06
1.305177124e-06
1.402663238e-06
1.393581173e-06
1.380526892e-06
1.364318553e-06
1.345946793e-06
1.326630285e-06
1.307916296e-06
1.291885387e-06
1.281543769e-06
1.376719952e-06
1.36785008e-06
1.355100977e-06
1.339271852e-06
1.321330341e-06
1.302466683e-06
1.284191902e-06
1.268537599e-06
1.258439068e-06
1.351352726e-06
1.34269071e-06
1.330240516e-06
1.314782766e-06
1.297262545e-06
1.278842253e-06
1.260997436e-06
1.245711788e-06
1.235851215e-06
1.326550381e-06
1.318091828e-06
1.305934196e-06
1.29083989e-06
1.273731913e-06
1.255745416e-06
1.238321243e-06
1.223396242e-06
1.213768459e-06
1.302301549e-06
1.29404203e-06
1.282170567e-06
1.267431727e-06
1.250726898e-06
1.233164584e-06
1.216151702e-06
1.201579314e-06
1.192179139e-06
1.278594733e-06
1.270529803e-06
1.258938099e-06
1.244546731e-06
1.228235944e-06
1.211088198e-06
1.194477257e-06
1.180249455e-06
1.17107171e-06
1.255418359e-06
1.247543578e-06
1.23622523e-06
1.222173353e-06
1.206247527e-06
1.189504765e-06
1.173286451e-06
1.159395241e-06
1.150434772e-06
1.232760823e-06
1.225071767e-06
1.214020402e-06
1.200300078e-06
1.184750184e-06
1.168402885e-06
1.152567951e-06
1.139005397e-06
1.130257087e-06
1.210610524e-06
1.203102802e-06
1.192312094e-06
1.178915451e-06
1.163732541e-06
1.147771273e-06
1.132310563e-06
1.119068815e-06
1.110527601e-06
1.188955887e-06
1.181625151e-06
1.171088843e-06
1.158008096e-06
1.143183327e-06
1.127598777e-06
1.112503253e-06
1.099574563e-06
1.09123545e-06
1.167785378e-06
1.160627338e-06
1.150339254e-06
1.137566725e-06
1.123091381e-06
1.107874375e-06
1.093135143e-06
1.080511889e-06
1.072369967e-06
1.147087502e-06
1.14009793e-06
1.130051992e-06
1.117580128e-06
1.103445645e-06
1.088587174e-06
1.074195505e-06
1.061870214e-06
1.053920668e-06
1.126850778e-06
1.120025522e-06
1.110215761e-06
1.098037151e-06
1.08423513e-06
1.069726372e-06
1.055673728e-06
1.043639099e-06
1.035877229e-06
1.107063695e-06
1.100398681e-06
1.090819246e-06
1.078926634e-06
1.065448865e-06
1.051281205e-06
1.037559262e-06
1.025808188e-06
1.018229428e-06
1.087714623e-06
1.081205862e-06
1.071851027e-06
1.060237322e-06
1.047075792e-06
1.03324084e-06
1.019841513e-06
1.008367105e-06
1.000967041e-06
1.068791688e-06
1.062435273e-06
1.05329944e-06
1.041957717e-06
1.029104619e-06
1.015594223e-06
1.002509678e-06
9.913052888e-07
9.840796764e-07
1.050282575e-06
1.044074678e-06
1.035152366e-06
1.02407586e-06
1.011523587e-06
9.983298345e-07
9.855525002e-07
9.746117407e-07
9.675565244e-07
1.032174265e-06
1.026111119e-06
1.017396942e-06
1.006579022e-06
9.943201492e-07
9.814353474e-07
9.689579097e-07
9.582746501e-07
9.51385973e-07
1.014452667e-06
1.008530536e-06
1.000019164e-06
9.894532781e-07
9.774805165e-07
9.648971509e-07
9.52712516e-07
9.422808693e-07
9.355550711e-07
9.971021336e-07
9.913172706e-07
9.830033647e-07
9.726829811e-07
9.609890678e-07
9.486997087e-07
9.368009271e-07
9.266151952e-07
9.200487885e-07
9.801048442e-07
9.744534162e-07
9.663315284e-07
9.562499985e-07
9.448275611e-07
9.328247187e-07
9.212048511e-07
9.112594211e-07
9.04849034e-07
9.634400234e-07
9.579180097e-07
9.499824275e-07
9.40132788e-07
9.28974146e-07
9.172500514e-07
9.059019575e-07
8.961911265e-07
8.899333994e-07
9.470829987e-07
9.416860496e-07
9.339305893e-07
9.243053017e-07
9.134021667e-07
9.019484521e-07
8.908644767e-07
8.813821855e-07
8.752736041e-07
9.310040824e-07
9.257273364e-07
9.181450778e-07
9.08735692e-07
8.980787499e-07
8.868860034e-07
8.760575375e-07
8.667969897e-07
8.608336408e-07
9.151672782e-07
9.100051271e-07
9.025880669e-07
8.933847788e-07
8.829631634e-07
8.720203548e-07
8.614372579e-07
8.523904088e-07
8.465676434e-07
8.995288368e-07
8.944746339e-07
8.872132531e-07
8.782043471e-07
8.680050033e-07
8.572987724e-07
8.469486437e-07
8.381055458e-07
8.324175411e-07
8.840357012e-07
8.790814185e-07
8.719641723e-07
8.631353904e-07
8.531422967e-07
8.426560898e-07
8.325233837e-07
8.238713856e-07
8.183106015e-07
8.686238994e-07
8.637597406e-07
8.567725029e-07
8.48106292e-07
8.382995776e-07
8.280126607e-07
8.180776659e-07
8.096004779e-07
8.041570153e-07
8.53216973e-07
8.484309517e-07
8.415563939e-07
8.330311167e-07
8.233861006e-07
8.132724771e-07
8.035101904e-07
7.95186847e-07
7.898477286e-07
8.377245585e-07
8.330020622e-07
8.262190759e-07
8.178081804e-07
8.082943663e-07
7.983216488e-07
7.887006e-07
7.805043712e-07
7.752527791e-07
8.220413275e-07
8.173648334e-07
8.106478649e-07
8.023190622e-07
7.92899158e-07
7.830274736e-07
7.735085861e-07
7.654059167e-07
7.602204431e-07
8.060466883e-07
8.013952722e-07
7.947137437e-07
7.864282652e-07
7.770573217e-07
7.67238361e-07
7.577739637e-07
7.497235491e-07
7.44577534e-07
7.896048143e-07
7.849538295e-07
7.782716825e-07
7.699837428e-07
7.606085416e-07
7.507848929e-07
7.413180311e-07
7.332701659e-07
7.281312192e-07
7.725655241e-07
7.678864466e-07
7.611619532e-07
7.528185425e-07
7.433773851e-07
7.334823185e-07
7.239465348e-07
7.158428962e-07
7.10672716e-07
7.547662702e-07
7.500267992e-07
7.432127255e-07
7.347538453e-07
7.251768698e-07
7.151347427e-07
7.054545288e-07
6.972285753e-07
6.919831907e-07
7.360354582e-07
7.311999015e-07
7.242441058e-07
7.156035904e-07
7.058138127e-07
6.955412796e-07
6.856333583e-07
6.772115253e-07
6.718420959e-07
7.161972456e-07
7.112272559e-07
7.040738148e-07
6.951808503e-07
6.850960543e-07
6.745042595e-07
6.642799152e-07
6.555837638e-07
6.500380476e-07
6.950779142e-07
6.899336309e-07
6.825245778e-07
6.733060262e-07
6.628416338e-07
6.518395141e-07
6.412080884e-07
6.321575488e-07
6.263821301e-07
6.725138332e-07
6.671554715e-07
6.594332008e-07
6.498167951e-07
6.388897851e-07
6.27388554e-07
6.162621735e-07
6.067799284e-07
6.007232431e-07
6.48360916e-07
6.427508123e-07
6.346611613e-07
6.245795745e-07
6.131134396e-07
6.010322223e-07
5.893317107e-07
5.793486624e-07
5.729647761e-07
6.225053199e-07
6.166104052e-07
6.08106358e-07
5.975020606e-07
5.854326777e-07
5.72705134e-07
5.603669122e-07
5.498285324e-07
5.430815197e-07
5.948749535e-07
5.886695698e-07
5.797154492e-07
5.685461581e-07
5.558283101e-07
5.424099134e-07
5.293935097e-07
5.182666951e-07
5.111353475e-07
5.654511462e-07
5.589200605e-07
5.49495976e-07
5.377403712e-07
5.243544953e-07
5.102299549e-07
4.965255495e-07
4.848054208e-07
4.772878717e-07
5.342796212e-07
5.274210228e-07
5.175272405e-07
5.051904901e-07
4.911490684e-07
4.763391976e-07
4.619744375e-07
4.496903428e-07
4.418080829e-07
5.014797146e-07
4.943079161e-07
4.839687217e-07
4.710872352e-07
4.564401038e-07
4.410072889e-07
4.260524635e-07
4.132723266e-07
4.050729981e-07
4.672506445e-07
4.597981542e-07
4.4906471e-07
4.357094574e-07
4.20547226e-07
4.045985792e-07
3.891691968e-07
3.760013207e-07
3.675596735e-07
4.318735902e-07
4.241922054e-07
4.131438759e-07
3.994215991e-07
3.838763835e-07
3.675637077e-07
3.518195963e-07
3.384111461e-07
3.298276362e-07
3.95708457e-07
3.878690449e-07
3.766127163e-07
3.626644416e-07
3.469072531e-07
3.30423149e-07
3.145634612e-07
3.010951231e-07
2.924918452e-07
3.591845024e-07
3.512752186e-07
3.399422706e-07
3.259387396e-07
3.101731573e-07
2.937429694e-07
2.779969087e-07
2.646736749e-07
2.561876625e-07
3.22784524e-07
3.149073579e-07
3.036481711e-07
2.897821259e-07
2.742343093e-07
2.581041379e-07
2.427178111e-07
2.297564071e-07
2.215307392e-07
2.87023013e-07
2.792887482e-07
2.682649432e-07
2.547406284e-07
2.396462509e-07
2.240678615e-07
2.09288304e-07
1.969023754e-07
1.890759502e-07
2.524195352e-07
2.449414446e-07
2.343163906e-07
2.213370793e-07
2.069262989e-07
1.921403448e-07
1.781983516e-07
1.665830341e-07
1.592801952e-07
2.194694292e-07
2.123562499e-07
2.022847075e-07
1.900394597e-07
1.765214797e-07
1.627408854e-07
1.498346482e-07
1.391524145e-07
1.324737591e-07
1.886145842e-07
1.819634884e-07
1.725814806e-07
1.61232591e-07
1.487815858e-07
1.361770861e-07
1.244586834e-07
1.148282994e-07
1.088438923e-07
1.602173789e-07
1.541077325e-07
1.455238057e-07
1.351964207e-07
1.239405314e-07
1.126301603e-07
1.021966071e-07
9.368660843e-08
8.843247374e-08
1.345407108e-07
1.290293511e-07
1.213182646e-07
1.120934106e-07
1.021081312e-07
9.215191337e-08
8.304180895e-08
7.566921128e-08
7.114744444e-08
1.117363816e-07
1.068549597e-07
1.000545226e-07
9.196632309e-08
8.327297419e-08
7.467330451e-08
6.686927126e-08
6.06034236e-08
5.678570447e-08
9.184301967e-08
8.759766607e-08
8.170900061e-08
7.474626017e-08
6.731551695e-08
6.002291197e-08
5.345923571e-08
4.823009902e-08
4.506405159e-08
7.479342732e-08
7.116667189e-08
6.615770036e-08
6.026943886e-08
5.402922784e-08
4.79525301e-08
4.252702677e-08
3.823720874e-08
3.565582147e-08
6.043000927e-08
5.73845932e-08
5.319614178e-08
4.830019748e-08
4.31468512e-08
3.816677612e-08
3.375625997e-08
3.029754339e-08
2.823943434e-08
4.852606639e-08
4.601009703e-08
4.256378111e-08
3.855740154e-08
3.436878766e-08
3.035398836e-08
2.683412971e-08
2.410308012e-08
2.247753815e-08
3.881056737e-08
3.676347941e-08
3.397065321e-08
3.074247581e-08
2.739136068e-08
2.421659458e-08
2.144170173e-08
1.928441e-08
1.799805382e-08
3.099520895e-08
2.935433606e-08
2.712584583e-08
2.457416605e-08
2.193479266e-08
1.942676177e-08
1.723455856e-08
1.552845436e-08
1.450750102e-08
2.480789055e-08
2.351693826e-08
2.176389212e-08
1.974901713e-08
1.766442366e-08
1.568218512e-08
1.394843512e-08
1.25954993e-08
1.178130878e-08
1.996393233e-08
1.894457128e-08
1.756017257e-08
1.596735648e-08
1.431897876e-08
1.27498605e-08
1.13741485e-08
1.029576764e-08
9.64176563e-09
1.616171769e-08
1.535575725e-08
1.426072015e-08
1.29996766e-08
1.169248523e-08
1.044503764e-08
9.346918556e-09
8.480683763e-09
7.950291312e-09
1.317412771e-08
1.253509621e-08
1.166594253e-08
1.06632397e-08
9.620974657e-09
8.62241761e-09
7.738482549e-09
7.035745124e-09
6.600768946e-09
1.081948279e-08
1.031022199e-08
9.616327085e-09
8.813609283e-09
7.975995851e-09
7.169379393e-09
6.450562642e-09
5.87410621e-09
5.513200975e-09
8.95400258e-09
8.545080622e-09
7.986549446e-09
7.338143292e-09
6.658388042e-09
5.999941767e-09
5.408923462e-09
4.930713033e-09
4.627923062e-09
7.465113177e-09
7.13360739e-09
6.679533869e-09
6.150302126e-09
5.592690615e-09
5.049288858e-09
4.558047921e-09
4.157165319e-09
3.900627127e-09
6.265970284e-09
5.994333683e-09
5.621166886e-09
5.184485253e-09
4.722118074e-09
4.268949865e-09
3.856584648e-09
3.517450912e-09
3.298311493e-09
5.290519577e-09
5.065508335e-09
4.755527007e-09
4.391430352e-09
4.004196384e-09
3.622742177e-09
3.273639655e-09
2.984570038e-09
2.796133502e-09
4.489053021e-09
4.30075595e-09
4.040711731e-09
3.73428159e-09
3.40713989e-09
3.083504637e-09
2.785875217e-09
2.53795408e-09
2.375032396e-09
3.824363078e-09
3.665370574e-09
3.445344019e-09
3.185375161e-09
2.906963875e-09
2.63055421e-09
2.375286496e-09
2.161492689e-09
2.019896656e-09
3.268565723e-09
3.133293241e-09
2.945773369e-09
2.72371445e-09
2.485254909e-09
2.24773048e-09
2.027445383e-09
1.841848495e-09
1.717821104e-09
2.800590075e-09
2.684750592e-09
2.523921538e-09
2.333054658e-09
2.127484578e-09
1.921857115e-09
1.729892738e-09
1.566318374e-09
1.454790913e-09
2.404270514e-09
2.304477868e-09
2.165682831e-09
2.000498344e-09
1.821766765e-09
1.641500989e-09
1.470341218e-09
1.31849178e-09
1.201388762e-09
2.066935121e-09
1.980411953e-09
1.859756458e-09
1.715480199e-09
1.557977797e-09
1.396163523e-09
1.235851069e-09
1.077566784e-09
9.603044698e-10
1.778350208e-09
1.702694569e-09
1.596705558e-09
1.46883335e-09
1.326678497e-09
1.174567694e-09
1.009365328e-09
8.610992722e-10
7.61947735e-10
1.529826145e-09
1.462736697e-09
1.367845119e-09
1.251231745e-09
1.116676316e-09
9.591382199e-10
8.093520995e-10
6.867422286e-10
6.066433729e-10
1.313095663e-09
1.251819395e-09
1.162837314e-09
1.048336241e-09
9.090641598e-10
7.708729799e-10
6.488331919e-10
5.511856878e-10
4.865404923e-10
1.117625922e-09
1.057980696e-09
9.626851742e-10
8.496846536e-10
7.313759842e-10
6.203304562e-10
5.240991427e-10
4.463870196e-10
3.933200848e-10
9.188504438e-10
8.59300362e-10
7.771694076e-10
6.84132398e-10
5.903193954e-10
5.034318916e-10
4.275788927e-10
3.647219243e-10
3.205937638e-10
7.406090346e-10
6.918148825e-10
6.266799297e-10
5.539144333e-10
4.809710905e-10
4.128881731e-10
3.520857665e-10
3.002653442e-10
2.629511937e-10
5.978366489e-10
5.598694903e-10
5.095008964e-10
4.531807344e-10
3.961991289e-10
3.41897359e-10
2.920571917e-10
2.483293863e-10
2.166495837e-10
4.871629656e-10
4.579106991e-10
4.189616803e-10
3.749594461e-10
3.295731964e-10
2.851999815e-10
2.431622673e-10
2.058657226e-10
1.792337033e-10
4.016989323e-10
3.789704205e-10
3.484069673e-10
3.132677534e-10
2.761789031e-10
2.38702742e-10
2.026428572e-10
1.710012967e-10
1.490265831e-10
3.350477986e-10
3.170313987e-10
2.924890313e-10
2.636122042e-10
2.321507662e-10
1.998166384e-10
1.689098333e-10
1.425101362e-10
1.247685953e-10
2.822260196e-10
2.675441105e-10
2.470804213e-10
2.223944817e-10
1.950784074e-10
1.67112137e-10
1.410030526e-10
1.194447984e-10
1.05403873e-10
2.393075332e-10
2.267884274e-10
2.090704916e-10
1.874762204e-10
1.636694801e-10
1.397904675e-10
1.18194454e-10
1.00944709e-10
8.998951095e-11
2.033075507e-10
1.922969684e-10
1.766670126e-10
1.577309867e-10
1.372406968e-10
1.172730683e-10
9.978207637e-11
8.618228291e-11
7.767891949e-11
1.724855634e-10
1.627118166e-10
1.489571339e-10
1.325834838e-10
1.153181888e-10
9.898084696e-11
8.504018244e-11
7.437973539e-11
6.773165215e-11
1.45958055e-10
1.373756058e-10
1.254836443e-10
1.116394753e-10
9.741510213e-11
8.427754553e-11
7.324984538e-11
6.484143489e-11
5.952233026e-11
1.23318402e-10
1.159508708e-10
1.059156359e-10
9.447791585e-11
8.297000467e-11
7.250235463e-11
6.374654097e-11
5.697550763e-11
5.254285306e-11
1.04310818e-10
9.81456111e-11
8.987180593e-11
8.059361751e-11
7.137737379e-11
6.302460778e-11
5.595369186e-11
5.030182773e-11
4.640332216e-11
8.863489799e-11
8.358648398e-11
7.68805404e-11
6.942789781e-11
6.204407495e-11
5.528519095e-11
4.939735809e-11
4.445346792e-11
4.083572727e-11
7.588827352e-11
7.18102489e-11
6.641684714e-11
6.042498611e-11
5.44346733e-11
4.88169563e-11
4.370922892e-11
3.917688061e-11
3.569483616e-11
6.559652249e-11
6.231232812e-11
5.795885479e-11
5.307812162e-11
4.809567911e-11
4.325036801e-11
3.862534983e-11
3.432846031e-11
3.094345978e-11
5.727089744e-11
5.460223846e-11
5.103194809e-11
4.695509765e-11
4.266369437e-11
3.831276768e-11
3.398217645e-11
2.985967416e-11
2.661545028e-11
5.045691541e-11
4.824210097e-11
4.523262329e-11
4.170763107e-11
3.786583301e-11
3.382508421e-11
2.97055051e-11
2.578577058e-11
2.276383452e-11
4.47624523e-11
4.286554559e-11
4.023719347e-11
3.707267107e-11
3.351730302e-11
2.969392958e-11
2.578785192e-11
2.214567009e-11
1.942239782e-11
3.986921594e-11
3.818390383e-11
3.58032e-11
3.287067238e-11
2.951537545e-11
2.589464557e-11
2.225638795e-11
1.896769662e-11
1.658693461e-11
3.553560434e-11
3.398687502e-11
3.176784022e-11
2.90003394e-11
2.582552909e-11
2.244428657e-11
1.913946473e-11
1.625134363e-11
1.421956183e-11
3.159610009e-11
3.014035598e-11
2.804248474e-11
2.542608804e-11
2.245805413e-11
1.937073316e-11
1.644632277e-11
1.396745558e-11
1.226197338e-11
2.795714409e-11
2.657934165e-11
2.459972914e-11
2.215648483e-11
1.943957991e-11
1.669010017e-11
1.416026331e-11
1.206693376e-11
1.064796573e-11
2.458619364e-11
2.329265165e-11
2.145189179e-11
1.921738087e-11
1.678945873e-11
1.439532137e-11
1.224291773e-11
1.048819722e-11
9.299256734e-12
2.14923563e-11
2.030007719e-11
1.862497906e-11
1.662890246e-11
1.450688817e-11
1.245767152e-11
1.064028893e-11
9.142777602e-12
7.971567883e-12
1.870132091e-11
1.762698572e-11
1.613758891e-11
1.439267763e-11
1.257032302e-11
1.083474172e-11
9.296192804e-12
7.956003948e-12
6.82855038e-12
1.623393428e-11
1.528718719e-11
1.39897167e-11
1.249018713e-11
1.094303864e-11
9.476436156e-12
8.147177534e-12
6.828612216e-12
5.874484241e-12
1.409398239e-11
1.327487337e-11
1.216219771e-11
1.088790416e-11
9.579229793e-12
8.320252187e-12
7.054093997e-12
5.880349294e-12
5.093207228e-12
1.226632888e-11
1.156697485e-11
1.062228569e-11
9.544468768e-12
8.430137775e-12
7.298490549e-12
6.083214681e-12
5.09602274e-12
4.452224928e-12
1.072181249e-11
1.012922563e-11
9.330129883e-12
8.414279647e-12
7.437034149e-12
6.302329106e-12
5.26328431e-12
4.449423202e-12
3.922762878e-12
9.423823543e-12
8.92221651e-12
8.241537864e-12
7.436515877e-12
6.455727859e-12
5.449581439e-12
4.584654792e-12
3.914764796e-12
3.481749898e-12
8.333204686e-12
7.903624422e-12
7.300846756e-12
6.494427209e-12
5.586714341e-12
4.73902739e-12
4.02330654e-12
3.469529424e-12
3.111100324e-12
7.40507143e-12
7.016194805e-12
6.386279463e-12
5.626704577e-12
4.854815261e-12
4.150274628e-12
3.556462537e-12
3.095656989e-12
2.796788725e-12
6.530087254e-12
6.109826052e-12
5.536250206e-12
4.890163212e-12
4.246915308e-12
3.66094636e-12
3.165291482e-12
2.77903391e-12
2.527988167e-12
5.663958287e-12
5.300082021e-12
4.816331661e-12
4.277619968e-12
3.741658104e-12
3.251566028e-12
2.8348666e-12
2.508675748e-12
2.296284222e-12
4.925378922e-12
4.621205056e-12
4.217928229e-12
3.768289326e-12
3.319215154e-12
2.906411994e-12
2.553498812e-12
2.276022845e-12
2.095089269e-12
4.311201921e-12
4.05726409e-12
3.719854066e-12
3.342280866e-12
2.963356449e-12
2.613117853e-12
2.312052877e-12
2.074362327e-12
1.919206806e-12
3.800062568e-12
3.58680156e-12
3.302610465e-12
2.983303059e-12
2.661267866e-12
2.361982715e-12
2.103358922e-12
1.898389724e-12
1.764503397e-12
3.371878943e-12
3.191517542e-12
2.950452177e-12
2.678505637e-12
2.402898576e-12
2.145393299e-12
1.92175357e-12
1.743882368e-12
1.627660124e-12
3.010504503e-12
2.856904075e-12
2.65100531e-12
2.417810829e-12
2.180343509e-12
1.957333402e-12
1.762728187e-12
1.607450745e-12
1.5059912e-12
2.703275227e-12
2.571590306e-12
2.394560298e-12
2.193275568e-12
1.987353214e-12
1.793016525e-12
1.622670368e-12
1.486353114e-12
1.397306684e-12
2.44025461e-12
2.326630712e-12
2.173445679e-12
1.998612219e-12
1.818952514e-12
1.648605832e-12
1.498662484e-12
1.37835634e-12
1.299809017e-12
2.213583582e-12
2.114936638e-12
1.981575705e-12
1.828809879e-12
1.671155288e-12
1.521011001e-12
1.38833467e-12
1.28163157e-12
1.212015279e-12
2.017016533e-12
1.930867584e-12
1.814091006e-12
1.67985077e-12
1.540750302e-12
1.407725933e-12
1.289752835e-12
1.194675821e-12
1.132699254e-12
1.845565378e-12
1.769909196e-12
1.667091231e-12
1.548498452e-12
1.425141267e-12
1.30671394e-12
1.201337138e-12
1.116255348e-12
1.060850375e-12
1.695231515e-12
1.62843748e-12
1.537439284e-12
1.432146714e-12
1.322229761e-12
1.216324932e-12
1.121805448e-12
1.045368375e-12
9.956484884e-13
1.562815089e-12
1.503551911e-12
1.422626414e-12
1.328708783e-12
1.230337439e-12
1.135243046e-12
1.050141259e-12
9.812280036e-13
9.364561269e-13
1.445797803e-12
1.392975269e-12
1.320686861e-12
1.236558965e-12
1.148169647e-12
1.062469207e-12
9.855913101e-13
9.232708145e-13
8.828338315e-13
1.342301022e-12
1.295019864e-12
1.230183373e-12
1.154534796e-12
1.07483296e-12
9.973517496e-13
9.277060639e-13
8.712036498e-13
8.345901098e-13
1.251174938e-12
1.208684635e-12
1.150310499e-12
1.082045846e-12
1.00994856e-12
9.397023796e-13
8.764552472e-13
8.251151494e-13
7.918874601e-13
1.172362141e-12
1.134006767e-12
1.081230986e-12
1.019395212e-12
9.539549282e-13
8.900756862e-13
8.324800753e-13
7.856987079e-13
7.554399551e-13
1.107959082e-12
1.073070256e-12
1.025006234e-12
9.686079031e-13
9.088284486e-13
8.503866408e-13
7.976182256e-13
7.546932699e-13
7.268770583e-13
1.065144869e-12
1.032717512e-12
9.880103071e-13
9.355028732e-13
8.797933044e-13
8.252724322e-13
7.75969487e-13
7.357354715e-13
7.09459247e-13
4.255659646e-35
1.577825382e-34
3.473931706e-34
6.487197837e-34
1.127824309e-33
1.898332607e-33
3.156080497e-33
5.236436192e-33
8.714547211e-33
1.457719263e-32
2.451983152e-32
4.145964482e-32
7.042397121e-32
1.200934484e-31
2.054949175e-31
3.527389072e-31
6.074640127e-31
1.050211638e-30
1.825343477e-30
3.198041982e-30
5.673826506e-30
1.026793108e-29
1.915877852e-29
3.737926949e-29
7.741894013e-29
1.721872897e-28
4.123266516e-28
1.054912863e-27
2.841806112e-27
7.932510018e-27
2.262958568e-26
6.529516516e-26
1.891578583e-25
5.473359022e-25
1.575916726e-24
4.502058231e-24
1.273159556e-23
3.5573055e-23
9.805166693e-23
2.663063142e-22
7.122001149e-22
1.875321246e-21
4.865009632e-21
1.245374447e-20
3.154009921e-20
7.933607655e-20
1.993413517e-19
5.048338742e-19
1.309861853e-18
3.59453058e-18
1.101125969e-17
3.988673567e-17
1.721428122e-16
8.32646722e-16
4.167242102e-15
2.032237406e-14
9.300567436e-14
3.913616121e-13
1.491077509e-12
5.069244035e-12
1.516028027e-11
3.944683516e-11
8.923865733e-11
1.785430734e-10
3.262209002e-10
5.618605851e-10
9.308344372e-10
1.498367164e-09
2.355036804e-09
3.624387572e-09
5.470976576e-09
8.108827493e-09
1.180937757e-08
1.690793232e-08
2.380743275e-08
3.297829286e-08
4.495325187e-08
6.031664845e-08
7.968823691e-08
1.037025144e-07
1.329853528e-07
1.681304149e-07
2.096783531e-07
2.581102961e-07
3.138428688e-07
3.772348346e-07
4.483658315e-07
5.271685132e-07
6.134208091e-07
7.067412408e-07
8.065904384e-07
9.122799122e-07
1.022987899e-06
1.137781246e-06
1.255641714e-06
1.375494837e-06
1.496239439e-06
1.616776149e-06
1.736033591e-06
1.852991317e-06
1.966698924e-06
2.07629114e-06
2.18099889e-06
2.280156573e-06
2.373205858e-06
2.459696422e-06
2.539284066e-06
2.611726634e-06
2.676878208e-06
2.734681943e-06
2.785161958e-06
2.828414663e-06
2.864599704e-06
2.893930871e-06
2.916667199e-06
2.93310441e-06
2.943566841e-06
2.948399965e-06
2.947963572e-06
2.942625653e-06
2.932757012e-06
2.918726591e-06
2.900897487e-06
2.879623646e-06
2.855247163e-06
2.828096159e-06
2.798483167e-06
2.766703984e-06
2.733036913e-06
2.697742369e-06
2.661062761e-06
2.623222638e-06
2.584429031e-06
2.544871952e-06
2.504725029e-06
2.46414623e-06
2.423278658e-06
2.382251387e-06
2.341180321e-06
2.300169068e-06
2.259309797e-06
2.21868409e-06
2.178363767e-06
2.138411667e-06
2.098882387e-06
2.059822968e-06
2.021273529e-06
1.983267954e-06
1.945834674e-06
1.908997389e-06
1.872775335e-06
1.837183645e-06
1.802233792e-06
1.767933997e-06
1.734289577e-06
1.70130328e-06
1.668975587e-06
1.637305003e-06
1.606288302e-06
1.57592076e-06
1.546196366e-06
1.517108001e-06
1.488647604e-06
1.460806315e-06
1.433574606e-06
1.406942398e-06
1.380899166e-06
1.355434031e-06
1.330535841e-06
1.306193246e-06
1.282394755e-06
1.259128797e-06
1.236383757e-06
1.214148021e-06
1.192409993e-06
1.171158114e-06
1.150380858e-06
1.130066712e-06
1.110204126e-06
1.090781432e-06
1.071786718e-06
1.053207634e-06
1.035031134e-06
1.017243113e-06
9.998279308e-07
9.827678084e-07
9.660420603e-07
9.496261692e-07
9.334906877e-07
9.175999692e-07
9.019107487e-07
8.863706129e-07
8.709164141e-07
8.55472714e-07
8.399503694e-07
8.242454345e-07
8.082388466e-07
7.917965132e-07
7.747700637e-07
7.569987184e-07
7.383124755e-07
7.185367517e-07
6.974985667e-07
6.750343018e-07
6.509989444e-07
6.252765886e-07
5.977917793e-07
5.685210835e-07
5.375040619e-07
5.048526134e-07
4.707575197e-07
4.354909653e-07
3.994038963e-07
3.629173643e-07
3.265074902e-07
2.906843652e-07
2.559660428e-07
2.228496065e-07
1.917819923e-07
1.631336048e-07
1.371776776e-07
1.140777213e-07
9.388437002e-08
7.654166613e-08
6.190157804e-08
4.97446316e-08
3.980426527e-08
3.179347578e-08
2.543626809e-08
2.046019766e-08
1.655404633e-08
1.348504052e-08
1.106702371e-08
9.152507628e-09
7.625782811e-09
6.397401912e-09
5.399214699e-09
4.579881089e-09
3.900962376e-09
3.333672142e-09
2.856294746e-09
2.452214044e-09
2.108450529e-09
1.81457362e-09
1.561810069e-09
1.341990365e-09
1.145003474e-09
9.476553237e-10
7.646063978e-10
6.165902887e-10
5.015962905e-10
4.128617848e-10
3.43829139e-10
2.892946038e-10
2.452689211e-10
2.085253713e-10
1.771301859e-10
1.500702614e-10
1.268850342e-10
1.073243018e-10
9.112056815e-11
7.790428503e-11
6.722057793e-11
5.858570465e-11
5.153989813e-11
4.568024013e-11
4.067524409e-11
3.626909847e-11
3.228174526e-11
2.860585507e-11
2.519775557e-11
2.205989972e-11
1.921671682e-11
1.669140697e-11
1.44921077e-11
1.260765429e-11
1.101166599e-11
9.669030117e-12
8.541574919e-12
7.588291774e-12
6.735656157e-12
5.843588248e-12
5.075725334e-12
4.436551544e-12
3.90515305e-12
3.460602981e-12
3.085935427e-12
2.767836045e-12
2.495867509e-12
2.261787511e-12
2.059046638e-12
1.882419601e-12
1.727720556e-12
1.591600567e-12
1.471420607e-12
1.365207009e-12
1.271736158e-12
1.190904323e-12
1.124812857e-12
1.080801985e-12
)
;

boundaryField
{
    outlet
    {
        type            inletOutlet;
        inletValue      uniform 0;
        value           nonuniform List<scalar> 10(1.065144869e-12 1.032717512e-12 9.880103071e-13 9.355028732e-13 8.797933044e-13 8.252724322e-13 7.75969487e-13 7.357354715e-13 7.09459247e-13 1.080801985e-12);
    }
    inlet
    {
        type            fixedValue;
        value           uniform 0;
    }
    front
    {
        type            wedge;
    }
    wall
    {
        type            zeroGradient;
    }
    back
    {
        type            wedge;
    }
}


// ************************************************************************* //
