/*--------------------------------*- C++ -*----------------------------------*\
| =========                 |                                                 |
| \\      /  F ield         | OpenFOAM: The Open Source CFD Toolbox           |
|  \\    /   O peration     | Version:  2212                                  |
|   \\  /    A nd           | Website:  www.openfoam.com                      |
|    \\/     M anipulation  |                                                 |
\*---------------------------------------------------------------------------*/
FoamFile
{
    version     2.0;
    format      ascii;
    arch        "LSB;label=32;scalar=64";
    class       volScalarField;
    location    "19.75000000";
    object      SC3H5;
}
// * * * * * * * * * * * * * * * * * * * * * * * * * * * * * * * * * * * * * //

dimensions      [0 0 0 0 0 0 0];

internalField   nonuniform List<scalar> 
3000
(
1.165718771e-22
1.309563423e-22
1.526625073e-22
1.815880614e-22
2.17439072e-22
2.592420231e-22
3.044784552e-22
3.476427454e-22
3.7816545e-22
4.376709531e-22
4.936609681e-22
5.781137349e-22
6.909052387e-22
8.31923922e-22
1.000387962e-21
1.193372522e-21
1.401134238e-21
1.585175245e-21
9.803922389e-22
1.114493133e-21
1.31869559e-21
1.595958115e-21
1.951267811e-21
2.389779203e-21
2.90976579e-21
3.482031758e-21
3.971124534e-21
1.867478985e-21
2.145158297e-21
2.574194402e-21
3.169107008e-21
3.950975062e-21
4.939667365e-21
6.129789302e-21
7.426064295e-21
8.47234605e-21
3.316346214e-21
3.856213901e-21
4.70348313e-21
5.901198285e-21
7.505699441e-21
9.561962215e-21
1.203563981e-20
1.466260187e-20
1.667916132e-20
5.703071149e-21
6.716383531e-21
8.329480411e-21
1.064532055e-20
1.378745302e-20
1.783495346e-20
2.266694483e-20
2.767407084e-20
3.137850564e-20
9.682451409e-21
1.15439126e-20
1.454172667e-20
1.889415107e-20
2.484359191e-20
3.250836262e-20
4.157147283e-20
5.077985874e-20
5.74243232e-20
1.638718724e-20
1.97562026e-20
2.523018224e-20
3.323925448e-20
4.423023731e-20
5.836149662e-20
7.492414937e-20
9.150740562e-20
1.032738113e-19
2.778014244e-20
3.381330992e-20
4.367950755e-20
5.818820207e-20
7.813435827e-20
1.03710013e-19
1.334705992e-19
1.629584497e-19
1.836503435e-19
4.726069935e-20
5.798001011e-20
7.559006244e-20
1.015705821e-19
1.373104004e-19
1.830177825e-19
2.359102982e-19
2.879344466e-19
3.241694172e-19
8.072041135e-20
9.965442373e-20
1.308592815e-19
1.769907386e-19
2.404545692e-19
3.214380058e-19
4.147673734e-19
5.060955957e-19
5.693879776e-19
1.383729738e-19
1.716707693e-19
2.266699198e-19
3.080825203e-19
4.200634154e-19
5.627060388e-19
7.266030421e-19
8.864120365e-19
9.967821249e-19
2.379323595e-19
2.963005068e-19
3.928574762e-19
5.359039873e-19
7.326127931e-19
9.828460107e-19
1.269743868e-18
1.54878152e-18
1.741034204e-18
4.101284574e-19
5.121964665e-19
6.812266102e-19
9.317746695e-19
1.276231828e-18
1.713974054e-18
2.215070594e-18
2.701563702e-18
3.036178661e-18
7.082804265e-19
8.864471447e-19
1.181724352e-18
1.619560029e-18
2.221379647e-18
2.98560663e-18
3.859442544e-18
4.706710638e-18
5.288748624e-18
1.224911206e-18
1.535497342e-18
2.050510421e-18
2.814350242e-18
3.864092865e-18
5.196364478e-18
6.718433111e-18
8.192815152e-18
9.20471267e-18
2.120585778e-18
2.66146349e-18
3.558686477e-18
4.889607902e-18
6.718425804e-18
9.038452532e-18
1.168731952e-17
1.42513457e-17
1.600985499e-17
3.673979091e-18
4.615188118e-18
6.176912846e-18
8.493777635e-18
1.167699341e-17
1.571385113e-17
2.032066275e-17
2.477745517e-17
2.783251183e-17
6.368821483e-18
8.005747016e-18
1.072237452e-17
1.475282784e-17
2.028982362e-17
2.730982055e-17
3.531791834e-17
4.30619265e-17
4.836813781e-17
1.104489688e-17
1.389063824e-17
1.861402907e-17
2.562200278e-17
3.524858187e-17
4.745085777e-17
6.136643216e-17
7.481845115e-17
8.403271647e-17
1.916027641e-17
2.410608117e-17
3.231587057e-17
4.449659266e-17
6.122717557e-17
8.243014922e-17
1.066039162e-16
1.299656825e-16
1.459643733e-16
3.32466764e-17
4.184056357e-17
5.610657203e-17
7.727222281e-17
1.063405924e-16
1.431723682e-16
1.851543372e-16
2.257154796e-16
2.534868002e-16
5.77000218e-17
7.263058905e-17
9.741553817e-17
1.341850227e-16
1.846758399e-16
2.486372706e-16
3.215226378e-16
3.919211335e-16
4.401089459e-16
1.001523413e-16
1.260884666e-16
1.691406736e-16
2.330028606e-16
3.206793272e-16
4.317170683e-16
5.582055923e-16
6.803364202e-16
7.63908987e-16
1.738517477e-16
2.188996088e-16
2.936683595e-16
4.045577924e-16
5.567572536e-16
7.49442338e-16
9.688484187e-16
1.180603392e-15
1.325446782e-15
3.017877469e-16
3.800172181e-16
5.098381216e-16
7.023249975e-16
9.664228179e-16
1.300615954e-15
1.680948064e-15
2.047808082e-15
2.298612457e-15
5.238330691e-16
6.596531822e-16
8.849906324e-16
1.218979437e-15
1.676995411e-15
2.256216323e-15
2.914932733e-15
3.549834644e-15
3.983576025e-15
9.090903057e-16
1.144816295e-15
1.535775199e-15
2.114958281e-15
2.908698228e-15
3.911663935e-15
5.051202515e-15
6.148437882e-15
6.89730907e-15
1.577194297e-15
1.986107508e-15
2.663997574e-15
3.66759793e-15
5.041788791e-15
6.77634903e-15
8.744661324e-15
1.063739658e-14
1.192755908e-14
2.734977432e-15
3.443805168e-15
4.618195333e-15
6.355376842e-15
8.731365465e-15
1.172628715e-14
1.511937433e-14
1.83765909e-14
2.059315922e-14
4.739389451e-15
5.966866609e-15
7.999012382e-15
1.100173303e-14
1.510275667e-14
2.026297506e-14
2.609734713e-14
3.168589613e-14
3.548091992e-14
8.205089473e-15
1.03278237e-14
1.38387216e-14
1.901933205e-14
2.608211494e-14
3.494943266e-14
4.494975516e-14
5.450270291e-14
6.097271495e-14
1.418766671e-14
1.785205125e-14
2.390545689e-14
3.282244443e-14
4.495194221e-14
6.013906086e-14
7.721327989e-14
9.346945692e-14
1.044439545e-13
2.449417301e-14
3.08053508e-14
4.121563802e-14
5.651827382e-14
7.727722366e-14
1.031832423e-13
1.32198754e-13
1.597140454e-13
1.782181389e-13
4.220661374e-14
5.304519804e-14
7.08910626e-14
9.705675763e-14
1.32435679e-13
1.764124932e-13
2.254486387e-13
2.717318869e-13
3.027179887e-13
7.255916532e-14
9.110758994e-14
1.215813493e-13
1.661260214e-13
2.261213304e-13
3.003517901e-13
3.826943053e-13
4.599960305e-13
5.114844071e-13
1.243983963e-13
1.560072201e-13
2.078043994e-13
2.832468629e-13
3.843968141e-13
5.08879046e-13
6.461517806e-13
7.742405208e-13
8.590715013e-13
2.125961765e-13
2.661945515e-13
3.537613625e-13
4.80772157e-13
6.501782583e-13
8.574019162e-13
1.084414244e-12
1.29482427e-12
1.433312419e-12
3.620045942e-13
4.523694418e-13
5.994923503e-13
8.118745141e-13
1.093490508e-12
1.435660539e-12
1.807804533e-12
2.15024569e-12
2.3741478e-12
6.13880048e-13
7.652395792e-13
1.010701591e-12
1.363160062e-12
1.827488518e-12
2.38752845e-12
2.991915524e-12
3.543824478e-12
3.902203346e-12
1.036212698e-12
1.287889387e-12
1.694256963e-12
2.274345478e-12
3.033179523e-12
3.941269577e-12
4.913293973e-12
5.793913998e-12
6.361722646e-12
1.740144351e-12
2.155260381e-12
2.822332241e-12
3.768560304e-12
4.99709425e-12
6.455230816e-12
8.002956479e-12
9.393926534e-12
1.028449657e-11
2.905716573e-12
3.584410263e-12
4.669484662e-12
6.198367072e-12
8.167941408e-12
1.048603881e-11
1.292584913e-11
1.510119197e-11
1.648437872e-11
4.821625178e-12
5.920768801e-12
7.668687359e-12
1.011456345e-11
1.324058537e-11
1.688912149e-11
2.06976708e-11
2.40675737e-11
2.619632252e-11
7.94549221e-12
9.707536242e-12
1.249441074e-11
1.636713437e-11
2.127836443e-11
2.696466501e-11
3.285470825e-11
3.803020879e-11
4.128039793e-11
1.299337285e-11
1.578756954e-11
2.018303605e-11
2.624993539e-11
3.388715755e-11
4.266508804e-11
5.169666606e-11
5.95874725e-11
6.452068646e-11
2.106979495e-11
2.544944827e-11
3.230281016e-11
4.170197089e-11
5.345509547e-11
6.688003161e-11
8.06229592e-11
9.258875674e-11
1.000576711e-10
3.385301256e-11
4.063223583e-11
5.118726117e-11
6.557780434e-11
8.346800387e-11
1.038055987e-10
1.245661702e-10
1.426417386e-10
1.539632383e-10
5.385617679e-11
6.420882257e-11
8.024981678e-11
1.019999296e-10
1.289029473e-10
1.593784809e-10
1.904582656e-10
2.175837702e-10
2.34666025e-10
8.479856003e-11
1.003814355e-10
1.244108384e-10
1.56816981e-10
1.967027316e-10
2.417163527e-10
2.874884997e-10
3.271625384e-10
3.510683903e-10
1.321504676e-10
1.552546631e-10
1.907023987e-10
2.382246986e-10
2.963482393e-10
3.614272857e-10
4.264811901e-10
4.801985117e-10
5.122240314e-10
2.039706805e-10
2.377072315e-10
2.891624795e-10
3.576033574e-10
4.403506752e-10
5.307935399e-10
6.165004598e-10
6.855767738e-10
7.254154687e-10
3.122260588e-10
3.607307714e-10
4.34077318e-10
5.302316869e-10
6.429694763e-10
7.591071689e-10
8.650158508e-10
9.452872889e-10
9.873932023e-10
4.746773274e-10
5.431277255e-10
6.448310661e-10
7.731357183e-10
9.149588985e-10
1.054133948e-09
1.17040812e-09
1.245206682e-09
1.272666363e-09
7.162886273e-10
8.095139073e-10
9.409793037e-10
1.099869175e-09
1.266642207e-09
1.414532017e-09
1.513996575e-09
1.546081456e-09
1.525132212e-09
1.061732353e-09
1.178207586e-09
1.33950402e-09
1.524026617e-09
1.698845783e-09
1.82191797e-09
1.854196671e-09
1.785811667e-09
1.671955163e-09
1.533662672e-09
1.672483095e-09
1.855956428e-09
2.046498913e-09
2.191530462e-09
2.232318892e-09
2.129908454e-09
1.904873848e-09
1.671438966e-09
2.152472438e-09
2.302791495e-09
2.484546982e-09
2.638036244e-09
2.689207688e-09
2.573523797e-09
2.27934815e-09
1.88467518e-09
1.554317315e-09
2.90886927e-09
3.043108769e-09
3.174525153e-09
3.220151867e-09
3.096247123e-09
2.763469809e-09
2.273189696e-09
1.761624121e-09
1.394915507e-09
3.732016787e-09
3.802050919e-09
3.810961111e-09
3.666164036e-09
3.306921185e-09
2.758540539e-09
2.140502225e-09
1.59822267e-09
1.247981687e-09
4.46741411e-09
4.415628633e-09
4.233660116e-09
3.852801815e-09
3.274375479e-09
2.594507047e-09
1.950544981e-09
1.44245543e-09
1.131450707e-09
4.912829099e-09
4.707205324e-09
4.323228003e-09
3.750178449e-09
3.055868056e-09
2.360142605e-09
1.763565566e-09
1.314884205e-09
1.045029139e-09
4.942120602e-09
4.612980492e-09
4.101575495e-09
3.454231958e-09
2.765180501e-09
2.130711607e-09
1.608226582e-09
1.219350214e-09
9.850309536e-10
4.619410217e-09
4.245568828e-09
3.716761637e-09
3.103293326e-09
2.489394495e-09
1.940902345e-09
1.491433775e-09
1.154108499e-09
9.485821934e-10
4.140514168e-09
3.790706807e-09
3.316992249e-09
2.786479048e-09
2.26478001e-09
1.798482325e-09
1.411730945e-09
1.116519158e-09
9.337795155e-10
3.670255445e-09
3.373456606e-09
2.97660525e-09
2.534502487e-09
2.097346015e-09
1.701005266e-09
1.365729444e-09
1.104317796e-09
9.394775031e-10
3.279444497e-09
3.037624434e-09
2.713270846e-09
2.34862695e-09
1.982504769e-09
1.643656068e-09
1.350196344e-09
1.115936041e-09
9.652008241e-10
2.979249657e-09
2.784968557e-09
2.521771244e-09
2.22133343e-09
1.9135339e-09
1.621816269e-09
1.362644605e-09
1.150525003e-09
1.011066597e-09
2.759721559e-09
2.604620479e-09
2.391608298e-09
2.143868548e-09
1.884216634e-09
1.631763479e-09
1.401381283e-09
1.207837329e-09
1.07765198e-09
2.607235652e-09
2.484206228e-09
2.312497727e-09
2.108562062e-09
1.889502089e-09
1.670695947e-09
1.465341082e-09
1.288026196e-09
1.165804431e-09
2.509359231e-09
2.412948098e-09
2.275880526e-09
2.109253284e-09
1.925449869e-09
1.736512608e-09
1.553831725e-09
1.391397903e-09
1.276409647e-09
2.456046046e-09
2.38224796e-09
2.27500362e-09
2.141102087e-09
1.98894679e-09
1.827518775e-09
1.666253129e-09
1.518145835e-09
1.410136636e-09
2.439506999e-09
2.38542996e-09
2.304581013e-09
2.200236875e-09
2.077381582e-09
1.942133943e-09
1.801827898e-09
1.668092102e-09
1.567184499e-09
2.45374498e-09
2.417291084e-09
2.360386077e-09
2.283406099e-09
2.188353722e-09
2.078641684e-09
1.959372752e-09
1.840466e-09
1.747061646e-09
2.494075934e-09
2.473674277e-09
2.438894444e-09
2.387693698e-09
2.319449712e-09
2.235007338e-09
2.137138028e-09
2.033750561e-09
1.948431922e-09
2.556731396e-09
2.551126593e-09
2.537012292e-09
2.510318138e-09
2.46810242e-09
2.408781489e-09
2.332738144e-09
2.245624997e-09
2.169058769e-09
2.638559813e-09
2.646651852e-09
2.651894225e-09
2.648518325e-09
2.631539176e-09
2.597098887e-09
2.543186381e-09
2.473016564e-09
2.405849651e-09
2.73681924e-09
2.75754983e-09
2.780843281e-09
2.799520581e-09
2.806815435e-09
2.796774258e-09
2.76504592e-09
2.712300061e-09
2.655165644e-09
2.849047062e-09
2.881327856e-09
2.921278905e-09
2.96057133e-09
2.990915872e-09
3.004471257e-09
2.994663604e-09
2.959672008e-09
2.913122423e-09
2.972990526e-09
3.015667897e-09
3.070754e-09
3.129011822e-09
3.180894893e-09
3.216907716e-09
3.228540289e-09
3.211449303e-09
3.17613166e-09
3.106581319e-09
3.158429906e-09
3.226999895e-09
3.302355086e-09
3.374029527e-09
3.431169627e-09
3.463459698e-09
3.464184311e-09
3.439941884e-09
3.247939004e-09
3.307662524e-09
3.388006773e-09
3.478584021e-09
3.568148524e-09
3.644839359e-09
3.696697846e-09
3.714097149e-09
3.700565646e-09
3.395423916e-09
3.461847155e-09
3.552250748e-09
3.656064154e-09
3.7616222e-09
3.855968373e-09
3.925241793e-09
3.95792515e-09
3.954556407e-09
3.547849955e-09
3.619758064e-09
3.718588893e-09
3.833853368e-09
3.953033013e-09
4.062255763e-09
4.146647105e-09
4.193039899e-09
4.199124636e-09
3.704462775e-09
3.780877024e-09
3.886558126e-09
4.010661998e-09
4.140552503e-09
4.26189772e-09
4.359049255e-09
4.417446423e-09
4.432139853e-09
3.8646358e-09
3.944031916e-09
4.054371815e-09
4.184821472e-09
4.322726747e-09
4.45354123e-09
4.561094881e-09
4.629710263e-09
4.65206152e-09
4.026315998e-09
4.107367528e-09
4.220481165e-09
4.355011915e-09
4.498437927e-09
4.636197699e-09
4.751839339e-09
4.828851691e-09
4.857835693e-09
4.187781141e-09
4.269339126e-09
4.383576256e-09
4.520151224e-09
4.666807153e-09
4.809140229e-09
4.930638457e-09
5.014235088e-09
5.04878523e-09
4.347528177e-09
4.42859575e-09
4.542506988e-09
4.679305438e-09
4.827107205e-09
4.97181439e-09
5.097055146e-09
5.185472085e-09
5.22451183e-09
4.504185579e-09
4.583900284e-09
4.696218521e-09
4.831627424e-09
4.978701752e-09
5.123774298e-09
5.250790165e-09
5.342347184e-09
5.384818769e-09
4.656466981e-09
4.734088815e-09
4.843717249e-09
4.976324996e-09
5.121012027e-09
5.264644695e-09
5.391637735e-09
5.484766947e-09
5.529655928e-09
4.803157662e-09
4.878059969e-09
4.984062504e-09
5.112652537e-09
5.253505559e-09
5.394104263e-09
5.519461815e-09
5.612729206e-09
5.659084125e-09
4.943121418e-09
5.014782848e-09
5.116374853e-09
5.239917917e-09
5.375699572e-09
5.511883447e-09
5.634186966e-09
5.726306857e-09
5.773253828e-09
5.075317165e-09
5.143313858e-09
5.239852441e-09
5.35749703e-09
5.487172037e-09
5.617770343e-09
5.73579783e-09
5.82564076e-09
5.872393211e-09
5.198817641e-09
5.262815337e-09
5.353788956e-09
5.464850057e-09
5.587574892e-09
5.711619499e-09
5.824342445e-09
5.910937306e-09
5.956801368e-09
5.312825484e-09
5.372571538e-09
5.45758906e-09
5.56153556e-09
5.676645774e-09
5.793360166e-09
5.899936079e-09
5.982467529e-09
6.02684374e-09
5.41668426e-09
5.471999662e-09
5.550779134e-09
5.647220382e-09
5.754216291e-09
5.863002061e-09
5.962763699e-09
6.040565913e-09
6.082947963e-09
5.509883694e-09
5.560655241e-09
5.633012654e-09
5.721684649e-09
5.820216108e-09
5.920637873e-09
6.013080222e-09
6.085627981e-09
6.125599196e-09
5.592059438e-09
5.638232182e-09
5.704070493e-09
5.784822138e-09
5.874673013e-09
5.966442521e-09
6.051208421e-09
6.118106434e-09
6.155334627e-09
5.662988273e-09
5.704558367e-09
5.763856968e-09
5.83663671e-09
5.917709528e-09
6.000669601e-09
6.077534755e-09
6.138505937e-09
6.17273716e-09
5.722579854e-09
5.759587843e-09
5.812392637e-09
5.87723573e-09
5.949536863e-09
6.023645635e-09
6.092503552e-09
6.147376842e-09
6.178428479e-09
5.770866076e-09
5.803390685e-09
5.849804819e-09
5.906821362e-09
5.970446972e-09
6.035762753e-09
6.096610039e-09
6.145308177e-09
6.173061718e-09
5.807988985e-09
5.836141388e-09
5.876316699e-09
5.925680516e-09
5.980803396e-09
6.037470368e-09
6.090392644e-09
6.132920239e-09
6.157313982e-09
5.834187963e-09
5.858106545e-09
5.892235685e-09
5.934174071e-09
5.981031457e-09
6.029266327e-09
6.074424938e-09
6.110857028e-09
6.13187893e-09
5.849786742e-09
5.869632297e-09
5.897941544e-09
5.932725869e-09
5.971608229e-09
6.011687886e-09
6.049307528e-09
6.079778794e-09
6.097459571e-09
5.855180618e-09
5.87113198e-09
5.893874674e-09
5.921811813e-09
5.953052606e-09
5.985302819e-09
6.015660118e-09
6.040354829e-09
6.054761436e-09
5.85082413e-09
5.863074199e-09
5.880524784e-09
5.901949332e-09
5.925915717e-09
5.95070084e-09
5.974113925e-09
5.993256674e-09
6.004486205e-09
5.837219381e-09
5.845971517e-09
5.858420148e-09
5.873687399e-09
5.890771839e-09
5.908485523e-09
5.925304568e-09
5.939151824e-09
5.947325891e-09
5.81490512e-09
5.820369887e-09
5.828117575e-09
5.837597205e-09
5.848209943e-09
5.859266808e-09
5.869865542e-09
5.878698016e-09
5.883957614e-09
5.784446639e-09
5.786838885e-09
5.790193146e-09
5.794263584e-09
5.798825952e-09
5.803654177e-09
5.808422325e-09
5.812538143e-09
5.815039021e-09
5.746426552e-09
5.745962802e-09
5.7452338e-09
5.74427724e-09
5.743215751e-09
5.742250556e-09
5.741587172e-09
5.741295833e-09
5.741204361e-09
5.701436459e-09
5.698332618e-09
5.693829767e-09
5.688227804e-09
5.681968994e-09
5.67564695e-09
5.669954607e-09
5.665571693e-09
5.663061208e-09
5.650069523e-09
5.644538869e-09
5.636567879e-09
5.626697728e-09
5.615663702e-09
5.604417841e-09
5.594097621e-09
5.585940218e-09
5.581187849e-09
5.59291394e-09
5.585165395e-09
5.57402574e-09
5.560257005e-09
5.544861658e-09
5.529117309e-09
5.514564554e-09
5.502947351e-09
5.496131276e-09
5.530547284e-09
5.520783954e-09
5.50676674e-09
5.489458708e-09
5.470104553e-09
5.450275886e-09
5.431876642e-09
5.417108653e-09
5.408405773e-09
5.46353171e-09
5.451949677e-09
5.43533588e-09
5.414835296e-09
5.391910882e-09
5.368398069e-09
5.34652618e-09
5.328908041e-09
5.318492043e-09
5.392409967e-09
5.379197313e-09
5.36025637e-09
5.336895657e-09
5.31077351e-09
5.283960476e-09
5.258975269e-09
5.238797062e-09
5.226836831e-09
5.317702177e-09
5.303038224e-09
5.282026938e-09
5.256122839e-09
5.227157878e-09
5.197410581e-09
5.169655073e-09
5.147194626e-09
5.133852975e-09
5.23990332e-09
5.223958075e-09
5.201119816e-09
5.172972394e-09
5.141500792e-09
5.109165967e-09
5.078965553e-09
5.054487159e-09
5.03991985e-09
5.15948138e-09
5.142415152e-09
5.11797932e-09
5.087871293e-09
5.054209718e-09
5.019614042e-09
4.987275601e-09
4.961029118e-09
4.94538413e-09
5.07687607e-09
5.058839256e-09
5.033020972e-09
5.001217348e-09
4.965662538e-09
4.929112159e-09
4.894923524e-09
4.867143796e-09
4.850560819e-09
4.992498091e-09
4.973631091e-09
4.946631099e-09
4.913379057e-09
4.876207699e-09
4.837988079e-09
4.802217822e-09
4.773124383e-09
4.755734503e-09
4.906728839e-09
4.887162105e-09
4.859166842e-09
4.824695841e-09
4.78616469e-09
4.74654072e-09
4.709438202e-09
4.67923522e-09
4.661160769e-09
4.819920518e-09
4.799774701e-09
4.770956522e-09
4.735478585e-09
4.695824799e-09
4.655041133e-09
4.616836782e-09
4.585713201e-09
4.567067744e-09
4.732396585e-09
4.711782765e-09
4.682300288e-09
4.646010448e-09
4.605452095e-09
4.56373367e-09
4.524639434e-09
4.492769282e-09
4.473657717e-09
4.644452468e-09
4.623472461e-09
4.593471013e-09
4.556547876e-09
4.515284581e-09
4.472837283e-09
4.433047235e-09
4.400590059e-09
4.381108813e-09
4.556356511e-09
4.53510323e-09
4.504715372e-09
4.467321782e-09
4.425535477e-09
4.38254692e-09
4.342237974e-09
4.309339386e-09
4.28957668e-09
4.4683511e-09
4.446908952e-09
4.416255069e-09
4.378538835e-09
4.336394597e-09
4.293034989e-09
4.252367696e-09
4.219159991e-09
4.199196168e-09
4.380653907e-09
4.359099235e-09
4.328288156e-09
4.290382845e-09
4.248029783e-09
4.204452848e-09
4.163572261e-09
4.130175088e-09
4.110082977e-09
4.293459245e-09
4.271860773e-09
4.240990432e-09
4.203016183e-09
4.160588367e-09
4.116932305e-09
4.075968872e-09
4.04248995e-09
4.022335262e-09
4.206939465e-09
4.185358768e-09
4.154516874e-09
4.116581232e-09
4.074198636e-09
4.030587103e-09
3.989657581e-09
3.95619343e-09
3.936035171e-09
4.121246395e-09
4.099738363e-09
4.069003075e-09
4.031201834e-09
3.988971282e-09
3.945514369e-09
3.904722747e-09
3.871359423e-09
3.851250321e-09
4.036512778e-09
4.015126086e-09
3.984566683e-09
3.946984714e-09
3.905000816e-09
3.861796018e-09
3.821234426e-09
3.788048261e-09
3.768035188e-09
3.952853702e-09
3.931631265e-09
3.901308801e-09
3.864020868e-09
3.822366937e-09
3.779500105e-09
3.739249704e-09
3.706308023e-09
3.686432421e-09
3.870367993e-09
3.849347412e-09
3.819315357e-09
3.782386906e-09
3.741135848e-09
3.698682106e-09
3.658813952e-09
3.626175779e-09
3.606474065e-09
3.789139569e-09
3.768353558e-09
3.738658415e-09
3.702146335e-09
3.661361502e-09
3.619386127e-09
3.579962004e-09
3.547678735e-09
3.528182709e-09
3.709238739e-09
3.688715537e-09
3.659397428e-09
3.623350777e-09
3.583086783e-09
3.541646054e-09
3.502719263e-09
3.470835313e-09
3.451572534e-09
3.630723439e-09
3.610487201e-09
3.581580427e-09
3.546041124e-09
3.506344617e-09
3.465486608e-09
3.427102721e-09
3.395656137e-09
3.376650292e-09
3.553640404e-09
3.533711572e-09
3.505245143e-09
3.470248619e-09
3.431159011e-09
3.390924346e-09
3.353121913e-09
3.322144953e-09
3.303416204e-09
3.478026258e-09
3.458421909e-09
3.430420042e-09
3.395995852e-09
3.357546008e-09
3.317968569e-09
3.280779783e-09
3.250299459e-09
3.231864765e-09
3.403908557e-09
3.384642724e-09
3.357125306e-09
3.323297701e-09
3.285514572e-09
3.246622158e-09
3.210073476e-09
3.180112068e-09
3.161985495e-09
3.331306739e-09
3.31239072e-09
3.28537374e-09
3.252162199e-09
3.215067424e-09
3.17688236e-09
3.140995082e-09
3.111570603e-09
3.093763607e-09
3.260233018e-09
3.241675654e-09
3.215171609e-09
3.182591332e-09
3.146201781e-09
3.108741493e-09
3.07353229e-09
3.04465893e-09
3.027180621e-09
3.190693191e-09
3.17250113e-09
3.146519396e-09
3.114581762e-09
3.078910051e-09
3.042187581e-09
3.007668993e-09
2.979357521e-09
2.962214907e-09
3.122687376e-09
3.104865322e-09
3.079412502e-09
3.048125493e-09
3.013180453e-09
2.977204948e-09
2.943385836e-09
2.915643972e-09
2.898842188e-09
3.056210655e-09
3.038761613e-09
3.01384187e-09
2.983210468e-09
2.948997581e-09
2.913774736e-09
2.880660698e-09
2.853493459e-09
2.83703597e-09
2.991253652e-09
2.974179182e-09
2.949794563e-09
2.919821117e-09
2.886342918e-09
2.851875384e-09
2.81946914e-09
2.792879148e-09
2.776767942e-09
2.927803158e-09
2.911103582e-09
2.887254294e-09
2.857938861e-09
2.8251953e-09
2.791483057e-09
2.759784793e-09
2.733772565e-09
2.718008327e-09
2.865842884e-09
2.849517328e-09
2.826201957e-09
2.797542579e-09
2.765531347e-09
2.732572034e-09
2.701579718e-09
2.676143923e-09
2.66072619e-09
2.805354075e-09
2.789400457e-09
2.766616123e-09
2.738609052e-09
2.707325848e-09
2.675115058e-09
2.644824721e-09
2.619962411e-09
2.604889716e-09
2.746315828e-09
2.730731089e-09
2.708473444e-09
2.681113323e-09
2.650552105e-09
2.619083645e-09
2.589489629e-09
2.56519645e-09
2.550466449e-09
2.688705165e-09
2.673485376e-09
2.651748938e-09
2.625029008e-09
2.595182217e-09
2.564448347e-09
2.535543535e-09
2.511813916e-09
2.497423506e-09
2.632497431e-09
2.617637981e-09
2.596416154e-09
2.570328546e-09
2.541187339e-09
2.511178995e-09
2.482955016e-09
2.459782338e-09
2.445727764e-09
2.57766662e-09
2.563162368e-09
2.542447831e-09
2.516983545e-09
2.488537933e-09
2.459244908e-09
2.431692321e-09
2.409069073e-09
2.395346016e-09
2.524185614e-09
2.51003094e-09
2.489815638e-09
2.464964877e-09
2.43720394e-09
2.40861507e-09
2.381723531e-09
2.359641446e-09
2.346245114e-09
2.472026422e-09
2.458215322e-09
2.438490669e-09
2.414242899e-09
2.387154943e-09
2.359258278e-09
2.333016697e-09
2.311466881e-09
2.298392083e-09
2.4211604e-09
2.407686551e-09
2.388443501e-09
2.364787607e-09
2.338360332e-09
2.31114329e-09
2.285539971e-09
2.264513014e-09
2.251754231e-09
2.371558465e-09
2.358415299e-09
2.339644471e-09
2.31656894e-09
2.290789502e-09
2.264238967e-09
2.239261714e-09
2.218747788e-09
2.206299232e-09
2.323191248e-09
2.310371999e-09
2.29206372e-09
2.269556655e-09
2.244411875e-09
2.218514346e-09
2.194150586e-09
2.174139535e-09
2.161995203e-09
2.276029253e-09
2.263527008e-09
2.245671396e-09
2.223720653e-09
2.199197068e-09
2.173938751e-09
2.150175623e-09
2.130657039e-09
2.118810766e-09
2.230042997e-09
2.217850746e-09
2.200437792e-09
2.179031077e-09
2.155114996e-09
2.130481875e-09
2.107306308e-09
2.088269604e-09
2.076715099e-09
2.185203111e-09
2.173313789e-09
2.156333405e-09
2.135458348e-09
2.112135926e-09
2.088113841e-09
2.065512629e-09
2.046947092e-09
2.03567798e-09
2.141480435e-09
2.129886946e-09
2.113328994e-09
2.092973116e-09
2.070230507e-09
2.046805247e-09
2.024765115e-09
2.006659965e-09
1.995669818e-09
2.098846099e-09
2.087541347e-09
2.071395692e-09
2.051546544e-09
2.029369877e-09
2.006527218e-09
1.985034877e-09
1.967379314e-09
1.95666168e-09
2.057271586e-09
2.046248503e-09
2.03050505e-09
2.011150231e-09
1.989525678e-09
1.967251444e-09
1.94629364e-09
1.929076882e-09
1.918625313e-09
2.016728795e-09
2.005980358e-09
1.990629081e-09
1.971756276e-09
1.950670102e-09
1.928950204e-09
1.908513764e-09
1.891725084e-09
1.881533154e-09
1.977190088e-09
1.966709339e-09
1.951740307e-09
1.933337316e-09
1.912775917e-09
1.891596396e-09
1.871668259e-09
1.855297016e-09
1.845358345e-09
1.938628329e-09
1.928408395e-09
1.913811793e-09
1.895866561e-09
1.875816494e-09
1.855163555e-09
1.835730807e-09
1.81976647e-09
1.810074738e-09
1.901016921e-09
1.891051023e-09
1.876817174e-09
1.859317816e-09
1.839765825e-09
1.819625861e-09
1.800675762e-09
1.785107937e-09
1.775656896e-09
1.864329829e-09
1.854611295e-09
1.840730677e-09
1.823665498e-09
1.804598539e-09
1.784958158e-09
1.766478162e-09
1.751296607e-09
1.742080098e-09
1.828541603e-09
1.819063879e-09
1.805527137e-09
1.788884648e-09
1.770289906e-09
1.751135951e-09
1.733113727e-09
1.718308371e-09
1.709320331e-09
1.793627386e-09
1.784384045e-09
1.771182004e-09
1.75495094e-09
1.73681585e-09
1.718135412e-09
1.700558863e-09
1.686119819e-09
1.677354293e-09
1.759562933e-09
1.750547679e-09
1.737671355e-09
1.721840683e-09
1.70415294e-09
1.68593338e-09
1.668790656e-09
1.654708235e-09
1.646159382e-09
1.726324605e-09
1.717531282e-09
1.704971892e-09
1.689530825e-09
1.672278397e-09
1.654507357e-09
1.637786867e-09
1.62405159e-09
1.615713691e-09
1.69388937e-09
1.685311968e-09
1.673060933e-09
1.657998941e-09
1.641170085e-09
1.623835496e-09
1.607525923e-09
1.594128532e-09
1.585995999e-09
1.662234795e-09
1.653867452e-09
1.64191641e-09
1.627223225e-09
1.610806491e-09
1.593896593e-09
1.577986906e-09
1.564918374e-09
1.556985759e-09
1.631339022e-09
1.623176031e-09
1.611516838e-09
1.597182466e-09
1.581166712e-09
1.564670061e-09
1.549149527e-09
1.536401072e-09
1.52866307e-09
1.60118074e-09
1.593216548e-09
1.581841287e-09
1.567856014e-09
1.552230414e-09
1.536135893e-09
1.520994091e-09
1.508557189e-09
1.501008651e-09
1.571739128e-09
1.563968345e-09
1.552869329e-09
1.539223727e-09
1.523977778e-09
1.508274611e-09
1.493501445e-09
1.481367841e-09
1.474003784e-09
1.54299379e-09
1.535411183e-09
1.524580956e-09
1.511265886e-09
1.496389419e-09
1.481067179e-09
1.466652889e-09
1.454814612e-09
1.447630228e-09
1.514924639e-09
1.507525135e-09
1.496956471e-09
1.483963085e-09
1.469446261e-09
1.454494875e-09
1.440430049e-09
1.428879423e-09
1.421870087e-09
1.487511752e-09
1.480290431e-09
1.469976326e-09
1.457296055e-09
1.443129364e-09
1.428539112e-09
1.414814686e-09
1.403544335e-09
1.396705614e-09
1.460735163e-09
1.453687243e-09
1.443620899e-09
1.431245437e-09
1.417419675e-09
1.403181173e-09
1.389788419e-09
1.378791266e-09
1.37211892e-09
1.434574584e-09
1.427695403e-09
1.417870193e-09
1.405791446e-09
1.392297688e-09
1.378401851e-09
1.365332349e-09
1.354601593e-09
1.348091563e-09
1.40900905e-09
1.402294028e-09
1.39270345e-09
1.380913501e-09
1.367743003e-09
1.354180971e-09
1.341426541e-09
1.330955604e-09
1.324603989e-09
1.384016451e-09
1.377461036e-09
1.368098635e-09
1.356589634e-09
1.343733733e-09
1.330496752e-09
1.318049346e-09
1.307831791e-09
1.30163479e-09
1.359572955e-09
1.353172543e-09
1.344031792e-09
1.332795799e-09
1.320245758e-09
1.307325013e-09
1.295176546e-09
1.28520593e-09
1.27915976e-09
1.335652305e-09
1.329402134e-09
1.320476269e-09
1.309505048e-09
1.297251832e-09
1.284638196e-09
1.272780299e-09
1.263049962e-09
1.257150725e-09
1.312224991e-09
1.306119999e-09
1.297401821e-09
1.28668659e-09
1.274720525e-09
1.262404207e-09
1.250827881e-09
1.241330649e-09
1.235574143e-09
1.289257286e-09
1.283291929e-09
1.274773535e-09
1.264304617e-09
1.252614982e-09
1.240585077e-09
1.229280243e-09
1.220008035e-09
1.214389501e-09
1.266710154e-09
1.260878179e-09
1.252550619e-09
1.242317006e-09
1.230891539e-09
1.219135476e-09
1.208090408e-09
1.199033736e-09
1.193547537e-09
1.244538079e-09
1.238832254e-09
1.230685132e-09
1.220673995e-09
1.20949828e-09
1.198001139e-09
1.187201779e-09
1.178349138e-09
1.172988363e-09
1.222687822e-09
1.217099628e-09
1.209120656e-09
1.199316756e-09
1.188373528e-09
1.177117267e-09
1.166546428e-09
1.157883589e-09
1.152639591e-09
1.201097179e-09
1.195616472e-09
1.187790986e-09
1.178176041e-09
1.167444416e-09
1.156407005e-09
1.146043486e-09
1.137552706e-09
1.132414584e-09
1.179693807e-09
1.174308455e-09
1.166618985e-09
1.157170984e-09
1.146625631e-09
1.135780131e-09
1.125597775e-09
1.117256959e-09
1.112211008e-09
1.15839426e-09
1.153089979e-09
1.145515662e-09
1.13620816e-09
1.125818455e-09
1.115132084e-09
1.105098834e-09
1.09688069e-09
1.091909852e-09
1.137103716e-09
1.131863585e-09
1.124379602e-09
1.115181017e-09
1.104910237e-09
1.094343499e-09
1.084420514e-09
1.076291777e-09
1.071375133e-09
1.115715619e-09
1.110519698e-09
1.10309677e-09
1.093969788e-09
1.08377444e-09
1.073280392e-09
1.063421325e-09
1.055342124e-09
1.05045449e-09
1.094111731e-09
1.088936813e-09
1.081540871e-09
1.072442044e-09
1.062271406e-09
1.051795184e-09
1.041945715e-09
1.033869179e-09
1.028980863e-09
1.072162874e-09
1.066982398e-09
1.059574452e-09
1.050454039e-09
1.040250003e-09
1.029728687e-09
1.01982644e-09
1.011698658e-09
1.006775458e-09
1.049730435e-09
1.044514561e-09
1.03705082e-09
1.027852972e-09
1.017550298e-09
1.006913245e-09
9.968881709e-10
9.886486029e-10
9.836521243e-10
1.026668719e-09
1.021384595e-09
1.013816889e-09
1.004480231e-09
9.94007305e-10
9.83177053e-10
9.729524386e-10
9.6453488e-10
9.594232341e-10
1.002828183e-09
9.974404585e-10
9.897170229e-10
9.801757196e-10
9.694558874e-10
9.583497317e-10
9.478439016e-10
9.39178108e-10
9.339070599e-10
9.780595988e-10
9.725312011e-10
9.645978679e-10
9.54783227e-10
9.437367922e-10
9.322691007e-10
9.213978992e-10
9.12411923e-10
9.069365327e-10
9.522191198e-10
9.465123316e-10
9.383141626e-10
9.281568133e-10
9.167037231e-10
9.047890314e-10
8.934691087e-10
8.840923717e-10
8.783691352e-10
9.251742018e-10
9.192520379e-10
9.107354042e-10
9.001680557e-10
8.882312772e-10
8.757881453e-10
8.639410215e-10
8.541080835e-10
8.480975407e-10
8.968102452e-10
8.90638117e-10
8.817532024e-10
8.707139406e-10
8.582234645e-10
8.451790122e-10
8.327358139e-10
8.223907279e-10
8.160604507e-10
8.670377545e-10
8.605853843e-10
8.512890472e-10
8.397250759e-10
8.266224208e-10
8.129173798e-10
7.998240605e-10
7.889251203e-10
7.822529338e-10
8.357997302e-10
8.290432468e-10
8.19302131e-10
8.071738043e-10
7.934168182e-10
7.790108517e-10
7.652336161e-10
7.537582189e-10
7.467354493e-10
8.030789187e-10
7.960030311e-10
7.857967695e-10
7.730816967e-10
7.586493793e-10
7.435263387e-10
7.29056905e-10
7.17006173e-10
7.096406674e-10
7.689044607e-10
7.615045807e-10
7.508288877e-10
7.375258372e-10
7.224228379e-10
7.06595555e-10
6.914558244e-10
6.788585796e-10
6.711772073e-10
7.333574193e-10
7.256415721e-10
7.145109846e-10
7.006432666e-10
6.849036697e-10
6.684178412e-10
6.526635131e-10
6.395791809e-10
6.316295275e-10
6.96574628e-10
6.885649767e-10
6.770149832e-10
6.626329745e-10
6.463229687e-10
6.292596934e-10
6.129823821e-10
5.995024361e-10
5.913534384e-10
6.587503171e-10
6.504841265e-10
6.385724288e-10
6.237549161e-10
6.069739817e-10
5.894505632e-10
5.727780541e-10
5.590257061e-10
5.507670548e-10
6.201350537e-10
6.116649373e-10
5.994716261e-10
5.843257058e-10
5.672060365e-10
5.493747833e-10
5.324692046e-10
5.185971965e-10
5.103374518e-10
5.810316817e-10
5.724250218e-10
5.600515174e-10
5.447108912e-10
5.274149075e-10
5.094598338e-10
4.925137175e-10
4.787002636e-10
4.705637752e-10
5.417881706e-10
5.331256658e-10
5.206923809e-10
5.053140294e-10
4.880300198e-10
4.701615588e-10
4.533919925e-10
4.398351398e-10
4.319580184e-10
5.027875628e-10
4.941609402e-10
4.818037445e-10
4.665631262e-10
4.49499252e-10
4.319473227e-10
4.155886235e-10
4.024995067e-10
3.950250357e-10
4.644355094e-10
4.559445291e-10
4.438102281e-10
4.288953182e-10
4.122724138e-10
3.952783858e-10
3.795739319e-10
3.671695713e-10
3.602435574e-10
4.271461754e-10
4.188951363e-10
4.071362942e-10
3.92740924e-10
3.767846834e-10
3.605929499e-10
3.457869554e-10
3.342833685e-10
3.280500046e-10
3.913275084e-10
3.834215314e-10
3.721910613e-10
3.585081271e-10
3.434413893e-10
3.282913838e-10
3.146215285e-10
3.042280404e-10
2.988269246e-10
3.573669967e-10
3.499084046e-10
3.393544112e-10
3.265696079e-10
3.126055694e-10
2.987252339e-10
2.864173105e-10
2.773332705e-10
2.728985171e-10
3.256190657e-10
3.187042137e-10
3.089656392e-10
2.972524972e-10
2.845899338e-10
2.721921459e-10
2.61458818e-10
2.538754141e-10
2.505394857e-10
2.963952692e-10
2.901122406e-10
2.813160033e-10
2.708333209e-10
2.596555912e-10
2.489405985e-10
2.399895672e-10
2.34105566e-10
2.320207369e-10
2.699586002e-10
2.64386355e-10
2.566470367e-10
2.475405487e-10
2.380217301e-10
2.291923596e-10
2.222576983e-10
2.183363007e-10
2.17795244e-10
2.465241576e-10
2.417342054e-10
2.35158287e-10
2.275701287e-10
2.198940516e-10
2.131971757e-10
2.086241325e-10
2.07084757e-10
2.082564898e-10
2.262718967e-10
2.223349197e-10
2.170341958e-10
2.111296662e-10
2.055267079e-10
2.013425427e-10
1.993957145e-10
2.002684379e-10
2.033085581e-10
2.093897576e-10
2.063931951e-10
2.025165343e-10
1.985818851e-10
1.953457279e-10
1.93704416e-10
1.94508599e-10
1.97941656e-10
2.028236461e-10
1.962123451e-10
1.943090743e-10
1.920277199e-10
1.900519022e-10
1.891399314e-10
1.901975492e-10
1.937462485e-10
1.999824502e-10
2.07076231e-10
1.869519927e-10
1.860874361e-10
1.853576656e-10
1.854659724e-10
1.869646402e-10
1.907220396e-10
1.973696229e-10
2.068335436e-10
2.165603835e-10
1.814853574e-10
1.816760559e-10
1.825118039e-10
1.84613166e-10
1.886921641e-10
1.955473438e-10
2.057776208e-10
2.190613613e-10
2.319924085e-10
1.795011902e-10
1.808050674e-10
1.833256396e-10
1.87690425e-10
1.946719807e-10
2.051009498e-10
2.19562669e-10
2.374788649e-10
2.544015698e-10
1.811856898e-10
1.837061144e-10
1.880959829e-10
1.950268522e-10
2.053531366e-10
2.199973875e-10
2.395781744e-10
2.632463516e-10
2.852505142e-10
1.867917161e-10
1.90677916e-10
1.971941198e-10
2.070957692e-10
2.213726885e-10
2.411123216e-10
2.670337267e-10
2.980000355e-10
3.265979597e-10
1.966864387e-10
2.021467339e-10
2.111447093e-10
2.245725404e-10
2.436327096e-10
2.696777274e-10
3.036228385e-10
3.44026341e-10
3.813229948e-10
2.114002782e-10
2.187224652e-10
2.306914448e-10
2.484078249e-10
2.73393553e-10
3.074059941e-10
3.516944566e-10
4.044998877e-10
4.534355651e-10
2.316847815e-10
2.412634786e-10
2.568730426e-10
2.79920206e-10
3.123938681e-10
3.566526565e-10
4.144806462e-10
4.838031585e-10
5.484989473e-10
2.585855803e-10
2.709581025e-10
2.911190722e-10
3.209144108e-10
3.630033531e-10
4.206216896e-10
4.963810095e-10
5.879249668e-10
6.741618857e-10
2.93536366e-10
3.094290174e-10
3.353713495e-10
3.738275632e-10
4.284030456e-10
5.035900667e-10
6.032441031e-10
7.248197844e-10
8.406239267e-10
3.384799788e-10
3.588656257e-10
3.92232288e-10
4.418938341e-10
5.127536559e-10
6.110363638e-10
7.423563486e-10
9.040994348e-10
1.059954863e-09
3.960219098e-10
4.221863485e-10
4.65132351e-10
5.292914061e-10
6.212344943e-10
7.493219014e-10
9.211325924e-10
1.133377625e-09
1.338319305e-09
4.696165573e-10
5.032235619e-10
5.584898419e-10
6.411937021e-10
7.597275971e-10
9.242266709e-10
1.142128326e-09
1.402379908e-09
1.625933659e-09
5.637656045e-10
6.068906226e-10
6.777795681e-10
7.835568006e-10
9.338285861e-10
1.137829829e-09
1.394088919e-09
1.657685702e-09
1.880433352e-09
6.841277882e-10
7.391596982e-10
8.291765306e-10
9.619571435e-10
1.145714304e-09
1.380292328e-09
1.631225563e-09
1.906557361e-09
2.176696678e-09
8.37157494e-10
9.062265893e-10
1.017541169e-09
1.176919475e-09
1.383645004e-09
1.602730988e-09
1.871835862e-09
2.212118163e-09
2.557838419e-09
1.027862232e-09
1.110718779e-09
1.238220421e-09
1.405519717e-09
1.590006926e-09
1.834213621e-09
2.173018838e-09
2.615247105e-09
3.055945546e-09
1.249966725e-09
1.338103743e-09
1.446885908e-09
1.599134488e-09
1.8144394e-09
2.128329359e-09
2.575817456e-09
3.151609732e-09
3.699094979e-09
1.439198559e-09
1.51502296e-09
1.635911818e-09
1.822199375e-09
2.1046327e-09
2.525132548e-09
3.118692353e-09
3.854466802e-09
4.511064396e-09
1.617083911e-09
1.709364901e-09
1.86661337e-09
2.115984116e-09
2.498585552e-09
3.063791232e-09
3.838357802e-09
4.748584435e-09
5.502563902e-09
1.83829021e-09
1.962278692e-09
2.176309359e-09
2.516858215e-09
3.035342129e-09
3.782920508e-09
4.762189064e-09
5.839805595e-09
6.666449573e-09
2.136926991e-09
2.307095556e-09
2.600620955e-09
3.063834338e-09
3.75444959e-09
4.712279499e-09
5.895926014e-09
7.109567655e-09
7.974633837e-09
2.546923884e-09
2.780205148e-09
3.179184737e-09
3.797023338e-09
4.687287548e-09
5.859525087e-09
7.217156828e-09
8.515117352e-09
9.380775037e-09
3.107797113e-09
3.422851166e-09
3.952614896e-09
4.748353851e-09
5.843322851e-09
7.202724177e-09
8.676829931e-09
9.997331045e-09
1.082854852e-08
3.862677746e-09
4.275385523e-09
4.951435808e-09
5.927415143e-09
7.20206984e-09
8.691671358e-09
1.020939466e-08
1.149260407e-08
1.226185793e-08
4.847471802e-09
5.363493187e-09
6.182444979e-09
7.313560233e-09
8.713769622e-09
1.025840754e-08
1.174649326e-08
1.294370934e-08
1.363305298e-08
6.076176884e-09
6.685680957e-09
7.620800625e-09
8.856099024e-09
1.030948092e-08
1.183151581e-08
1.322838783e-08
1.430640572e-08
1.490717341e-08
7.529762954e-09
8.206425735e-09
9.21106342e-09
1.048423382e-08
1.191543322e-08
1.334811567e-08
1.461019165e-08
1.555135928e-08
1.606242621e-08
9.15409466e-09
9.860267323e-09
1.087808393e-08
1.212156643e-08
1.346552465e-08
1.476050905e-08
1.586307762e-08
1.666270506e-08
1.708823915e-08
1.087006661e-08
1.156538541e-08
1.254227026e-08
1.369909075e-08
1.490867068e-08
1.603763566e-08
1.697220259e-08
1.763494888e-08
1.798227517e-08
1.259067778e-08
1.324003401e-08
1.413298466e-08
1.51631499e-08
1.621087838e-08
1.716308913e-08
1.793315843e-08
1.846943505e-08
1.874726777e-08
1.423725671e-08
1.481548629e-08
1.559650915e-08
1.647797347e-08
1.735364378e-08
1.81315391e-08
1.874812569e-08
1.917090533e-08
1.938788857e-08
1.574966953e-08
1.624260729e-08
1.689830066e-08
1.762430226e-08
1.833055804e-08
1.894485094e-08
1.942224901e-08
1.974406329e-08
1.990713742e-08
1.708957185e-08
1.749259208e-08
1.802124265e-08
1.85960902e-08
1.914364116e-08
1.960877636e-08
1.99605834e-08
2.018975214e-08
2.030031241e-08
1.823859633e-08
1.855408274e-08
1.896203164e-08
1.939692571e-08
1.980054174e-08
2.01313273e-08
2.036731101e-08
2.050238075e-08
2.053929954e-08
1.919407726e-08
1.942887032e-08
1.972724727e-08
2.003701979e-08
2.031311651e-08
2.052419327e-08
2.065342861e-08
2.069415981e-08
2.068173981e-08
1.996425967e-08
2.012753289e-08
2.032966606e-08
2.053033098e-08
2.069526101e-08
2.080076029e-08
2.083373383e-08
2.079528576e-08
2.075948688e-08
2.056398325e-08
2.066559971e-08
2.078499376e-08
2.089167292e-08
2.095958434e-08
2.096997751e-08
2.091106939e-08
2.083727239e-08
2.079166936e-08
2.101114511e-08
2.106044668e-08
2.110930659e-08
2.113476379e-08
2.111630193e-08
2.103733766e-08
2.093052433e-08
2.08410664e-08
2.07921364e-08
2.132381962e-08
2.132876284e-08
2.13169628e-08
2.12707034e-08
2.117264757e-08
2.103942448e-08
2.091292807e-08
2.081892115e-08
2.077012159e-08
2.151762689e-08
2.148413638e-08
2.14182647e-08
2.130544191e-08
2.11553487e-08
2.100188124e-08
2.087104776e-08
2.077871599e-08
2.073190758e-08
2.160253938e-08
2.153427006e-08
2.141617746e-08
2.126220096e-08
2.109548342e-08
2.093980776e-08
2.08131211e-08
2.072582011e-08
2.068195065e-08
2.157637275e-08
2.147817976e-08
2.133874904e-08
2.11761217e-08
2.101118993e-08
2.086289741e-08
2.074475258e-08
2.066409657e-08
2.062356764e-08
2.146540265e-08
2.136260398e-08
2.122386929e-08
2.10679175e-08
2.091383944e-08
2.0777577e-08
2.066989688e-08
2.059644339e-08
2.055932879e-08
2.131821403e-08
2.122128787e-08
2.10925773e-08
2.095002137e-08
2.081069262e-08
2.068818351e-08
2.059141513e-08
2.052509615e-08
2.049127833e-08
2.11590952e-08
2.107186403e-08
2.095673794e-08
2.082992795e-08
2.070636087e-08
2.059765366e-08
2.051140345e-08
2.045180238e-08
2.042105974e-08
2.100044494e-08
2.092391409e-08
2.082307515e-08
2.071206628e-08
2.060371819e-08
2.050796311e-08
2.043140061e-08
2.037792901e-08
2.034999153e-08
2.084867059e-08
2.078250638e-08
2.069524078e-08
2.059893442e-08
2.050449387e-08
2.042041903e-08
2.03525275e-08
2.030453499e-08
2.027911903e-08
2.070682367e-08
2.065007523e-08
2.057502309e-08
2.049181575e-08
2.040966482e-08
2.033586011e-08
2.02755861e-08
2.023242577e-08
2.02092548e-08
2.057602404e-08
2.052750877e-08
2.046308996e-08
2.039123986e-08
2.031971745e-08
2.025479557e-08
2.020113273e-08
2.016219746e-08
2.014101354e-08
2.045629798e-08
2.041481e-08
2.035945509e-08
2.02972805e-08
2.02348227e-08
2.017750288e-08
2.012953429e-08
2.009427443e-08
2.007484365e-08
2.034708725e-08
2.03115043e-08
2.026377094e-08
2.020974706e-08
2.015495267e-08
2.01040972e-08
2.006101213e-08
2.002894167e-08
2.001105594e-08
2.024755762e-08
2.021688817e-08
2.017550978e-08
2.012830588e-08
2.00799579e-08
2.003458115e-08
1.99956769e-08
1.996637285e-08
1.994984932e-08
2.015678069e-08
2.013017676e-08
2.009407265e-08
2.005255558e-08
2.000961834e-08
1.996888048e-08
1.993355614e-08
1.990665425e-08
1.989133364e-08
2.007383552e-08
2.005058701e-08
2.001885234e-08
1.998207264e-08
1.994367666e-08
1.990686999e-08
1.987461621e-08
1.984980502e-08
1.983554923e-08
1.99978607e-08
1.997738112e-08
1.99492675e-08
1.991643798e-08
1.98818597e-08
1.984839216e-08
1.981877965e-08
1.97957939e-08
1.978248358e-08
1.992807699e-08
1.990988609e-08
1.988477932e-08
1.985525167e-08
1.982389225e-08
1.979327067e-08
1.976593881e-08
1.974455314e-08
1.973208529e-08
1.986379308e-08
1.984749966e-08
1.982489794e-08
1.979814027e-08
1.976950566e-08
1.974132025e-08
1.971596664e-08
1.969598978e-08
1.968427557e-08
1.980440257e-08
1.978968882e-08
1.976918315e-08
1.974475993e-08
1.971844318e-08
1.969235386e-08
1.966872517e-08
1.964999499e-08
1.963895792e-08
1.974937686e-08
1.973598486e-08
1.971724221e-08
1.969479713e-08
1.967046333e-08
1.96461882e-08
1.962407258e-08
1.960645194e-08
1.959602644e-08
1.969825659e-08
1.968597712e-08
1.966872645e-08
1.964796831e-08
1.962534231e-08
1.96026483e-08
1.958186931e-08
1.956524305e-08
1.955537343e-08
1.965064333e-08
1.963930683e-08
1.962332798e-08
1.960401943e-08
1.958287613e-08
1.95615719e-08
1.954198423e-08
1.952625726e-08
1.951689744e-08
1.960619241e-08
1.959566205e-08
1.958077708e-08
1.956272614e-08
1.954288353e-08
1.952281477e-08
1.950430195e-08
1.948939887e-08
1.948051286e-08
1.956460797e-08
1.955477446e-08
1.954084158e-08
1.952389596e-08
1.950521099e-08
1.948625842e-08
1.946873303e-08
1.945459983e-08
1.944616353e-08
1.952564145e-08
1.951641983e-08
1.950332979e-08
1.948737419e-08
1.946974185e-08
1.945182269e-08
1.94352299e-08
1.942183864e-08
1.941384361e-08
1.94890979e-08
1.948042617e-08
1.946810142e-08
1.945305814e-08
1.943641449e-08
1.941948816e-08
1.940381375e-08
1.939117127e-08
1.938363125e-08
1.94548597e-08
1.944669949e-08
1.943509618e-08
1.94209294e-08
1.940525881e-08
1.938933745e-08
1.937462102e-08
1.936278274e-08
1.935574383e-08
1.942295677e-08
1.941529547e-08
1.940440743e-08
1.939112965e-08
1.937647441e-08
1.936163589e-08
1.934798665e-08
1.933707315e-08
1.933062657e-08
1.939375977e-08
1.938661063e-08
1.937646998e-08
1.936414359e-08
1.935060566e-08
1.933699547e-08
1.932459515e-08
1.931479765e-08
1.930908706e-08
1.936851892e-08
1.936190554e-08
1.935255756e-08
1.934125808e-08
1.932895072e-08
1.931672331e-08
1.930576267e-08
1.929728692e-08
1.929247727e-08
1.935084725e-08
1.934471601e-08
1.933608525e-08
1.932572092e-08
1.931454203e-08
1.930359292e-08
1.929397928e-08
1.928676822e-08
1.928285962e-08
1.099384522e-22
4.11729446e-22
9.184756859e-22
1.740394883e-21
3.071901557e-21
5.249162627e-21
8.856303639e-21
1.49031315e-20
2.513765848e-20
4.258556701e-20
7.248775679e-20
1.239266139e-19
2.126487945e-19
3.659648002e-19
6.312516778e-19
1.090709812e-18
1.88697493e-18
3.267583142e-18
5.662181716e-18
9.816616766e-18
1.702579231e-17
2.953801389e-17
5.125696422e-17
8.895989701e-17
1.54410905e-16
2.680239494e-16
4.652048103e-16
8.07315902e-16
1.400597949e-15
2.428747079e-15
4.20884395e-15
7.287053915e-15
1.26017452e-14
2.176029124e-14
3.750645437e-14
6.450519848e-14
1.106524295e-13
1.892459099e-13
3.225563755e-13
5.476520873e-13
9.258070386e-13
1.557528436e-12
2.606247508e-12
4.335098104e-12
7.162999947e-12
1.174847057e-11
1.911226399e-11
3.081353234e-11
4.920044905e-11
7.776946684e-11
1.216957221e-10
1.886507679e-10
2.900982343e-10
4.43211435e-10
6.727004764e-10
1.006188343e-09
1.46593104e-09
2.076233653e-09
2.835250977e-09
3.682400944e-09
4.470400402e-09
4.989409771e-09
5.085339847e-09
4.793915315e-09
4.309453312e-09
3.815323658e-09
3.397667862e-09
3.073739071e-09
2.834560347e-09
2.666023799e-09
2.554899517e-09
2.490415141e-09
2.464214953e-09
2.46989376e-09
2.502493294e-09
2.558076801e-09
2.633404471e-09
2.725702992e-09
2.8325147e-09
2.951610308e-09
3.08094913e-09
3.218671712e-09
3.363109167e-09
3.513058156e-09
3.667638999e-09
3.826487557e-09
3.987468453e-09
4.148774552e-09
4.308828335e-09
4.466192968e-09
4.619523337e-09
4.767550946e-09
4.90909006e-09
5.043054035e-09
5.168473951e-09
5.284514649e-09
5.390485696e-09
5.485846507e-09
5.570205946e-09
5.643317328e-09
5.70506994e-09
5.755478168e-09
5.794669177e-09
5.822869874e-09
5.840393715e-09
5.847627719e-09
5.845019973e-09
5.833067788e-09
5.812306612e-09
5.783299789e-09
5.746629184e-09
5.702886718e-09
5.652666802e-09
5.596559685e-09
5.535145678e-09
5.468990236e-09
5.398639868e-09
5.324618809e-09
5.24742642e-09
5.167535242e-09
5.085389654e-09
5.001405058e-09
4.915967536e-09
4.829433911e-09
4.742132148e-09
4.654362042e-09
4.566396141e-09
4.47848084e-09
4.390837623e-09
4.303664397e-09
4.217136894e-09
4.131410097e-09
4.046619691e-09
3.962883487e-09
3.880302825e-09
3.798963934e-09
3.718939242e-09
3.640288617e-09
3.563060552e-09
3.487293268e-09
3.41301576e-09
3.340248762e-09
3.269005653e-09
3.19929327e-09
3.131112648e-09
3.064459669e-09
2.999325625e-09
2.935697866e-09
2.873560728e-09
2.812896096e-09
2.753683485e-09
2.695900309e-09
2.639522233e-09
2.584523511e-09
2.530877246e-09
2.478555628e-09
2.427530168e-09
2.377771896e-09
2.329251538e-09
2.281939669e-09
2.235806849e-09
2.190823741e-09
2.146961197e-09
2.104190346e-09
2.062482661e-09
2.021810017e-09
1.982144746e-09
1.943459674e-09
1.905728158e-09
1.868924114e-09
1.833022033e-09
1.797997003e-09
1.763824713e-09
1.730481459e-09
1.697944142e-09
1.666190257e-09
1.635197874e-09
1.604945608e-09
1.575412566e-09
1.546578272e-09
1.518422567e-09
1.490925457e-09
1.46406691e-09
1.437826585e-09
1.412183476e-09
1.387115462e-09
1.362598735e-09
1.338607112e-09
1.315111225e-09
1.292077567e-09
1.269467434e-09
1.247235762e-09
1.225329912e-09
1.203688434e-09
1.182239904e-09
1.160901923e-09
1.139580814e-09
1.118171423e-09
1.096557038e-09
1.074610041e-09
1.052193353e-09
1.029162686e-09
1.005369676e-09
9.806659157e-10
9.549078922e-10
9.279627632e-10
8.997148668e-10
8.700727635e-10
8.389765418e-10
8.064050259e-10
7.72382443e-10
7.36984042e-10
7.003401133e-10
6.626378678e-10
6.241207045e-10
5.85084531e-10
5.458710186e-10
5.06857943e-10
4.68447059e-10
4.310502512e-10
3.950749232e-10
3.6090973e-10
3.289117894e-10
2.993965044e-10
2.726312602e-10
2.488350319e-10
2.281890126e-10
2.108741981e-10
1.971877815e-10
1.874470753e-10
1.814929771e-10
1.789987987e-10
1.801303918e-10
1.851203309e-10
1.943101825e-10
2.081961494e-10
2.27483869e-10
2.531576913e-10
2.865701081e-10
3.295576347e-10
3.845894179e-10
4.549514374e-10
5.449528598e-10
6.600783058e-10
8.067821105e-10
9.907371825e-10
1.208362639e-09
1.405491476e-09
1.577557643e-09
1.785721976e-09
2.064876739e-09
2.447858678e-09
2.972970429e-09
3.683677937e-09
4.619706678e-09
5.801797895e-09
7.219090389e-09
8.823945482e-09
1.053983347e-08
1.227816784e-08
1.395590236e-08
1.55075798e-08
1.688999777e-08
1.808108766e-08
1.907574942e-08
1.988088249e-08
2.051082735e-08
2.098360774e-08
2.131787544e-08
2.153016309e-08
2.16316639e-08
2.162285361e-08
2.151550281e-08
2.136591943e-08
2.120219964e-08
2.103831082e-08
2.088139834e-08
2.073485657e-08
2.059993981e-08
2.047669588e-08
2.036452951e-08
2.026254299e-08
2.016973646e-08
2.008511958e-08
2.000776849e-08
1.99368501e-08
1.987162798e-08
1.98114586e-08
1.975578309e-08
1.970411751e-08
1.965604348e-08
1.961119999e-08
1.956927745e-08
1.953001538e-08
1.949320769e-08
1.945872556e-08
1.942658687e-08
1.939715038e-08
1.937166111e-08
1.93537666e-08
)
;

boundaryField
{
    outlet
    {
        type            inletOutlet;
        inletValue      uniform 0;
        value           nonuniform List<scalar> 10(1.935084725e-08 1.934471601e-08 1.933608525e-08 1.932572092e-08 1.931454203e-08 1.930359292e-08 1.929397928e-08 1.928676822e-08 1.928285962e-08 1.93537666e-08);
    }
    inlet
    {
        type            fixedValue;
        value           uniform 0;
    }
    front
    {
        type            wedge;
    }
    wall
    {
        type            zeroGradient;
    }
    back
    {
        type            wedge;
    }
}


// ************************************************************************* //
