/*--------------------------------*- C++ -*----------------------------------*\
| =========                 |                                                 |
| \\      /  F ield         | OpenFOAM: The Open Source CFD Toolbox           |
|  \\    /   O peration     | Version:  2212                                  |
|   \\  /    A nd           | Website:  www.openfoam.com                      |
|    \\/     M anipulation  |                                                 |
\*---------------------------------------------------------------------------*/
FoamFile
{
    version     2.0;
    format      ascii;
    arch        "LSB;label=32;scalar=64";
    class       volScalarField;
    location    "20.00000000";
    object      A1C2H;
}
// * * * * * * * * * * * * * * * * * * * * * * * * * * * * * * * * * * * * * //

dimensions      [0 0 0 0 0 0 0];

internalField   nonuniform List<scalar> 
3000
(
3.484355953e-25
3.913944577e-25
4.562176331e-25
5.425995242e-25
6.496638111e-25
7.745057293e-25
9.096062602e-25
1.038521509e-24
1.12969711e-24
1.308219672e-24
1.475451297e-24
1.727692395e-24
2.064577152e-24
2.485780396e-24
2.988965874e-24
3.565409827e-24
4.185907174e-24
4.735708219e-24
2.930452288e-24
3.331026567e-24
3.941006446e-24
4.769244969e-24
5.830670927e-24
7.140682384e-24
8.694155836e-24
1.040372157e-23
1.186519577e-23
5.58219179e-24
6.411827747e-24
7.693698817e-24
9.471220462e-24
1.180741468e-23
1.476161093e-23
1.831759576e-23
2.219021319e-23
2.531606786e-23
9.913309307e-24
1.152656813e-23
1.405847047e-23
1.763770439e-23
2.243270632e-23
2.857779749e-23
3.597013318e-23
4.38196703e-23
4.98450758e-23
1.704800682e-23
2.007642178e-23
2.489745265e-23
3.181889531e-23
4.121018509e-23
5.330784991e-23
6.775118126e-23
8.271918129e-23
9.379431672e-23
2.894295226e-23
3.450639387e-23
4.346618819e-23
5.647469024e-23
7.425653074e-23
9.716541033e-23
1.242542756e-22
1.517778652e-22
1.716382975e-22
4.898254329e-23
5.905144773e-23
7.5411376e-23
9.934765073e-23
1.321954838e-22
1.744278007e-22
2.239258813e-22
2.734847038e-22
3.086478278e-22
8.30303608e-23
1.010601623e-22
1.305444231e-22
1.739014805e-22
2.335061705e-22
3.099311875e-22
3.988589517e-22
4.869689272e-22
5.487944818e-22
1.412393053e-22
1.732696311e-22
2.258890331e-22
3.035171815e-22
4.103015724e-22
5.468615835e-22
7.048817364e-22
8.603006716e-22
9.685455139e-22
2.412005916e-22
2.977681626e-22
3.909933508e-22
5.288058947e-22
7.183870924e-22
9.602893252e-22
1.239052604e-21
1.511821856e-21
1.700844534e-21
4.134000201e-22
5.128601194e-22
6.771344876e-22
9.202870023e-22
1.254712991e-21
1.680675174e-21
2.170067303e-21
2.647213237e-21
2.976720096e-21
7.106891695e-22
8.849876479e-22
1.173307811e-21
1.600411803e-21
2.18768417e-21
2.934676922e-21
3.791030336e-21
4.623834971e-21
5.197564667e-21
1.224719047e-21
1.529417713e-21
2.033976802e-21
2.781794504e-21
3.809787999e-21
5.116019932e-21
6.611115925e-21
8.062463009e-21
9.060597006e-21
2.114464105e-21
2.646155619e-21
3.527254437e-21
4.833594978e-21
6.628971413e-21
8.90853667e-21
1.151468834e-20
1.404126411e-20
1.577670291e-20
3.655733968e-21
4.582288417e-21
6.118550927e-21
8.396775567e-21
1.152730327e-20
1.549981071e-20
2.003758565e-20
2.443255532e-20
2.744855581e-20
6.327122623e-21
7.940219377e-21
1.061580413e-20
1.458421423e-20
2.003643832e-20
2.695206753e-20
3.484671184e-20
4.248734367e-20
4.772696612e-20
1.095921474e-20
1.376557106e-20
1.842161831e-20
2.532812266e-20
3.481582404e-20
4.684597937e-20
6.057243217e-20
7.384978303e-20
8.295006614e-20
1.899359903e-20
2.387338749e-20
3.197097726e-20
4.398311633e-20
6.048267176e-20
8.13978008e-20
1.052525978e-19
1.283166922e-19
1.441188275e-19
3.293245751e-20
4.141435516e-20
5.549098679e-20
7.637282024e-20
1.05052e-19
1.413970377e-19
1.828361948e-19
2.228866641e-19
2.503176159e-19
5.711882992e-20
7.185750311e-20
9.631937165e-20
1.32605913e-19
1.824346386e-19
2.455662669e-19
3.175225485e-19
3.870422731e-19
4.3464088e-19
9.909032587e-20
1.246951083e-19
1.671917004e-19
2.302256923e-19
3.167679715e-19
4.263833177e-19
5.512763913e-19
6.718942766e-19
7.544491453e-19
1.719263631e-19
2.163985448e-19
2.902057887e-19
3.996668461e-19
5.499149118e-19
7.401564746e-19
9.568234661e-19
1.165981044e-18
1.309076049e-18
2.983162658e-19
3.755410187e-19
5.036909669e-19
6.937063479e-19
9.544418765e-19
1.284441361e-18
1.660089313e-18
2.022521155e-18
2.270351779e-18
5.176021405e-19
6.516647083e-19
8.740934528e-19
1.203804312e-18
1.656036643e-18
2.2280925e-18
2.878864175e-18
3.506310877e-18
3.935078451e-18
8.979556931e-19
1.130607203e-18
1.516507793e-18
2.088306678e-18
2.87215299e-18
3.862991811e-18
4.989247718e-18
6.074182174e-18
6.814948686e-18
1.557398207e-18
1.960948453e-18
2.630079673e-18
3.621020123e-18
4.978464483e-18
6.692824428e-18
8.639436113e-18
1.051251091e-17
1.179000239e-17
2.700009932e-18
3.399542341e-18
4.558894095e-18
6.2746294e-18
8.622760944e-18
1.158487634e-17
1.49437815e-17
1.817114623e-17
2.036922137e-17
4.678150067e-18
5.889692189e-18
7.896377685e-18
1.086345693e-17
1.491939036e-17
2.002842387e-17
2.581207913e-17
3.135916951e-17
3.513047447e-17
8.099051836e-18
1.019493188e-17
1.366364917e-17
1.878675399e-17
2.577962722e-17
3.457220939e-17
4.45049876e-17
5.401009406e-17
6.045817282e-17
1.400680488e-17
1.762708095e-17
2.36128687e-17
3.244127013e-17
4.446985148e-17
5.956048461e-17
7.656439656e-17
9.279160291e-17
1.03770443e-16
2.419179701e-17
3.043327123e-17
4.074058226e-17
5.591686905e-17
7.654853629e-17
1.023624837e-16
1.313595981e-16
1.589413219e-16
1.775428245e-16
4.171450637e-17
5.244942684e-17
7.015142254e-17
9.616171518e-17
1.314275973e-16
1.754094788e-16
2.246342934e-16
2.71275388e-16
3.026134979e-16
7.178764974e-17
9.019736797e-17
1.205018785e-16
1.649197236e-16
2.249528959e-16
2.995396652e-16
3.826619727e-16
4.610694237e-16
5.135260009e-16
1.232535946e-16
1.547151243e-16
2.063964438e-16
2.819261252e-16
3.836310028e-16
5.09437216e-16
6.489555013e-16
7.798927249e-16
8.670719274e-16
2.110436903e-16
2.645895228e-16
3.523333676e-16
4.801320198e-16
6.514859093e-16
8.623853361e-16
1.094983779e-15
1.31204329e-15
1.455798058e-15
3.602452196e-16
4.509435634e-16
5.991476903e-16
8.141664912e-16
1.101069169e-15
1.452200974e-15
1.837098277e-15
2.194063797e-15
2.429123327e-15
6.127793294e-16
7.655737024e-16
1.014438622e-15
1.3739083e-15
1.850953407e-15
2.431174843e-15
3.062968694e-15
3.645028522e-15
4.025987712e-15
1.038283374e-15
1.294115212e-15
1.709288257e-15
2.30603227e-15
3.09322952e-15
4.044235636e-15
5.072414432e-15
6.013034482e-15
6.624790748e-15
1.751702352e-15
2.177155361e-15
2.864810146e-15
3.84786483e-15
5.136266374e-15
6.681574984e-15
8.33979913e-15
9.845825061e-15
1.081899997e-14
2.941484162e-15
3.643783357e-15
4.773894649e-15
6.380034388e-15
8.470507891e-15
1.095886557e-14
1.36084115e-14
1.5997026e-14
1.753053806e-14
4.914367094e-15
6.064401995e-15
7.906203505e-15
1.050752272e-14
1.386869663e-14
1.783833672e-14
2.203188191e-14
2.578450749e-14
2.817833584e-14
8.165861539e-15
1.003306353e-14
1.30083715e-14
1.718321415e-14
2.253707275e-14
2.880983877e-14
3.538422995e-14
4.122449371e-14
4.492688282e-14
1.349010079e-14
1.649459615e-14
2.12570027e-14
2.789445778e-14
3.634142541e-14
4.615932311e-14
5.636936625e-14
6.537504084e-14
7.105007055e-14
2.214937395e-14
2.693900003e-14
3.449010132e-14
4.494227846e-14
5.814223481e-14
7.336385041e-14
8.907383428e-14
1.028365249e-13
1.114602798e-13
3.613319104e-14
4.369589936e-14
5.555401989e-14
7.185576814e-14
9.228773273e-14
1.1566864e-13
1.396247246e-13
1.604763729e-13
1.734731246e-13
5.855031489e-14
7.037646482e-14
8.881917936e-14
1.140023425e-13
1.45334176e-13
1.809246098e-13
2.171400092e-13
2.48472555e-13
2.679067458e-13
9.421641886e-14
1.125308695e-13
1.409405719e-13
1.794800081e-13
2.270912369e-13
2.807968304e-13
3.350937642e-13
3.818082533e-13
4.106540487e-13
1.505271238e-13
1.786183954e-13
2.219709957e-13
2.804134029e-13
3.521303079e-13
4.324987738e-13
5.132676156e-13
5.824027742e-13
6.249209238e-13
2.387442622e-13
2.814281201e-13
3.469797186e-13
4.348250637e-13
5.419488974e-13
6.612686879e-13
7.805270814e-13
8.82135796e-13
9.443993859e-13
3.758767468e-13
4.401455708e-13
5.383921548e-13
6.693228443e-13
8.280611968e-13
1.003889366e-12
1.178754697e-12
1.327122452e-12
1.417748329e-12
5.874123417e-13
6.833419407e-13
8.293551193e-13
1.022941843e-12
1.25639118e-12
1.513668015e-12
1.768397819e-12
1.983733598e-12
2.114899257e-12
9.112323169e-13
1.053232528e-12
1.268504839e-12
1.552571567e-12
1.893475085e-12
2.267469146e-12
2.636292736e-12
2.947068117e-12
3.135910254e-12
1.403201506e-12
1.611753347e-12
1.926765771e-12
2.340671469e-12
2.835228477e-12
3.375589351e-12
3.90660606e-12
4.352778455e-12
4.623328995e-12
2.145167351e-12
2.449220748e-12
2.906976296e-12
3.506127385e-12
4.21923361e-12
4.995572425e-12
5.75612073e-12
6.393572997e-12
6.779425177e-12
3.256272481e-12
3.69654615e-12
4.357431547e-12
5.219487603e-12
6.241938586e-12
7.351496149e-12
8.435529698e-12
9.342171328e-12
9.890143919e-12
4.908907249e-12
5.542420906e-12
6.49088148e-12
7.724271634e-12
9.182644123e-12
1.076080654e-11
1.229900809e-11
1.358314172e-11
1.435830571e-11
7.351113208e-12
8.25740013e-12
9.61108609e-12
1.136667358e-11
1.343685422e-11
1.567154575e-11
1.784516862e-11
1.965694084e-11
2.074950153e-11
1.093792677e-11
1.222753346e-11
1.414980866e-11
1.663683685e-11
1.956250938e-11
2.271385521e-11
2.577363133e-11
2.832067804e-11
2.985538052e-11
1.617507366e-11
1.800116631e-11
2.071818281e-11
2.422603248e-11
2.834389287e-11
3.277103156e-11
3.706295499e-11
4.063174194e-11
4.278071198e-11
2.377967077e-11
2.635385273e-11
3.017781197e-11
3.510563009e-11
4.087971325e-11
4.707729339e-11
5.307772137e-11
5.806260781e-11
6.106284668e-11
3.476426856e-11
3.837809325e-11
4.373887225e-11
5.063584239e-11
5.870416769e-11
6.735194033e-11
7.571529538e-11
8.265803942e-11
8.683521004e-11
5.055281978e-11
5.560699171e-11
6.309506091e-11
7.271503847e-11
8.395288422e-11
9.598296891e-11
1.076064354e-10
1.172497705e-10
1.230504596e-10
7.314019102e-11
8.018413158e-11
9.060869412e-11
1.039842017e-10
1.195897784e-10
1.362777116e-10
1.523887781e-10
1.657488961e-10
1.73784264e-10
1.053109232e-10
1.150962879e-10
1.295638982e-10
1.481061464e-10
1.697163452e-10
1.928040275e-10
2.150786536e-10
2.335430262e-10
2.446477178e-10
1.509384149e-10
1.644913363e-10
1.84511983e-10
2.101457556e-10
2.399921497e-10
2.718534642e-10
3.025752016e-10
3.280342774e-10
3.433457298e-10
2.15392888e-10
2.341112601e-10
2.617411517e-10
2.970862585e-10
3.382048491e-10
3.82068233e-10
4.243419847e-10
4.593660628e-10
4.804310087e-10
3.060958889e-10
3.318800411e-10
3.699133197e-10
4.1852811e-10
4.750406695e-10
5.352875228e-10
5.933260255e-10
6.41402234e-10
6.703193746e-10
4.332714385e-10
4.686992314e-10
5.209247648e-10
5.876321537e-10
6.651227195e-10
7.476865504e-10
8.271934081e-10
8.930424511e-10
9.326531191e-10
6.10960116e-10
6.595209849e-10
7.310654859e-10
8.223883923e-10
9.284058681e-10
1.041304882e-09
1.149985446e-09
1.239983934e-09
1.294126259e-09
8.583832637e-10
9.247902395e-10
1.022575549e-09
1.147316958e-09
1.292044328e-09
1.446090241e-09
1.594331251e-09
1.71707335e-09
1.790920184e-09
1.201771242e-09
1.29237575e-09
1.425726528e-09
1.595740016e-09
1.792882874e-09
2.002621584e-09
2.204392727e-09
2.371434924e-09
2.471941811e-09
1.676803427e-09
1.800144945e-09
1.981593662e-09
2.21280362e-09
2.480766069e-09
2.765721933e-09
3.039767833e-09
3.266613203e-09
3.403110205e-09
2.331849619e-09
2.49938134e-09
2.745730617e-09
3.059478011e-09
3.422912925e-09
3.809228265e-09
4.180638232e-09
4.48803197e-09
4.673002299e-09
3.23225357e-09
3.459296207e-09
3.793014563e-09
4.217824056e-09
4.709667473e-09
5.232252656e-09
5.734517919e-09
6.150144155e-09
6.400243411e-09
4.465959644e-09
4.772948441e-09
5.223994175e-09
5.797881786e-09
6.462007561e-09
7.167344317e-09
7.845038089e-09
8.405728648e-09
8.743110646e-09
6.150852061e-09
6.564956575e-09
7.173145382e-09
7.946611651e-09
8.841271408e-09
9.791041696e-09
1.070328485e-08
1.145787261e-08
1.191190057e-08
8.444249331e-09
9.001460735e-09
9.819514291e-09
1.085939431e-08
1.20616368e-08
1.333737872e-08
1.456228034e-08
1.557525049e-08
1.618468428e-08
1.155506785e-08
1.230286257e-08
1.340029495e-08
1.479465998e-08
1.640594868e-08
1.811496468e-08
1.975524725e-08
2.111135506e-08
2.192711334e-08
1.575922683e-08
1.675992534e-08
1.822793734e-08
2.009225694e-08
2.224551803e-08
2.452827123e-08
2.671829687e-08
2.852832323e-08
2.961692003e-08
2.141889551e-08
2.275383653e-08
2.4711388e-08
2.719615832e-08
3.006448268e-08
3.310370285e-08
3.601809864e-08
3.842589657e-08
3.987363899e-08
2.900616049e-08
3.078079817e-08
3.338200685e-08
3.668201854e-08
4.048919814e-08
4.452086632e-08
4.838489038e-08
5.157582409e-08
5.349382359e-08
3.913159176e-08
4.148158967e-08
4.492455239e-08
4.928989889e-08
5.432288641e-08
5.96491623e-08
6.475084364e-08
6.896162449e-08
7.149161991e-08
5.257798514e-08
5.567632166e-08
6.021336279e-08
6.59621686e-08
7.258540187e-08
7.958939301e-08
8.629330985e-08
9.182310336e-08
9.514400808e-08
7.033924175e-08
7.440425493e-08
8.035347795e-08
8.78861588e-08
9.655749352e-08
1.057195466e-07
1.144819125e-07
1.217044079e-07
1.260393733e-07
9.366391091e-08
9.896810347e-08
1.067259665e-07
1.165406381e-07
1.27828408e-07
1.397433999e-07
1.51127916e-07
1.605038765e-07
1.661276042e-07
1.241023924e-07
1.309817033e-07
1.410361746e-07
1.537446455e-07
1.683452146e-07
1.837401597e-07
1.984339813e-07
2.105238225e-07
2.177698403e-07
1.635562075e-07
1.724193599e-07
1.853631037e-07
2.017067844e-07
2.204618412e-07
2.402130746e-07
2.590423678e-07
2.74518405e-07
2.837862077e-07
2.143272404e-07
2.256647439e-07
2.422077388e-07
2.63072714e-07
2.869855485e-07
3.121349024e-07
3.360794802e-07
3.557374754e-07
3.674991869e-07
2.791645336e-07
2.935568789e-07
3.145378491e-07
3.409685337e-07
3.712187963e-07
4.029882576e-07
4.331947672e-07
4.579640481e-07
4.727701108e-07
3.613061612e-07
3.794309391e-07
4.058272936e-07
4.390383171e-07
4.769948638e-07
5.167990509e-07
5.545916598e-07
5.855430545e-07
6.040266391e-07
4.645147277e-07
4.871525938e-07
5.200887859e-07
5.614748032e-07
6.087056173e-07
6.581607e-07
7.050483878e-07
7.433994497e-07
7.662792541e-07
5.931065354e-07
6.211457831e-07
6.618991664e-07
7.130409559e-07
7.713187434e-07
8.322470496e-07
8.89926941e-07
9.370439829e-07
9.651251536e-07
7.519722331e-07
7.864106315e-07
8.364135106e-07
8.990796534e-07
9.703826966e-07
1.044812524e-06
1.115168792e-06
1.172565383e-06
1.206738368e-06
9.465845391e-07
9.885284403e-07
1.049366306e-06
1.12551025e-06
1.21201817e-06
1.302178447e-06
1.387276505e-06
1.456608228e-06
1.49784546e-06
1.182992289e-06
1.233652958e-06
1.307058778e-06
1.398811103e-06
1.502895355e-06
1.61120502e-06
1.713280898e-06
1.796336334e-06
1.845686721e-06
1.467800166e-06
1.52848729e-06
1.616331822e-06
1.725987695e-06
1.850196829e-06
1.979248998e-06
2.100694038e-06
2.199382069e-06
2.257963377e-06
1.808133854e-06
1.880246305e-06
1.984524552e-06
2.114526569e-06
2.261566501e-06
2.41410771e-06
2.557448847e-06
2.673782548e-06
2.742771822e-06
2.211590946e-06
2.296604985e-06
2.419419069e-06
2.572335831e-06
2.745045561e-06
2.92395056e-06
3.091826666e-06
3.227904161e-06
3.308526419e-06
2.686178504e-06
2.785633692e-06
2.929172568e-06
3.107673533e-06
3.308996919e-06
3.517239652e-06
3.712374542e-06
3.870357319e-06
3.963872809e-06
3.240238655e-06
3.355721854e-06
3.52223839e-06
3.729065662e-06
3.96201999e-06
4.202641544e-06
4.42781437e-06
4.609903631e-06
4.717593997e-06
3.882364089e-06
4.015491983e-06
4.20727803e-06
4.445215845e-06
4.712858059e-06
4.988932442e-06
5.246946277e-06
5.455357983e-06
5.578511705e-06
4.621305671e-06
4.77370628e-06
4.993066411e-06
5.264909162e-06
5.570300677e-06
5.884899357e-06
6.178548819e-06
6.415488077e-06
6.555385587e-06
5.465874601e-06
5.639168304e-06
5.888392948e-06
6.196912607e-06
6.543083637e-06
6.899239797e-06
7.23127857e-06
7.498914052e-06
7.656812909e-06
6.424841765e-06
6.620622321e-06
6.90196099e-06
7.249874794e-06
7.639789139e-06
8.040462559e-06
8.413571642e-06
8.714010676e-06
8.891131173e-06
7.506836877e-06
7.726652954e-06
8.042288251e-06
8.43222745e-06
8.868748611e-06
9.316792047e-06
9.733549504e-06
1.006881445e-05
1.026632599e-05
8.72024998e-06
8.965587618e-06
9.317610656e-06
9.752091088e-06
1.02379505e-05
1.073607834e-05
1.119893122e-05
1.157093762e-05
1.178994619e-05
1.007313768e-05
1.03454041e-05
1.073579187e-05
1.121718698e-05
1.175495507e-05
1.230571489e-05
1.281695394e-05
1.322749094e-05
1.346902788e-05
1.157313621e-05
1.187364528e-05
1.230424043e-05
1.283475731e-05
1.342681788e-05
1.403256549e-05
1.459430304e-05
1.504501637e-05
1.531002866e-05
1.322738309e-05
1.355734274e-05
1.402983612e-05
1.461149488e-05
1.526002329e-05
1.59229016e-05
1.653705301e-05
1.702943081e-05
1.731877304e-05
1.504244882e-05
1.540295055e-05
1.591886673e-05
1.65534836e-05
1.726042898e-05
1.798235096e-05
1.865061979e-05
1.918598136e-05
1.95004094e-05
1.702427961e-05
1.741629021e-05
1.797697614e-05
1.866615031e-05
1.943322194e-05
2.021585775e-05
2.093972478e-05
2.151921236e-05
2.185937876e-05
1.917815166e-05
1.960250714e-05
2.020912402e-05
2.095422835e-05
2.178288621e-05
2.26276545e-05
2.340837045e-05
2.403294398e-05
2.439939509e-05
2.150863736e-05
2.196603915e-05
2.261955732e-05
2.342173277e-05
2.431318214e-05
2.522124537e-05
2.605982732e-05
2.673026197e-05
2.712343673e-05
2.401958318e-05
2.451059641e-05
2.521179326e-05
2.607194684e-05
2.702713676e-05
2.799940032e-05
2.889663146e-05
2.96135179e-05
3.00337481e-05
2.671409888e-05
2.723915257e-05
2.79886132e-05
2.890741928e-05
2.992704451e-05
3.096415935e-05
3.19205919e-05
3.268433889e-05
3.313185083e-05
2.959455724e-05
3.015394641e-05
3.095206676e-05
3.192997129e-05
3.301447749e-05
3.411684581e-05
3.513280671e-05
3.59436459e-05
3.641856332e-05
3.266260358e-05
3.325649283e-05
3.410348509e-05
3.514071245e-05
3.629030417e-05
3.745808791e-05
3.853368687e-05
3.939167944e-05
3.989402746e-05
3.591917388e-05
3.654760243e-05
3.744350227e-05
3.854006441e-05
3.975471539e-05
4.098784696e-05
4.212298658e-05
4.302803144e-05
4.35577414e-05
3.936452045e-05
4.002740823e-05
4.097208367e-05
4.212779105e-05
4.340725657e-05
4.47054515e-05
4.589983903e-05
4.685168227e-05
4.740859726e-05
4.299824389e-05
4.369539866e-05
4.468856016e-05
4.59030342e-05
4.724686487e-05
4.860963592e-05
4.98627963e-05
5.086104155e-05
5.144492254e-05
4.681933026e-05
4.755045534e-05
4.859166688e-05
4.986435349e-05
5.127191026e-05
5.26985826e-05
5.40098724e-05
5.505399197e-05
5.566452424e-05
5.082619219e-05
5.159089471e-05
5.267958553e-05
5.400976941e-05
5.548023934e-05
5.696996646e-05
5.833858842e-05
5.94279348e-05
6.00647347e-05
5.501671289e-05
5.581451241e-05
5.694998914e-05
5.833680854e-05
5.986922098e-05
6.142100098e-05
6.284601888e-05
6.397983651e-05
6.464245822e-05
5.93882921e-05
6.021862926e-05
6.140008827e-05
6.284254993e-05
6.443579287e-05
6.604848485e-05
6.752883838e-05
6.870627536e-05
6.939421781e-05
6.393789295e-05
6.48001382e-05
6.602667785e-05
6.752367185e-05
6.917650816e-05
7.084884844e-05
7.238336796e-05
7.360348769e-05
7.431620116e-05
6.866208898e-05
6.955555113e-05
7.08261839e-05
7.237649826e-05
7.408758156e-05
7.581819957e-05
7.740562044e-05
7.866741285e-05
7.940430559e-05
7.355711065e-05
7.448104524e-05
7.579470942e-05
7.739704421e-05
7.91649343e-05
8.095236785e-05
8.259134431e-05
8.389373676e-05
8.465418124e-05
7.861889073e-05
7.957250799e-05
8.092807896e-05
8.258105989e-05
8.440423742e-05
8.624694739e-05
8.793606573e-05
8.927793336e-05
9.006127225e-05
8.384310802e-05
8.482558049e-05
8.622188146e-05
8.792407269e-05
8.980095315e-05
9.16973373e-05
9.343512837e-05
9.481530384e-05
9.562085567e-05
8.922522915e-05
9.023569886e-05
9.167151087e-05
9.342142717e-05
9.535037395e-05
9.729877995e-05
9.908373082e-05
0.0001005010135
0.0001013280779
9.476054799e-05
9.579813317e-05
9.727220456e-05
9.906832253e-05
0.0001010476591
0.0001030463966
0.0001048769614
0.0001063301258
0.0001071779884
0.0001004442227
0.000101508024
0.000103019079
0.0001048598475
0.0001068878688
0.0001089352204
0.0001108098305
0.0001122976339
0.000113165571
0.00010627131
0.000107360416
0.000108907163
0.0001107910127
0.0001128659952
0.000114960227
0.0001168772997
0.0001183984897
0.0001192857719
0.0001122367968
0.0001133502896
0.0001149314279
0.00011685678
0.0001189769914
0.0001211163618
0.0001230743091
0.0001246276297
0.0001255335261
0.0001183356293
0.0001194725887
0.0001210868156
0.0001230520896
0.0001252157968
0.0001273985652
0.0001293958009
0.0001309799984
0.0001319037798
0.0001245627388
0.0001257222469
0.0001273682632
0.0001293718841
0.0001315773612
0.0001338017951
0.0001358367416
0.0001374505698
0.0001383915115
0.0001309130655
0.0001320942104
0.0001337707259
0.00013581113
0.0001380566649
0.0001403210467
0.0001423921409
0.0001440343655
0.0001449917501
0.0001373815796
0.0001385834585
0.0001402891964
0.0001423648373
0.0001446487374
0.0001469513702
0.0001490570685
0.0001507264712
0.0001516995908
0.0001439632998
0.0001451850219
0.000146918723
0.0001490280761
0.0001513486735
0.0001536878859
0.0001558266687
0.0001575220508
0.0001585102089
0.0001506533094
0.0001518939986
0.0001536544247
0.0001557959912
0.0001581516471
0.0001605257977
0.0001626961734
0.0001644163587
0.0001654188721
0.0001574467707
0.0001587055675
0.0001604915041
0.000162663815
0.0001650529235
0.0001674604045
0.0001696609125
0.0001714047495
0.0001724209497
0.0001643389367
0.0001656150003
0.0001674252595
0.0001696268779
0.0001720478692
0.0001744871094
0.000176716323
0.0001784826872
0.0001795119215
0.0001713251619
0.0001726176712
0.0001744510936
0.0001766806175
0.0001791319603
0.0001816014278
0.0001838579563
0.0001856457521
0.0001866873845
0.0001784009102
0.0001797090655
0.0001815645216
0.0001838205861
0.0001863007898
0.0001887989936
0.0001910814842
0.0001928896459
0.0001939430581
0.0001855617622
0.0001868847858
0.0001887611779
0.0001910424562
0.0001935500724
0.0001960755645
0.0001983827033
0.0002002101965
0.0002012747881
0.0001928034205
0.0001941405577
0.0001960368204
0.0001983420252
0.0002008756492
0.0002034270254
0.0002057575388
0.0002076033608
0.0002086785502
0.0002001217143
0.0002014722336
0.0002033873348
0.0002057152192
0.0002082734905
0.0002108493913
0.0002132020465
0.0002150652268
0.0002161504514
0.0002075126018
0.0002088757957
0.0002108087367
0.0002131580948
0.0002157396978
0.0002183388088
0.0002207124142
0.0002225920153
0.000223686731
0.0002149721729
0.0002163473576
0.0002182971738
0.0002206668407
0.000223270505
0.0002258915571
0.0002282849627
0.0002301800794
0.0002312837616
0.0002224966497
0.0002238831655
0.000225848926
0.000228237778
0.0002308622783
0.000233504048
0.0002359161447
0.0002378259048
0.0002389380477
0.0002300823877
0.0002314795986
0.0002334604065
0.0002358673608
0.0002385115165
0.0002411728249
0.0002436025449
0.0002455261084
0.0002466462251
0.0002377258748
0.0002391331685
0.0002411281603
0.0002435521745
0.0002462148495
0.0002488945625
0.0002513408782
0.0002532774372
0.0002544050593
0.0002454237307
0.0002468405183
0.0002488488633
0.0002512889351
0.0002539690371
0.0002566660643
0.0002591279883
0.0002610767662
0.0002622114438
0.0002531727046
0.0002545984201
0.0002566193205
0.000259074487
0.0002617709666
0.0002644842609
0.000266960845
0.0002689210962
0.0002700623972
0.0002609696738
0.0002624037741
0.0002644364636
0.0002669058006
0.0002696176508
0.0002723462073
0.0002748365415
0.0002768075509
0.0002779550609
0.0002688116414
0.0002702536052
0.0002722973491
0.0002747799701
0.0002775062251
0.0002802490802
0.0002827522923
0.0002847333742
0.0002858866959
0.0002766957333
0.0002781450609
0.0002801991549
0.0002826942101
0.0002854339444
0.000288190175
0.0002907054292
0.0002926959268
0.0002938546798
0.0002846191955
0.0002860754084
0.0002881391776
0.0002906458534
0.0002933981806
0.0002961669025
0.0002986933985
0.0003006926831
0.000301856503
0.0002925793909
0.0002940420307
0.0002961148293
0.0002986323466
0.0003013964184
0.0003041767854
0.0003067137577
0.0003087212274
0.0003098897659
0.0003005737956
0.000302042424
0.0003041236341
0.0003066512475
0.0003094262523
0.0003122174552
0.0003147641712
0.0003167792508
0.0003179521745
0.0003085999962
0.0003100741938
0.0003121632242
0.0003147002212
0.000317485383
0.0003202866479
0.0003228424076
0.000324864547
0.0003260415373
0.0003166556851
0.0003181350511
0.000320231337
0.0003227770363
0.0003255716133
0.0003283822008
0.000330946335
0.0003329750087
0.0003341557613
0.0003247386578
0.0003262228091
0.0003283258106
0.0003308795613
0.0003336828449
0.0003365020484
0.000339073918
0.0003411086237
0.0003422928479
0.0003328468084
0.000334335379
0.0003364445803
0.0003390057607
0.0003418170739
0.0003446442184
0.0003472232128
0.0003492634712
0.0003504508893
0.0003409781258
0.0003424707663
0.0003445856748
0.0003471536909
0.0003499723872
0.0003528068282
0.0003553923643
0.0003574377172
0.000358628064
0.00034913069
0.0003506270665
0.0003527472118
0.0003553214963
0.0003581469581
0.0003609880799
0.0003635796008
0.0003656296109
0.0003668226331
0.0003573026679
0.0003588024614
0.000360927394
0.0003635074051
0.0003663390425
0.000369186257
0.0003717832306
0.0003738374799
0.0003750329355
0.0003654923088
0.0003669952146
0.0003691245051
0.0003717097249
0.0003745469741
0.0003773997192
0.0003800016368
0.0003820597258
0.0003832573835
0.0003736979401
0.0003752036669
0.0003773369046
0.000379926838
0.0003827691598
0.0003856268977
0.0003882332729
0.0003902948193
0.0003914944575
0.0003819179626
0.0003834262317
0.0003855630237
0.0003881571966
0.0003910040747
0.0003938662905
0.000396476657
0.0003985412944
0.0003997427011
0.0003901508456
0.0003916613897
0.0003938013593
0.0003963993173
0.0003992502566
0.000402116456
0.0004047303664
0.0004067977432
0.0004080007144
0.0003983951209
0.0003999076834
0.0004020504687
0.000404651775
0.0004075062994
0.0004103760071
0.0004129930306
0.0004150628079
0.0004162671473
0.0004066493767
0.0004081637105
0.0004103089628
0.0004129131964
0.0004157708463
0.0004186436033
0.0004212633238
0.0004233351737
0.0004245406912
0.0004149122504
0.0004164281165
0.0004185754983
0.0004211822512
0.0004240425814
0.0004269179423
0.0004295399551
0.0004316135591
0.0004328200694
0.0004231824202
0.000424699586
0.0004268487689
0.0004294576436
0.0004323202196
0.0004351977489
0.0004378216584
0.0004398967039
0.0004411040256
0.0004314585946
0.0004329768324
0.0004351274941
0.0004377381003
0.0004406024944
0.0004434817629
0.0004461071781
0.000448183356
0.0004493913089
0.0004397395011
0.0004412585853
0.0004434104065
0.0004460223566
0.0004488881434
0.0004517687233
0.0004543952531
0.0004564722536
0.0004576806569
0.0004480238702
0.000449543575
0.0004516962353
0.0004543091396
0.0004571758903
0.0004600573485
0.0004626845965
0.0004647621042
0.0004659707735
0.0004563104181
0.0004578305139
0.0004599836869
0.0004625971472
0.000465464422
0.0004683463135
0.0004709738702
0.0004730515587
0.0004742603024
0.0004645978238
0.000466118073
0.00046827142
0.0004708850219
0.0004737523618
0.0004766342196
0.0004792616542
0.0004813391784
0.0004825477935
0.0004728847015
0.000474404853
0.0004765580157
0.0004791713193
0.0004820382348
0.0004849195593
0.0004875464085
0.000489623396
0.0004908316628
0.0004811695665
0.0004826893498
0.0004848419407
0.0004874544689
0.0004903204271
0.0004932006719
0.0004958264269
0.0004979024672
0.0004991101422
0.0004894507942
0.0004909699113
0.0004931215028
0.000495732727
0.0004985971354
0.0005014756903
0.0005040997808
0.0005061744118
0.0005073812207
0.00049772657
0.0004992446862
0.0005013947966
0.0005040041197
0.0005068663066
0.0005097424775
0.0005123642524
0.0005144369451
0.0005156425727
0.0005059948297
0.000507511562
0.0005096596392
0.0005122663751
0.0005151255664
0.0005179985512
0.0005206172557
0.0005226873953
0.0005238914747
0.0005142531885
0.0005157680925
0.0005179134947
0.0005205168443
0.0005233721363
0.0005262409961
0.0005288557451
0.0005309226093
0.0005321247088
0.0005224988595
0.0005240114133
0.0005261533862
0.000528752409
0.0005316027365
0.0005344663632
0.0005370761105
0.0005391388444
0.0005403384525
0.0005307285583
0.0005322381449
0.0005343757959
0.0005369693779
0.0005398134782
0.0005426705569
0.0005452740601
0.0005473316481
0.0005485281571
0.0005389383971
0.0005404442838
0.0005425765528
0.0005451633703
0.0005479997424
0.00055084871
0.0005534444921
0.0005554957267
0.0005566884142
0.0005471237676
0.0005486250835
0.0005507507101
0.0005533291902
0.0005561560509
0.0005589950505
0.0005615813578
0.000563624806
0.0005648128151
0.0005552792139
0.0005567749255
0.0005588924152
0.0005614606927
0.0005642759291
0.0005671027625
0.0005696775203
0.0005717114888
0.0005728938079
0.0005633983009
0.0005648871867
0.0005669947736
0.0005695506476
0.0005723517682
0.0005751638465
0.0005777246151
0.0005797471148
0.0005809225572
0.0005714734802
0.0005729541049
0.0005750497161
0.0005775906049
0.000580374692
0.0005831689878
0.0005857129184
0.0005877216309
0.0005888888153
0.0005794959622
0.0005809666518
0.0005830478718
0.0005855707715
0.0005883344358
0.0005911074388
0.0005936312348
0.0005956234823
0.0005967808163
0.0005874556002
0.0005889144198
0.0005909784592
0.0005934799067
0.000596219248
0.0005989669283
0.0006014668135
0.000603439535
0.0006045852021
0.0005953407943
0.0005967855303
0.0005988292029
0.0006013052487
0.0006040158275
0.0006067336079
0.0006092053055
0.000611155043
0.0006122869953
0.0006031384303
0.000604566579
0.0006065862862
0.0006090324786
0.0006117093036
0.0006143920515
0.0006168307765
0.0006187536727
0.0006198696319
0.0006108338623
0.0006122426272
0.0006142343562
0.0006166457425
0.000619283275
0.0006219253117
0.0006243257868
0.0006262175986
0.0006273150655
0.0006184109508
0.0006197972513
0.00062175659
0.0006241277376
0.0006267199206
0.0006293150556
0.0006316715472
0.0006335276798
0.0006346039552
0.0006258521671
0.0006272126612
0.0006291348323
0.0006314598751
0.0006340001887
0.0006365417827
0.0006388481644
0.0006406637256
0.0006417159452
0.0006331387755
0.0006344698968
0.0006363498142
0.0006386225256
0.0006411040745
0.0006435851336
0.0006458349779
0.0006476048559
0.0006486300371
0.0006402510961
0.0006415491087
0.0006433814575
0.0006455953529
0.000648010985
0.0006504242872
0.0006526109881
0.0006543299526
0.0006553250555
0.0006471688546
0.0006484299238
0.0006502092646
0.000652357733
0.0006547001899
0.0006570384436
0.0006591553668
0.0006608181916
0.0006617801928
0.0006538716118
0.0006550918921
0.0006568127876
0.0006588892495
0.0006611513465
0.0006634073768
0.0006654480343
0.0006670496393
0.0006679756148
0.0006603392656
0.0006615150015
0.0006631721623
0.0006651702509
0.0006673450792
0.0006695120356
0.000671470279
0.0006730058846
0.0006738931007
0.0006665526065
0.0006676802442
0.0006692686885
0.0006711824449
0.0006732635888
0.0006753351656
0.0006772053879
0.0006786706747
0.0006795166806
0.0006724939044
0.000673570208
0.0006750854262
0.0006769095005
0.0006788912573
0.000680861914
0.0006826392489
0.0006840305138
0.0006848332307
0.0006781474942
0.0006791696604
0.0006806077768
0.0006823376221
0.0006842152121
0.00068608038
0.000687760886
0.0006890751835
0.0006898329844
0.000683500327
0.000684466091
0.0006858240114
0.0006874560577
0.0006892258093
0.0006909820702
0.0006925628859
0.0006937981444
0.0006945099183
0.0006885424508
0.0006894501755
0.0006907257091
0.0006922575056
0.0006939170012
0.0006955622233
0.0006970416806
0.000698196784
0.0006988619794
0.0006932673839
0.0006941161251
0.000695308072
0.0006967383837
0.0006982865544
0.0006998199743
0.0007011976603
0.000702272487
0.0007028911298
0.0006976723519
0.0006984618945
0.0006995700901
0.0007008989414
0.0007023361007
0.0007037583415
0.0007050351014
0.000706030517
0.0007066032008
0.0007017583675
0.0007024892277
0.0007035145387
0.0007047431972
0.000706071009
0.0007073840329
0.0007085619123
0.0007094797133
0.0007100075626
0.0007055301411
0.0007062035338
0.0007071478053
0.0007082787062
0.0007095000877
0.0007107070832
0.0007117892127
0.0007126320264
0.0007131166347
0.0007089958281
0.0007096136008
0.0007104795565
0.0007115161719
0.0007126351376
0.0007137403507
0.0007147307802
0.0007155019273
0.000715945274
0.0007121666287
0.0007127311675
0.000713522271
0.0007144689336
0.0007154903927
0.0007164989129
0.0007174024106
0.0007181057406
0.0007185100944
0.0007150562743
0.0007155703887
0.0007162906772
0.0007171523733
0.0007180818967
0.0007189994185
0.0007198212478
0.0007204609624
0.0007208287777
0.0007176804425
0.0007181472399
0.0007188011452
0.0007195832965
0.0007204268759
0.0007212594553
0.0007220051545
0.0007225856322
0.0007229194487
0.000720056151
0.0007204789139
0.0007210710899
0.0007217793463
0.0007225431723
0.0007232970093
0.0007239721967
0.0007244978425
0.0007248001948
0.0007222011832
0.0007225832616
0.0007231184381
0.0007237585103
0.0007244488015
0.0007251300846
0.0007257403319
0.000726215487
0.0007264888387
0.0007241335884
0.0007244783221
0.0007249612033
0.0007255387582
0.0007261616736
0.0007267765304
0.0007273273572
0.0007277563761
0.0007280033258
0.0007258712916
0.0007261819676
0.000726617185
0.0007271378145
0.000727699455
0.0007282540291
0.0007287511382
0.0007291385763
0.0007293617541
0.0007274318359
0.0007277116835
0.0007281037928
0.0007285730467
0.0007290795773
0.0007295801094
0.0007300291556
0.0007303794544
0.0007305814136
0.0007288322849
0.0007290845134
0.0007294381064
0.0007298615433
0.0007303189921
0.0007307714536
0.0007311777755
0.0007314950576
0.0007316781565
0.0007300895275
0.0007303172636
0.0007306367114
0.0007310195582
0.0007314335314
0.0007318434017
0.0007322118686
0.0007324998978
0.0007326662831
0.0007312196108
0.000731425733
0.0007317150323
0.0007320620168
0.0007324375651
0.0007328097811
0.0007331447672
0.0007334069118
0.0007335584994
0.0007322372553
0.0007324243164
0.0007326870181
0.0007330023495
0.0007333439607
0.0007336828948
0.0007339882631
0.0007342274912
0.0007343659682
0.000733155638
0.0007333258849
0.0007335651104
0.0007338524812
0.0007341640857
0.0007344735626
0.0007347526897
0.0007349715945
0.0007350984344
0.0007339864147
0.000734141801
0.0007343602626
0.0007346228809
0.0007349078933
0.0007351912361
0.0007354470564
0.0007356478912
0.0007357643745
0.0007347397843
0.000734881997
0.0007350820388
0.0007353226786
0.0007355840542
0.0007358441403
0.0007360791961
0.0007362639145
0.0007363711516
0.0007354246148
0.0007355551081
0.0007357387525
0.0007359598093
0.000736200102
0.0007364394211
0.0007366559138
0.0007368262081
0.0007369251613
0.000736048595
0.0007361686234
0.000736337616
0.0007365411595
0.0007367625788
0.0007369832866
0.000737183124
0.000737340462
0.0007374319663
0.0007366183872
0.000736729035
0.0007368848859
0.0007370727086
0.0007372771697
0.0007374811368
0.0007376659759
0.0007378116331
0.0007378964139
0.0007371397698
0.0007372419774
0.0007373859975
0.0007375596564
0.0007377488246
0.000737937679
0.0007381089628
0.0007382440504
0.0007383227399
0.0007376177659
0.0007377123522
0.0007378456834
0.0007380065362
0.0007381818646
0.0007383570279
0.0007385160174
0.0007386415067
0.0007387146575
0.000738056755
0.0007381444361
0.0007382680774
0.0007384173125
0.0007385800743
0.0007387427927
0.0007388905937
0.0007390073369
0.0007390754337
0.0007384605691
0.0007385419738
0.0007386568033
0.0007387954658
0.0007389467808
0.0007390981515
0.0007392357381
0.0007393444862
0.0007394079562
0.0007388325749
0.0007389082583
0.0007390150511
0.0007391440641
0.0007392849226
0.0007394259161
0.0007395541507
0.0007396555689
0.0007397147909
0.0007391757434
0.0007392461979
0.0007393456419
0.0007394658255
0.0007395971078
0.0007397285881
0.0007398482392
0.0007399429209
0.0007399982327
0.0007394927095
0.0007395583746
0.0007396510846
0.0007397631721
0.0007398856667
0.0007400084088
0.0007401201671
0.0007402086464
0.0007402603533
0.0007397858238
0.000739847095
0.0007399336248
0.0007400382783
0.0007401526988
0.0007402674064
0.000740371901
0.000740454668
0.0007405030528
0.0007400571969
0.0007401144341
0.0007401952889
0.0007402931145
0.0007404001175
0.0007405074416
0.0007406052615
0.0007406827795
0.0007407281108
0.0007403087393
0.0007403622752
0.0007404379238
0.000740529488
0.0007406296922
0.0007407302579
0.0007408219773
0.0007408947064
0.000740937257
0.0007405421948
0.0007405923432
0.0007406632309
0.0007407490779
0.0007408430916
0.0007409375256
0.0007410237407
0.0007410921836
0.0007411322728
0.0007407591691
0.000740806233
0.0007408727958
0.0007409534675
0.0007410419078
0.0007411308714
0.0007412122503
0.0007412770313
0.0007413151546
0.0007409611557
0.0007410054351
0.0007410681075
0.0007411441525
0.0007412276604
0.0007413118643
0.0007413891628
0.0007414510489
0.0007414877146
0.0007411495538
0.0007411913484
0.0007412505683
0.0007413225454
0.0007414017811
0.0007414819622
0.0007415559544
0.0007416154858
0.0007416507331
0.0007413256856
0.0007413652971
0.0007414215068
0.0007414899814
0.0007415656097
0.0007416424921
0.0007417136981
0.0007417709458
0.0007418048135
0.0007414908194
0.0007415285518
0.0007415821952
0.0007416477316
0.0007417203987
0.0007417944307
0.0007418629255
0.0007419179456
0.0007419504722
0.0007416462002
0.0007416823604
0.0007417338707
0.0007417970124
0.0007418670318
0.0007419382669
0.0007420041041
0.0007420569484
0.0007420881727
0.0007417930868
0.0007418280003
0.0007418777353
0.000741938579
0.0007420059593
0.0007420744308
0.0007421376584
0.0007421883784
0.0007422183386
0.0007419327127
0.0007419663716
0.0007420142787
0.0007420728131
0.0007421375667
0.0007422033105
0.0007422639792
0.0007423126271
0.0007423413615
0.0007420653848
0.0007420977673
0.0007421438251
0.000742200052
0.0007422622037
0.0007423252639
0.0007423834287
0.0007424300585
0.0007424576044
0.0007421913596
0.0007422224593
0.0007422666696
0.0007423206085
0.0007423801962
0.0007424406256
0.0007424963458
0.0007425410125
0.0007425674062
0.0007423108889
0.0007423407136
0.0007423830953
0.0007424347799
0.0007424918527
0.000742549711
0.0007426030495
0.0007426458083
0.0007426710847
0.0007424242259
0.0007424527934
0.0007424933769
0.000742542852
0.0007425974669
0.0007426528191
0.0007427038411
0.0007427447472
0.0007427689397
0.000742531623
0.0007425589582
0.0007425977823
0.0007426451001
0.0007426973201
0.0007427502349
0.0007427990068
0.0007428381147
0.0007428612552
0.0007426333307
0.000742659463
0.0007426965722
0.0007427417901
0.0007427916823
0.0007428422306
0.0007428888195
0.0007429261828
0.0007429483021
0.0007427295953
0.0007427545576
0.0007427899998
0.0007428331788
0.0007428808128
0.0007429290669
0.0007429735398
0.0007430092115
0.0007430303391
0.000742820658
0.0007428444851
0.000742878311
0.0007429195141
0.000742964961
0.0007430109936
0.0007430534174
0.0007430874497
0.0007431076146
0.0007429067544
0.0007429294822
0.0007429617438
0.0007430010353
0.0007430443668
0.0007430882509
0.000743128692
0.0007431611366
0.0007431803675
0.0007429881133
0.0007430097788
0.0007430405287
0.0007430779734
0.0007431192614
0.0007431610695
0.0007431995941
0.0007432305023
0.0007432488278
0.0007430649571
0.0007430855973
0.0007431148884
0.0007431505511
0.0007431898671
0.0007432296715
0.0007432663452
0.0007432957683
0.0007433132171
0.0007431375011
0.000743157153
0.0007431850381
0.0007432189832
0.0007432563982
0.0007432942706
0.0007433291588
0.0007433571479
0.0007433737488
0.0007432059537
0.0007432246541
0.0007432511855
0.0007432834767
0.0007433190611
0.0007433550725
0.0007433882401
0.0007434148462
0.0007434306284
0.0007432705164
0.0007432883016
0.0007433135308
0.0007433442311
0.0007433780544
0.0007434122751
0.0007434437865
0.0007434690607
0.0007434840532
0.0007433313834
0.0007433482891
0.000743372267
0.0007434014384
0.0007434335692
0.0007434660687
0.0007434959878
0.0007435199806
0.0007435342126
0.000743388742
0.0007434048034
0.0007434275799
0.0007434552835
0.0007434857892
0.0007435166361
0.0007435450257
0.0007435677873
0.0007435812882
0.0007434427727
0.0007434580242
0.0007434796484
0.0007435059439
0.0007435348908
0.0007435641521
0.0007435910744
0.0007436126545
0.0007436254532
0.000743493649
0.0007435081242
0.0007435286439
0.0007435535898
0.0007435810426
0.0007436087845
0.0007436343006
0.0007436547482
0.0007436668734
0.000743541537
0.0007435552688
0.0007435747307
0.0007435983843
0.0007436244066
0.0007436506937
0.0007436748635
0.0007436942266
0.0007437057065
0.0007435865962
0.0007435996166
0.0007436180663
0.0007436404834
0.0007436651372
0.0007436900327
0.0007437129148
0.0007437312404
0.0007437421028
0.0007436289794
0.0007436413195
0.0007436588014
0.0007436800365
0.0007437033821
0.0007437269478
0.0007437485993
0.0007437659333
0.0007437762053
0.0007436688326
0.0007436805227
0.00074369708
0.0007437171859
0.0007437392823
0.0007437615782
0.0007437820548
0.0007437984423
0.0007438081508
0.0007437062955
0.0007437173649
0.0007437330396
0.0007437520679
0.0007437729722
0.0007437940568
0.0007438134131
0.0007438288981
0.0007438380692
0.0007437415014
0.0007437519787
0.0007437668114
0.0007437848119
0.0007438045799
0.0007438245102
0.0007438427993
0.0007438574251
0.0007438660848
0.0007437745773
0.0007437844901
0.0007437985203
0.0007438155417
0.0007438342275
0.000743853059
0.0007438703329
0.0007438841417
0.0007438923153
0.0007438056444
0.0007438150195
0.0007438282856
0.0007438443749
0.000743862031
0.0007438798179
0.000743896127
0.00074390916
0.000743916872
0.0007438348178
0.0007438436812
0.0007438562203
0.0007438714233
0.0007438881008
0.0007439048955
0.000743920289
0.0007439325859
0.0007439398599
0.0007438622074
0.0007438705842
0.0007438824323
0.0007438967932
0.0007439125418
0.0007439283951
0.0007439429204
0.0007439545193
0.0007439613779
0.0007438879172
0.0007438958318
0.0007439070238
0.0007439205858
0.0007439354533
0.0007439504145
0.0007439641172
0.0007439750548
0.0007439815198
0.0007439120463
0.0007439195223
0.0007439300921
0.0007439428968
0.0007439569297
0.000743971046
0.0007439839699
0.0007439942814
0.0007440003741
0.000743934689
0.0007439417494
0.0007439517297
0.0007439638172
0.00074397706
0.000743990377
0.0007440025639
0.0007440122835
0.0007440180241
0.000743955935
0.000743962602
0.0007439720242
0.0007439834331
0.0007439959288
0.0007440084896
0.0007440199799
0.0007440291402
0.0007440345483
0.0007439758695
0.0007439821642
0.0007439910588
0.0007440018262
0.0007440136154
0.0007440254616
0.000744036294
0.0007440449263
0.0007440500207
0.0007439945733
0.0007440005161
0.000744008912
0.0007440190729
0.0007440301946
0.000744041366
0.0007440515774
0.0007440597117
0.0007440645103
0.0007440121228
0.0007440177331
0.0007440256576
0.0007440352456
0.0007440457368
0.0007440562715
0.0007440658972
0.000744073562
0.0007440780818
0.0007440285898
0.0007440338858
0.000744041365
0.0007440504119
0.0007440603083
0.0007440702422
0.0007440793158
0.0007440865381
0.0007440907953
0.0007440440416
0.0007440490407
0.0007440560993
0.0007440646356
0.0007440739706
0.000744083338
0.0007440918911
0.0007440986962
0.0007441027058
0.0007440585414
0.00074406326
0.0007440699215
0.0007440779756
0.0007440867809
0.0007440956138
0.0007441036755
0.000744110087
0.000744113863
0.000744072148
0.0007440766015
0.0007440828878
0.0007440904863
0.000744098791
0.0007441071186
0.0007441147157
0.0007441207547
0.0007441243094
0.0007440849154
0.0007440891181
0.000744095049
0.0007441022162
0.0007441100464
0.0007441178945
0.0007441250503
0.0007441307347
0.0007441340785
0.0007440968914
0.0007441008558
0.0007441064491
0.0007441132056
0.0007441205835
0.0007441279734
0.000744134706
0.0007441400493
0.0007441431894
0.0007441081144
0.0007441118509
0.0007441171207
0.0007441234829
0.0007441304248
0.000744137371
0.0007441436913
0.0007441487003
0.0007441516394
0.0007441186043
0.0007441221204
0.0007441270764
0.0007441330542
0.0007441395684
0.0007441460756
0.0007441519841
0.0007441566552
0.0007441593891
0.0007441283415
0.0007441316406
0.0007441362863
0.0007441418814
0.0007441479654
0.0007441540254
0.0007441595079
0.0007441638237
0.0007441663383
0.000744137208
0.0007441402901
0.0007441446231
0.0007441498287
0.0007441554693
0.0007441610611
0.0007441660891
0.0007441700178
0.0007441722879
0.0007441448288
0.0007441476956
0.0007441517167
0.0007441565301
0.0007441617189
0.0007441668263
0.0007441713752
0.0007441748859
0.0007441768838
0.0007441501341
0.0007441528194
0.0007441565765
0.0007441610566
0.0007441658591
0.0007441705487
0.0007441746786
0.0007441778153
0.0007441795596
3.286246131e-25
1.230736389e-24
2.745501208e-24
5.202498821e-24
9.182854836e-24
1.569144938e-23
2.647380471e-23
4.454714942e-23
7.51333489e-23
1.272693342e-22
2.166040426e-22
3.702476766e-22
6.35184761e-22
1.092873261e-21
1.884579599e-21
3.25535443e-21
5.630365449e-21
9.747406007e-21
1.688691199e-20
2.927121017e-20
5.075739052e-20
8.803936744e-20
1.527322195e-19
2.649845318e-19
4.597324785e-19
7.975138063e-19
1.383137577e-18
2.39785217e-18
4.154639216e-18
7.192989361e-18
1.244081709e-17
2.149003557e-17
3.706359351e-17
6.380327493e-17
1.095916943e-16
1.877582121e-16
3.207373014e-16
5.460957172e-16
9.26391886e-16
1.565181473e-15
2.632789254e-15
4.407447345e-15
7.340361183e-15
1.215763549e-14
2.001836258e-14
3.275735434e-14
5.325410096e-14
8.598810481e-14
1.378669221e-13
2.194500574e-13
3.467434295e-13
5.438102953e-13
8.465260016e-13
1.307947922e-12
2.006003203e-12
3.054383034e-12
4.617923144e-12
6.934226945e-12
1.03439468e-11
1.533303503e-11
2.259148872e-11
3.3094745e-11
4.821607588e-11
6.988128201e-11
1.007809667e-10
1.446610089e-10
2.067188759e-10
2.941425839e-10
4.168411698e-10
5.884313305e-10
8.275653162e-10
1.159711314e-09
1.619530622e-09
2.254037037e-09
3.12677403e-09
4.323304673e-09
5.958376918e-09
8.185199684e-09
1.120733697e-08
1.52937873e-08
2.079784824e-08
2.818034945e-08
3.803774756e-08
5.113538775e-08
6.84459323e-08
9.119253266e-08
1.208957954e-07
1.594229993e-07
2.090374885e-07
2.724458375e-07
3.528402409e-07
4.539345773e-07
5.799941465e-07
7.358576077e-07
9.269460119e-07
1.159258171e-06
1.439351728e-06
1.77430962e-06
2.171692219e-06
2.63947598e-06
3.185979969e-06
3.819782085e-06
4.549627155e-06
5.384329358e-06
6.332671586e-06
7.403304365e-06
8.604646926e-06
9.944792807e-06
1.143142213e-05
1.307172239e-05
1.487231909e-05
1.683921745e-05
1.897775564e-05
2.129256992e-05
2.37875715e-05
2.646593482e-05
2.933009645e-05
3.238176378e-05
3.562193257e-05
3.905091198e-05
4.266835616e-05
4.647330101e-05
5.046420513e-05
5.463899362e-05
5.899510396e-05
6.352953288e-05
6.823888346e-05
7.311941173e-05
7.816707221e-05
8.337756182e-05
8.874636188e-05
9.426877778e-05
9.993997621e-05
0.0001057550197
0.0001117088986
0.00011779656
0.0001240129344
0.0001303529594
0.0001368116008
0.0001433838717
0.0001500648485
0.0001568496855
0.0001637336272
0.0001707120185
0.0001777803134
0.0001849340818
0.0001921690157
0.0001994809329
0.0002068657807
0.0002143196374
0.0002218387138
0.0002294193541
0.0002370580349
0.0002447513648
0.000252496082
0.0002602890533
0.000268127271
0.000276007851
0.0002839280291
0.0002918851585
0.0002998767061
0.0003079002492
0.0003159534715
0.00032403416
0.0003321402005
0.0003402695745
0.0003484203542
0.0003565906994
0.0003647788527
0.0003729831352
0.0003812019416
0.0003894337357
0.0003976770442
0.0004059304508
0.0004141925891
0.0004224621339
0.0004307377917
0.0004390182886
0.0004473023553
0.0004555887096
0.0004638760342
0.0004721629494
0.0004804479795
0.0004887295126
0.0004970057514
0.000505274654
0.0005135338646
0.000521780632
0.0005300117167
0.0005382232851
0.0005464107935
0.0005545688625
0.0005626911453
0.0005707701942
0.0005787973321
0.0005867625351
0.0005946543352
0.0006024597559
0.0006101642902
0.0006177519339
0.0006252052838
0.0006325057119
0.0006396336215
0.0006465687876
0.0006532907798
0.0006597794571
0.0006660155187
0.0006719810876
0.0006776602974
0.0006830398476
0.0006881094908
0.0006928624182
0.0006972955099
0.0007014094307
0.0007052085573
0.0007087007412
0.0007118969226
0.0007148106268
0.0007174573845
0.0007198541256
0.000722018597
0.0007239688509
0.0007257228369
0.0007272981275
0.000728711806
0.0007299807836
0.0007311212245
0.0007321479968
0.0007330744294
0.0007339123181
0.0007346719895
0.0007353624239
0.0007359914064
0.000736565681
0.0007370910953
0.0007375727308
0.0007380150163
0.0007384218257
0.0007387965611
0.0007391422236
0.0007394614736
0.0007397566827
0.0007400299787
0.0007402832855
0.0007405183567
0.0007407368037
0.000740940122
0.0007411297119
0.0007413068949
0.0007414729381
0.0007416290847
0.0007417765946
0.0007419167846
0.0007420500494
0.0007421766259
0.0007422967558
0.000742410686
0.0007425186655
0.000742620942
0.0007427177603
0.0007428093604
0.0007428959772
0.0007429778392
0.0007430551685
0.0007431281806
0.0007431970839
0.0007432620799
0.0007433233634
0.0007433811219
0.0007434355362
0.00074348678
0.00074353502
0.0007435804161
0.0007436231214
0.0007436632824
0.0007437010393
0.0007437365256
0.000743769869
0.0007438011908
0.0007438306068
0.000743858227
0.0007438841559
0.000743908493
0.0007439313328
0.0007439527655
0.0007439728767
0.0007439917475
0.0007440094548
0.000744026071
0.0007440416638
0.0007440562967
0.0007440700292
0.0007440829157
0.0007440950049
0.0007441063359
0.0007441169304
0.00074412677
0.0007441357387
0.0007441434603
0.0007441488506
)
;

boundaryField
{
    outlet
    {
        type            inletOutlet;
        inletValue      uniform 0;
        value           nonuniform List<scalar> 10(0.0007441501341 0.0007441528194 0.0007441565765 0.0007441610566 0.0007441658591 0.0007441705487 0.0007441746786 0.0007441778153 0.0007441795596 0.0007441488506);
    }
    inlet
    {
        type            fixedValue;
        value           uniform 0;
    }
    front
    {
        type            wedge;
    }
    wall
    {
        type            zeroGradient;
    }
    back
    {
        type            wedge;
    }
}


// ************************************************************************* //
