/*--------------------------------*- C++ -*----------------------------------*\
| =========                 |                                                 |
| \\      /  F ield         | OpenFOAM: The Open Source CFD Toolbox           |
|  \\    /   O peration     | Version:  2212                                  |
|   \\  /    A nd           | Website:  www.openfoam.com                      |
|    \\/     M anipulation  |                                                 |
\*---------------------------------------------------------------------------*/
FoamFile
{
    version     2.0;
    format      ascii;
    arch        "LSB;label=32;scalar=64";
    class       volScalarField;
    location    "20.00000000";
    object      A1C2H3;
}
// * * * * * * * * * * * * * * * * * * * * * * * * * * * * * * * * * * * * * //

dimensions      [0 0 0 0 0 0 0];

internalField   nonuniform List<scalar> 
3000
(
2.362179153e-26
2.653413806e-26
3.092875033e-26
3.678491063e-26
4.404320982e-26
5.250672283e-26
6.166570663e-26
7.040536653e-26
7.658651089e-26
8.868925173e-26
1.000265269e-25
1.171269206e-25
1.399656328e-25
1.685206187e-25
2.026334951e-25
2.417128453e-25
2.837787452e-25
3.210518718e-25
1.986666496e-25
2.258231209e-25
2.671760023e-25
3.233254755e-25
3.952836207e-25
4.840943326e-25
5.894102705e-25
7.053083065e-25
8.043872635e-25
3.784382837e-25
4.346824973e-25
5.215854682e-25
6.42090497e-25
8.004700881e-25
1.000746416e-24
1.241820308e-24
1.504359945e-24
1.716273656e-24
6.720614203e-25
7.814304451e-25
9.530778488e-25
1.19572789e-24
1.520799523e-24
1.937398905e-24
2.438553795e-24
2.970704121e-24
3.379189531e-24
1.15575004e-24
1.36105795e-24
1.687894192e-24
2.157125436e-24
2.793797125e-24
3.6139444e-24
4.593113448e-24
5.607851821e-24
6.358677927e-24
1.962154196e-24
2.339321325e-24
2.946740281e-24
3.828636724e-24
5.03413616e-24
6.58721732e-24
8.423675806e-24
1.028960593e-23
1.163602113e-23
3.320715233e-24
4.003325036e-24
5.112427568e-24
6.7351598e-24
8.96204089e-24
1.182513227e-23
1.518079775e-23
1.854058115e-23
2.092442473e-23
5.628947875e-24
6.851257543e-24
8.850109107e-24
1.178945097e-23
1.58302824e-23
2.101142857e-23
2.704018411e-23
3.301349859e-23
3.720489098e-23
9.575156332e-24
1.174661544e-23
1.53138873e-23
2.057659837e-23
2.781592337e-23
3.707385231e-23
4.778664687e-23
5.832309487e-23
6.566142947e-23
1.635191679e-23
2.018685022e-23
2.650694466e-23
3.584978761e-23
4.87022269e-23
6.51017106e-23
8.400014654e-23
1.024922243e-22
1.153067993e-22
2.802597902e-23
3.476876209e-23
4.590555397e-23
6.238979908e-23
8.506182441e-23
1.139394407e-22
1.471172173e-22
1.794647772e-22
2.018033157e-22
4.818035503e-23
5.999671993e-23
7.954305379e-23
1.084980777e-22
1.483115325e-22
1.989530471e-22
2.570085419e-22
3.134675743e-22
3.523629192e-22
8.302841945e-23
1.036851151e-22
1.378911183e-22
1.885885593e-22
2.58280196e-22
3.468346877e-22
4.48193001e-22
5.465854073e-22
6.142527536e-22
1.433476624e-22
1.793930771e-22
2.391261581e-22
3.276880127e-22
4.494034931e-22
6.03943998e-22
7.80625053e-22
9.519113518e-22
1.069563429e-21
2.478362801e-22
3.106509734e-22
4.148001233e-22
5.692497425e-22
7.814802674e-22
1.050791841e-21
1.358425073e-21
1.656376988e-21
1.860843272e-21
4.289400015e-22
5.382980408e-22
7.196862318e-22
9.887200303e-22
1.358347291e-21
1.82718442e-21
2.362392751e-21
2.880380598e-21
3.235594776e-21
7.429673592e-22
9.332210581e-22
1.248872427e-21
1.717090945e-21
2.360298749e-21
3.175869293e-21
4.106438374e-21
5.006561104e-21
5.623504332e-21
1.287649201e-21
1.618468848e-21
2.167435633e-21
2.981784786e-21
4.100353171e-21
5.518270289e-21
7.13547882e-21
8.699082574e-21
9.770370159e-21
2.232618082e-21
2.807638578e-21
3.76194763e-21
5.177607513e-21
7.121879526e-21
9.585849552e-21
1.239516955e-20
1.511034506e-20
1.696999489e-20
3.872305384e-21
4.871496782e-21
6.529861029e-21
8.989865371e-21
1.236794652e-20
1.664788266e-20
2.152607603e-20
2.623908581e-20
2.946597863e-20
6.717714686e-21
8.453561468e-21
1.133456906e-20
1.560788605e-20
2.147492036e-20
2.890616671e-20
3.737314903e-20
4.555029987e-20
5.114701227e-20
1.165555008e-20
1.46704905e-20
1.967416773e-20
2.709495425e-20
3.728084911e-20
5.017805713e-20
6.486674671e-20
7.904634426e-20
8.874730556e-20
2.022400821e-20
2.545937154e-20
3.414714994e-20
4.702902423e-20
6.470528963e-20
8.707722531e-20
1.125438464e-19
1.371144964e-19
1.539158887e-19
3.509024199e-20
4.417885965e-20
5.925816067e-20
8.161052937e-20
1.122691003e-19
1.510509696e-19
1.951692873e-19
2.377063153e-19
2.667741201e-19
6.087587387e-20
7.664821552e-20
1.028099025e-19
1.415743507e-19
1.947143104e-19
2.618870895e-19
3.382403143e-19
4.117921989e-19
4.620116133e-19
1.055820212e-19
1.329402463e-19
1.783032283e-19
2.454828973e-19
3.375092777e-19
4.537323401e-19
5.857006425e-19
7.126835958e-19
7.99289663e-19
1.830440701e-19
2.304680659e-19
3.090649859e-19
4.253812894e-19
5.845701694e-19
7.85383379e-19
1.013096496e-18
1.23189198e-18
1.380907958e-18
3.17149808e-19
3.992849142e-19
5.353258519e-19
7.364755803e-19
1.011442928e-18
1.357803986e-18
1.749900251e-18
2.125958871e-18
2.38163016e-18
5.490659143e-19
6.911536941e-19
9.263113986e-19
1.273626405e-18
1.747700214e-18
2.343783224e-18
3.017164515e-18
3.661552292e-18
4.098692387e-18
9.495752484e-19
1.195007707e-18
1.600807313e-18
2.19931865e-18
3.014782509e-18
4.037834654e-18
5.19059534e-18
6.290700162e-18
7.034998024e-18
1.6400551e-18
2.063188679e-18
2.761960995e-18
3.790819934e-18
5.189520127e-18
6.939547057e-18
8.905373134e-18
1.077524444e-17
1.203631195e-17
2.82798708e-18
3.555748691e-18
4.75583517e-18
6.519173103e-18
8.909983102e-18
1.189168427e-17
1.522882408e-17
1.839080355e-17
2.051533474e-17
4.866761362e-18
6.114827084e-18
8.1692866e-18
1.118054343e-17
1.525042345e-17
2.030694788e-17
2.594212932e-17
3.125767247e-17
3.481390592e-17
8.355836159e-18
1.048873448e-17
1.399241024e-17
1.911285833e-17
2.600782381e-17
3.453671168e-17
4.399519372e-17
5.287193253e-17
5.878214651e-17
1.430746531e-17
1.793754363e-17
2.388603697e-17
3.255000002e-17
4.416674038e-17
5.846442503e-17
7.423316952e-17
8.894846992e-17
9.869415947e-17
2.442241278e-17
3.057120307e-17
4.061853199e-17
5.519548507e-17
7.464572304e-17
9.845030089e-17
1.245439717e-16
1.487440393e-16
1.646796302e-16
4.154267562e-17
5.190119523e-17
6.877270739e-17
9.314254229e-17
1.254832683e-16
1.648187146e-16
2.076504533e-16
2.471105306e-16
2.729372211e-16
7.038924105e-17
8.773306808e-17
1.158792497e-16
1.563348266e-16
2.097019616e-16
2.741743295e-16
3.438785294e-16
4.076467836e-16
4.491200955e-16
1.187546803e-16
1.475977818e-16
1.942165525e-16
2.608616201e-16
3.482073258e-16
4.52969748e-16
5.653871456e-16
6.674864374e-16
7.33461707e-16
1.9941462e-16
2.470261955e-16
3.23640803e-16
4.325272119e-16
5.742484677e-16
7.429438154e-16
9.22566726e-16
1.084500082e-15
1.188462754e-15
3.331640742e-16
4.111293899e-16
5.359922337e-16
7.123457059e-16
9.402126429e-16
1.209329823e-15
1.493626365e-15
1.74803125e-15
1.910318047e-15
5.535957103e-16
6.801805751e-16
8.818882256e-16
1.164916947e-15
1.527875669e-15
1.953130608e-15
2.39883381e-15
2.794767642e-15
3.045766739e-15
9.145471483e-16
1.118233585e-15
1.441095625e-15
1.891074413e-15
2.463726953e-15
3.129319985e-15
3.821497903e-15
4.432026927e-15
4.816758761e-15
1.501594465e-15
1.826301967e-15
2.338220591e-15
3.046814294e-15
3.941690361e-15
4.97362218e-15
6.038661987e-15
6.971687025e-15
7.556323933e-15
2.449615707e-15
2.962321558e-15
3.766230146e-15
4.871389321e-15
6.256551395e-15
7.841632959e-15
9.465707172e-15
1.087931912e-14
1.176041759e-14
3.969369373e-15
4.77111133e-15
6.021416162e-15
7.728681892e-15
9.852788875e-15
1.226560132e-14
1.472078083e-14
1.684493169e-14
1.816244762e-14
6.387336519e-15
7.628947588e-15
9.554955769e-15
1.216769755e-14
1.53954495e-14
1.903635894e-14
2.271735413e-14
2.588430379e-14
2.783986646e-14
1.020491294e-14
1.210933728e-14
1.504838845e-14
1.901043576e-14
2.387240933e-14
2.932089977e-14
3.479652654e-14
3.948345653e-14
4.236591763e-14
1.618562245e-14
1.907934523e-14
2.352336604e-14
2.947876624e-14
3.674112364e-14
4.483028097e-14
5.291526346e-14
5.980369762e-14
6.402477441e-14
2.548265563e-14
2.983973004e-14
3.650030068e-14
4.537665452e-14
5.613818621e-14
6.805828172e-14
7.991307926e-14
8.997148748e-14
9.611534921e-14
3.982412707e-14
4.632765912e-14
5.622657914e-14
6.935069885e-14
8.517723885e-14
1.026190968e-13
1.198882359e-13
1.344866682e-13
1.433788745e-13
6.177859429e-14
7.140554493e-14
8.599995971e-14
1.052582303e-13
1.283696494e-13
1.537243241e-13
1.787283766e-13
1.997970408e-13
2.125993513e-13
9.513430486e-14
1.092733019e-13
1.306298247e-13
1.586907534e-13
1.922192794e-13
2.288528606e-13
2.648527518e-13
2.951005361e-13
3.134421559e-13
1.454420573e-13
1.660560457e-13
1.97090452e-13
2.377107482e-13
2.860563919e-13
3.386884724e-13
3.902495711e-13
4.334650655e-13
4.596233925e-13
2.207832923e-13
2.506334635e-13
2.954405945e-13
3.538862549e-13
4.232055575e-13
4.984294592e-13
5.719219242e-13
6.333872297e-13
6.705363436e-13
3.328538799e-13
3.758073966e-13
4.401143564e-13
5.237388715e-13
6.226157453e-13
7.296123611e-13
8.338976456e-13
9.209562032e-13
9.735079764e-13
4.984873497e-13
5.599395014e-13
6.517271698e-13
7.707641616e-13
9.11129197e-13
1.062645005e-12
1.210016377e-12
1.332851002e-12
1.406922655e-12
7.417880343e-13
8.292404824e-13
9.595945597e-13
1.128242775e-12
1.326631257e-12
1.540316453e-12
1.747785842e-12
1.920483494e-12
2.0245376e-12
1.097108367e-12
1.220960075e-12
1.405234833e-12
1.643141368e-12
1.922412631e-12
2.222649784e-12
2.51370645e-12
2.75571373e-12
2.901433744e-12
1.613191325e-12
1.787819014e-12
2.047226678e-12
2.381512221e-12
2.773196944e-12
3.19359746e-12
3.600609287e-12
3.938720462e-12
4.142207031e-12
2.358916558e-12
2.604148891e-12
2.967927867e-12
3.435949096e-12
3.983450793e-12
4.570260141e-12
5.137749876e-12
5.608820397e-12
5.892225108e-12
3.431247275e-12
3.774373984e-12
4.282743563e-12
4.935857378e-12
5.698815207e-12
6.515554339e-12
7.304666833e-12
7.959315181e-12
8.35307077e-12
4.966187707e-12
5.444694678e-12
6.152877344e-12
7.061565486e-12
8.121794859e-12
9.255582284e-12
1.035017233e-11
1.125782803e-11
1.180369185e-11
7.153844499e-12
7.819132753e-12
8.802823797e-12
1.006366253e-11
1.153323696e-11
1.310339355e-11
1.461831717e-11
1.587410128e-11
1.662930714e-11
1.025906031e-11
1.118149577e-11
1.254429114e-11
1.428941854e-11
1.632165215e-11
1.84914012e-11
2.058379808e-11
2.23178943e-11
2.336081253e-11
1.464957764e-11
1.59253357e-11
1.780880162e-11
2.021875613e-11
2.30231041e-11
2.601545613e-11
2.890008038e-11
3.129048086e-11
3.272832428e-11
2.083432195e-11
2.259464251e-11
2.51919343e-11
2.851302406e-11
3.237525192e-11
3.649452057e-11
4.046452303e-11
4.37543222e-11
4.573361138e-11
2.951519251e-11
3.193885425e-11
3.551307491e-11
4.008079887e-11
4.539018968e-11
5.105103127e-11
5.650602717e-11
6.102679482e-11
6.374751277e-11
4.165674022e-11
4.498680006e-11
4.989563757e-11
5.616611955e-11
6.345199612e-11
7.121840123e-11
7.870216905e-11
8.490535572e-11
8.863997535e-11
5.85793029e-11
6.314542864e-11
6.987401991e-11
7.84659312e-11
8.844635479e-11
9.908363003e-11
1.093343618e-10
1.178331561e-10
1.229520004e-10
8.208254727e-11
8.833058714e-11
9.753501212e-11
1.09285021e-10
1.229311581e-10
1.374745792e-10
1.51491195e-10
1.631157224e-10
1.70120391e-10
1.146078789e-10
1.231386406e-10
1.357029158e-10
1.51738267e-10
1.703585287e-10
1.902029504e-10
2.093315244e-10
2.252006859e-10
2.347675096e-10
1.594497184e-10
1.710692339e-10
1.881790939e-10
2.100114072e-10
2.353599661e-10
2.623751349e-10
2.884198539e-10
3.10033357e-10
3.23068971e-10
2.210270277e-10
2.368108037e-10
2.600478477e-10
2.896925282e-10
3.241070805e-10
3.607835731e-10
3.961467256e-10
4.255008552e-10
4.432119433e-10
3.052274503e-10
3.266012767e-10
3.58061114e-10
3.981867537e-10
4.447602701e-10
4.943907304e-10
5.422458669e-10
5.819761659e-10
6.059551602e-10
4.198366956e-10
4.486764283e-10
4.911141693e-10
5.452258614e-10
6.080164163e-10
6.749159358e-10
7.394174324e-10
7.929706215e-10
8.252985999e-10
5.750650042e-10
6.138172833e-10
6.708229944e-10
7.434824632e-10
8.277639421e-10
9.175319406e-10
1.004062663e-09
1.075898793e-09
1.119265976e-09
7.841803739e-10
8.360054323e-10
9.122109453e-10
1.009294765e-09
1.121849283e-09
1.241673083e-09
1.357129711e-09
1.452953741e-09
1.510796894e-09
1.064254499e-09
1.13319106e-09
1.234507807e-09
1.363502771e-09
1.512953066e-09
1.671950622e-09
1.825063591e-09
1.952083438e-09
2.028738218e-09
1.437022058e-09
1.52817286e-09
1.662058289e-09
1.832390349e-09
2.029567411e-09
2.239163585e-09
2.440845752e-09
2.608051622e-09
2.708916583e-09
1.929847311e-09
2.049582156e-09
2.225329927e-09
2.448720258e-09
2.707058368e-09
2.981386047e-09
3.245101443e-09
3.463559113e-09
3.595266835e-09
2.576784378e-09
2.732955935e-09
2.962002799e-09
3.252841816e-09
3.588790247e-09
3.945104863e-09
4.287246546e-09
4.570395389e-09
4.740985065e-09
3.419709824e-09
3.621875934e-09
3.918116155e-09
4.293843996e-09
4.72728233e-09
5.186376213e-09
5.626640285e-09
5.99058573e-09
6.209672564e-09
4.509498998e-09
4.769144084e-09
5.149240811e-09
5.630721236e-09
6.185363827e-09
6.771965484e-09
7.333708004e-09
7.797499736e-09
8.076433006e-09
5.907211788e-09
6.237959361e-09
6.721641638e-09
7.333515505e-09
8.037289726e-09
8.780433227e-09
9.490998836e-09
1.007688136e-08
1.042888725e-08
7.685249658e-09
8.103057711e-09
8.713391501e-09
9.484396064e-09
1.036978001e-08
1.130313307e-08
1.21941387e-08
1.292776719e-08
1.336806929e-08
9.928443858e-09
1.045177506e-08
1.12153966e-08
1.217863986e-08
1.328294989e-08
1.444508284e-08
1.555264908e-08
1.646326031e-08
1.700917349e-08
1.273503447e-08
1.338499689e-08
1.433230548e-08
1.552548308e-08
1.689109327e-08
1.832568329e-08
1.96906031e-08
2.081113719e-08
2.148213417e-08
1.621751545e-08
1.701796488e-08
1.81832579e-08
1.964880535e-08
2.13232971e-08
2.30792584e-08
2.474709963e-08
2.611427096e-08
2.693201815e-08
2.050329936e-08
2.148090194e-08
2.290245484e-08
2.468762978e-08
2.672386355e-08
2.885540254e-08
3.087654359e-08
3.253085769e-08
3.35192202e-08
2.573518843e-08
2.691944052e-08
2.863952598e-08
3.079641838e-08
3.325253064e-08
3.58191264e-08
3.824872342e-08
4.023444104e-08
4.141945738e-08
3.207162961e-08
3.349483553e-08
3.555968554e-08
3.814516079e-08
4.10844865e-08
4.415079748e-08
4.704868624e-08
4.941373692e-08
5.082356498e-08
3.968675344e-08
4.138396493e-08
4.384367794e-08
4.691925345e-08
5.041017774e-08
5.404587965e-08
5.747641665e-08
6.027226575e-08
6.193710231e-08
4.877019924e-08
5.077911741e-08
5.368751379e-08
5.731917475e-08
6.143492036e-08
6.571448183e-08
6.97463309e-08
7.302780502e-08
7.497978172e-08
5.952673162e-08
6.188757564e-08
6.530200725e-08
6.955996878e-08
7.43783269e-08
7.938073094e-08
8.408660262e-08
8.791167921e-08
9.018473851e-08
7.217566307e-08
7.493101031e-08
7.891213092e-08
8.387055457e-08
8.94735682e-08
9.528198837e-08
1.007383401e-07
1.051679077e-07
1.077976622e-07
8.695010215e-08
9.014470507e-08
9.47562089e-08
1.004928824e-07
1.069664915e-07
1.136679321e-07
1.199546378e-07
1.25052233e-07
1.280758121e-07
1.040960509e-07
1.077766358e-07
1.130849717e-07
1.196809607e-07
1.271146189e-07
1.347995285e-07
1.419995256e-07
1.478310539e-07
1.512869414e-07
1.238713771e-07
1.280864304e-07
1.341604988e-07
1.416997794e-07
1.501860514e-07
1.58947919e-07
1.67146841e-07
1.737802871e-07
1.777081526e-07
1.465446883e-07
1.513442348e-07
1.58255075e-07
1.668241555e-07
1.76458304e-07
1.863932461e-07
1.956790482e-07
2.031841814e-07
2.076247105e-07
1.723941352e-07
1.778295135e-07
1.856499869e-07
1.953375259e-07
2.062170956e-07
2.174234421e-07
2.278860266e-07
2.363341072e-07
2.413288311e-07
2.017061701e-07
2.07829809e-07
2.166342844e-07
2.275307121e-07
2.397551189e-07
2.523330039e-07
2.640638517e-07
2.735273417e-07
2.791184704e-07
2.347742845e-07
2.416394841e-07
2.515035299e-07
2.637006786e-07
2.773708087e-07
2.914217729e-07
3.045135849e-07
3.150658683e-07
3.212961291e-07
2.718977487e-07
2.79558469e-07
2.905585567e-07
3.041493046e-07
3.193671291e-07
3.349937381e-07
3.495400922e-07
3.612552066e-07
3.681676896e-07
3.133803733e-07
3.218910326e-07
3.341042541e-07
3.49182187e-07
3.660503961e-07
3.833558783e-07
3.994509042e-07
4.124032867e-07
4.200412984e-07
3.595293074e-07
3.68944593e-07
3.824483948e-07
3.991074877e-07
4.177291472e-07
4.368170543e-07
4.545551285e-07
4.68819379e-07
4.772263056e-07
4.106538896e-07
4.210285811e-07
4.359005172e-07
4.542348388e-07
4.74713071e-07
4.956869628e-07
5.151624269e-07
5.308130872e-07
5.400322682e-07
4.670645615e-07
4.784533682e-07
4.947708724e-07
5.14874313e-07
5.373120034e-07
5.60275159e-07
5.8158206e-07
5.986934129e-07
6.087680248e-07
5.290718516e-07
5.415292643e-07
5.593694431e-07
5.813354671e-07
6.058349982e-07
6.308901524e-07
6.54122008e-07
6.727678938e-07
6.837408453e-07
5.969854365e-07
6.105655942e-07
6.300050398e-07
6.539264626e-07
6.805894736e-07
7.078385812e-07
7.33088168e-07
7.533418202e-07
7.652556574e-07
6.711132825e-07
6.858698528e-07
7.069844766e-07
7.32953266e-07
7.618804386e-07
7.914244637e-07
8.187836292e-07
8.407175284e-07
8.536143509e-07
7.517608687e-07
7.67746943e-07
7.906118282e-07
8.187189287e-07
8.500097995e-07
8.819485298e-07
9.11508027e-07
9.351937724e-07
9.491151598e-07
8.392304923e-07
8.564984935e-07
8.811877674e-07
9.115229476e-07
9.452757433e-07
9.797076295e-07
1.011556973e-06
1.037065171e-06
1.052052119e-06
9.338206546e-07
9.524222583e-07
9.790089814e-07
1.011660703e-06
1.0479722e-06
1.084994216e-06
1.119221559e-06
1.146621727e-06
1.162714592e-06
1.035825525e-06
1.055811592e-06
1.084367665e-06
1.11942297e-06
1.158388374e-06
1.198095904e-06
1.234787933e-06
1.26414842e-06
1.281386873e-06
1.145534479e-06
1.166955e-06
1.197551084e-06
1.235095504e-06
1.276808352e-06
1.319295087e-06
1.358536939e-06
1.389924858e-06
1.408347847e-06
1.263231709e-06
1.286135758e-06
1.318841213e-06
1.358958692e-06
1.403510771e-06
1.448868635e-06
1.490743823e-06
1.524224997e-06
1.543870717e-06
1.389195899e-06
1.413631597e-06
1.44851443e-06
1.491287263e-06
1.538768547e-06
1.587087632e-06
1.631677992e-06
1.667316914e-06
1.688222782e-06
1.523699962e-06
1.549714448e-06
1.586841273e-06
1.632350065e-06
1.682848663e-06
1.734217185e-06
1.781602836e-06
1.819462635e-06
1.84166527e-06
1.667010834e-06
1.694650246e-06
1.734086258e-06
1.782409885e-06
1.83601201e-06
1.890516272e-06
1.940775587e-06
1.980918005e-06
2.004453222e-06
1.819389317e-06
1.848698778e-06
1.890507732e-06
1.941723325e-06
1.998513269e-06
2.056237642e-06
2.109447227e-06
2.15193261e-06
2.176835405e-06
1.981089975e-06
2.012113586e-06
2.056357788e-06
2.110540715e-06
2.170600841e-06
2.231627752e-06
2.28786244e-06
2.332749727e-06
2.35905428e-06
2.152361064e-06
2.185141899e-06
2.231882205e-06
2.289106073e-06
2.352516808e-06
2.416926742e-06
2.476259592e-06
2.52360632e-06
2.551345991e-06
2.333444507e-06
2.368024617e-06
2.417320432e-06
2.477657092e-06
2.544496937e-06
2.61236844e-06
2.674870745e-06
2.724733053e-06
2.753940388e-06
2.524575893e-06
2.560996314e-06
2.612905604e-06
2.676425159e-06
2.746770701e-06
2.818180399e-06
2.883921699e-06
2.936354339e-06
2.967061079e-06
2.725984512e-06
2.764285272e-06
2.818864579e-06
2.885635407e-06
2.959561338e-06
3.034583953e-06
3.103632057e-06
3.158688412e-06
3.190925499e-06
2.937893415e-06
2.978113547e-06
3.035418005e-06
3.105506777e-06
3.183085922e-06
3.261794301e-06
3.334215306e-06
3.391947408e-06
3.425744997e-06
3.160519489e-06
3.202697047e-06
3.262780405e-06
3.336252111e-06
3.417555455e-06
3.500020599e-06
3.575878923e-06
3.636337474e-06
3.67172495e-06
3.394073554e-06
3.43824563e-06
3.501160276e-06
3.578078259e-06
3.66317498e-06
3.749466076e-06
3.828824487e-06
3.892058886e-06
3.929064872e-06
3.638760479e-06
3.684963221e-06
3.750760208e-06
3.831186192e-06
3.920143697e-06
4.010328157e-06
4.093247805e-06
4.159306175e-06
4.197958554e-06
3.8947793e-06
3.943047933e-06
4.011777007e-06
4.095771134e-06
4.188655099e-06
4.282798599e-06
4.369339051e-06
4.438268266e-06
4.478594194e-06
4.162323359e-06
4.212692205e-06
4.284401836e-06
4.372022703e-06
4.46889711e-06
4.567063625e-06
4.657282909e-06
4.729128621e-06
4.771154546e-06
4.441580444e-06
4.494082943e-06
4.568820354e-06
4.660125047e-06
4.761052229e-06
4.863304081e-06
4.957258714e-06
5.032065392e-06
5.075817069e-06
4.732732933e-06
4.787401667e-06
4.865212867e-06
4.960257004e-06
5.065297681e-06
5.17169558e-06
5.269440614e-06
5.347251564e-06
5.392754077e-06
5.035957951e-06
5.092824665e-06
5.173754481e-06
5.272592245e-06
5.381805573e-06
5.492408657e-06
5.593997715e-06
5.674855118e-06
5.722132896e-06
5.351427519e-06
5.410523143e-06
5.494615252e-06
5.597299433e-06
5.710743044e-06
5.825608922e-06
5.93109424e-06
6.015039181e-06
6.064116016e-06
5.67930871e-06
5.740663384e-06
5.82796034e-06
5.934542375e-06
6.052272417e-06
6.171457216e-06
6.280889679e-06
6.367962179e-06
6.418861245e-06
6.019763804e-06
6.083406897e-06
6.173950169e-06
6.284480178e-06
6.406551361e-06
6.530109764e-06
6.643538946e-06
6.733777991e-06
6.786521861e-06
6.372950439e-06
6.438910573e-06
6.532740575e-06
6.647267398e-06
6.773733032e-06
6.901718322e-06
7.019192524e-06
7.112636097e-06
7.167246761e-06
6.739021766e-06
6.807326839e-06
6.904482956e-06
7.023054192e-06
7.153966231e-06
7.286430331e-06
7.407996619e-06
7.504681728e-06
7.56118061e-06
7.118126596e-06
7.188803799e-06
7.289324422e-06
7.411986466e-06
7.547395546e-06
7.684389059e-06
7.810093298e-06
7.910056007e-06
7.968463984e-06
7.510409547e-06
7.583485388e-06
7.687407941e-06
7.814206015e-06
7.954161493e-06
8.095733742e-06
8.225620636e-06
8.328896091e-06
8.389233507e-06
7.916011183e-06
7.991511505e-06
8.098872473e-06
8.229850669e-06
8.37440066e-06
8.520599726e-06
8.654712849e-06
8.761335306e-06
8.823621989e-06
8.335068156e-06
8.413018159e-06
8.523853118e-06
8.659054421e-06
8.808245837e-06
8.959118594e-06
9.097500427e-06
9.20750328e-06
9.271758556e-06
8.767713337e-06
8.848137595e-06
8.962481236e-06
9.101947565e-06
9.255826149e-06
9.411418301e-06
9.55411026e-06
9.667526067e-06
9.733768778e-06
9.214075948e-06
9.296998428e-06
9.414884583e-06
9.558656819e-06
9.717267178e-06
9.877623295e-06
1.002466577e-05
1.014152627e-05
1.020977479e-05
9.674281682e-06
9.759725761e-06
9.881187433e-06
1.002930545e-05
1.019269109e-05
1.035785464e-05
1.0509287e-05
1.062962316e-05
1.06998954e-05
1.014845282e-05
1.023644131e-05
1.036151069e-05
1.051401338e-05
1.068221674e-05
1.085223012e-05
1.100809079e-05
1.11319328e-05
1.120424622e-05
1.063670835e-05
1.07272635e-05
1.085597199e-05
1.101289731e-05
1.118595979e-05
1.136086436e-05
1.152119082e-05
1.164856811e-05
1.172293975e-05
1.113916408e-05
1.123230758e-05
1.136468585e-05
1.15260708e-05
1.170403281e-05
1.188386891e-05
1.204869771e-05
1.217963902e-05
1.22560855e-05
1.165593273e-05
1.175168578e-05
1.188776371e-05
1.205364443e-05
1.223654536e-05
1.242135237e-05
1.259071917e-05
1.272525253e-05
1.280379007e-05
1.218712406e-05
1.228550734e-05
1.242531411e-05
1.259572584e-05
1.278360416e-05
1.297342048e-05
1.314736007e-05
1.328551281e-05
1.336615723e-05
1.273284498e-05
1.283387865e-05
1.297744273e-05
1.315241987e-05
1.334531309e-05
1.354017621e-05
1.371872254e-05
1.386052134e-05
1.394328806e-05
1.329319955e-05
1.33969033e-05
1.354425248e-05
1.37238286e-05
1.392177334e-05
1.412171981e-05
1.430490601e-05
1.44503769e-05
1.453528097e-05
1.386828915e-05
1.39746822e-05
1.412584359e-05
1.431005145e-05
1.451308344e-05
1.471814896e-05
1.490600736e-05
1.505517572e-05
1.514223185e-05
1.445821251e-05
1.456731361e-05
1.47223137e-05
1.491118526e-05
1.511933938e-05
1.532955878e-05
1.552212091e-05
1.567501154e-05
1.576423405e-05
1.506306584e-05
1.517489329e-05
1.53337579e-05
1.552732437e-05
1.574063465e-05
1.595604193e-05
1.615333858e-05
1.630997565e-05
1.640137853e-05
1.568294283e-05
1.57975145e-05
1.596026885e-05
1.615856069e-05
1.637706035e-05
1.659768866e-05
1.679974987e-05
1.696015698e-05
1.705375387e-05
1.631793479e-05
1.643526812e-05
1.660193681e-05
1.680498373e-05
1.702870518e-05
1.725458689e-05
1.746144196e-05
1.762564213e-05
1.772144634e-05
1.696813066e-05
1.708824266e-05
1.72588497e-05
1.74666807e-05
1.769565557e-05
1.792682225e-05
1.813849977e-05
1.830651545e-05
1.840453997e-05
1.763361707e-05
1.775652435e-05
1.793109317e-05
1.814373654e-05
1.837799566e-05
1.861447812e-05
1.883100597e-05
1.900285907e-05
1.910311656e-05
1.831447842e-05
1.844019716e-05
1.861875061e-05
1.883623394e-05
1.907580742e-05
1.931763568e-05
1.953904105e-05
1.971475291e-05
1.981725571e-05
1.901079687e-05
1.913934287e-05
1.932190323e-05
1.954425343e-05
1.978917058e-05
2.003637392e-05
2.026268332e-05
2.044227476e-05
2.05470349e-05
1.972265242e-05
1.985404107e-05
2.004063006e-05
2.026787333e-05
2.051816275e-05
2.07707697e-05
2.100200895e-05
2.118550022e-05
2.129252943e-05
2.045012287e-05
2.058436918e-05
2.077500795e-05
2.100716985e-05
2.126285937e-05
2.152089771e-05
2.175709193e-05
2.194450277e-05
2.205381244e-05
2.119328391e-05
2.133040247e-05
2.152511162e-05
2.1762217e-05
2.20233337e-05
2.228683045e-05
2.252800409e-05
2.271935369e-05
2.28309549e-05
2.195220903e-05
2.209221403e-05
2.229101359e-05
2.253308661e-05
2.279965683e-05
2.306863823e-05
2.331481505e-05
2.351012203e-05
2.362402554e-05
2.272696953e-05
2.286987477e-05
2.307278417e-05
2.33198483e-05
2.359189757e-05
2.386638911e-05
2.411759211e-05
2.431687452e-05
2.443309076e-05
2.351763445e-05
2.366345329e-05
2.387049139e-05
2.412256934e-05
2.440012241e-05
2.468014871e-05
2.493640017e-05
2.513967546e-05
2.52582145e-05
2.432427046e-05
2.447301584e-05
2.468420085e-05
2.494131457e-05
2.522439532e-05
2.550998018e-05
2.577130156e-05
2.597858654e-05
2.609945808e-05
2.514694176e-05
2.529862613e-05
2.551397559e-05
2.577614622e-05
2.606477761e-05
2.635594386e-05
2.662235576e-05
2.683366655e-05
2.695687986e-05
2.598570982e-05
2.614034513e-05
2.635987585e-05
2.662712362e-05
2.69213276e-05
2.721809706e-05
2.748961912e-05
2.770497106e-05
2.783053498e-05
2.684063312e-05
2.699823074e-05
2.722195872e-05
2.749430285e-05
2.779410027e-05
2.809649357e-05
2.837314435e-05
2.85925519e-05
2.872047474e-05
2.771176674e-05
2.787233742e-05
2.810027773e-05
2.837773629e-05
2.868314668e-05
2.899118316e-05
2.927297996e-05
2.949645657e-05
2.962674602e-05
2.859916183e-05
2.876271555e-05
2.89948822e-05
2.927747194e-05
2.958851333e-05
2.990221073e-05
3.018916937e-05
3.041672729e-05
3.054939035e-05
2.950286487e-05
2.966941075e-05
2.990581646e-05
3.019355252e-05
3.051024115e-05
3.082961534e-05
3.112174989e-05
3.135339991e-05
3.148844269e-05
3.042291669e-05
3.059246278e-05
3.083311875e-05
3.112601435e-05
3.144836426e-05
3.177342884e-05
3.207075118e-05
3.230650233e-05
3.244392989e-05
3.135935121e-05
3.153190426e-05
3.177681978e-05
3.207488581e-05
3.240290834e-05
3.273367407e-05
3.303619342e-05
3.327605251e-05
3.341586858e-05
3.231219371e-05
3.248775886e-05
3.273694091e-05
3.304018527e-05
3.337388843e-05
3.371036256e-05
3.401808478e-05
3.426205588e-05
3.440426254e-05
3.328145865e-05
3.346003903e-05
3.371349162e-05
3.402191856e-05
3.436130612e-05
3.470349147e-05
3.501641821e-05
3.526450193e-05
3.540909918e-05
3.426714677e-05
3.444874297e-05
3.470646644e-05
3.502007554e-05
3.536514596e-05
3.571303978e-05
3.603116737e-05
3.628335991e-05
3.64303451e-05
3.526924147e-05
3.545385086e-05
3.571584086e-05
3.603462583e-05
3.638537085e-05
3.673896329e-05
3.706228131e-05
3.731857334e-05
3.746794048e-05
3.628770414e-05
3.647532003e-05
3.67415663e-05
3.706551339e-05
3.742191622e-05
3.77811885e-05
3.810967799e-05
3.837005312e-05
3.852179199e-05
3.732246837e-05
3.751307891e-05
3.778356369e-05
3.811264973e-05
3.847468281e-05
3.88396048e-05
3.917323601e-05
3.943766898e-05
3.959176401e-05
3.837343267e-05
3.856701953e-05
3.884171562e-05
3.917590556e-05
3.954352773e-05
3.991405506e-05
4.025278465e-05
4.052123901e-05
4.067766789e-05
3.944045168e-05
3.963698835e-05
3.991585668e-05
4.025510056e-05
4.062825365e-05
4.100432406e-05
4.134809168e-05
4.162051699e-05
4.177924902e-05
4.052332536e-05
4.072277518e-05
4.100576187e-05
4.134999113e-05
4.172859575e-05
4.211012474e-05
4.245884891e-05
4.273517734e-05
4.289617138e-05
4.162178628e-05
4.182409992e-05
4.211113276e-05
4.246025585e-05
4.284420638e-05
4.323108199e-05
4.358465512e-05
4.386479744e-05
4.402799949e-05
4.273548452e-05
4.294059716e-05
4.323158139e-05
4.358547853e-05
4.397463721e-05
4.436671386e-05
4.472499648e-05
4.50088373e-05
4.517417767e-05
4.386397029e-05
4.407179819e-05
4.436661167e-05
4.472512878e-05
4.511931883e-05
4.551641022e-05
4.587922427e-05
4.616661659e-05
4.633400665e-05
4.500667418e-05
4.521711082e-05
4.551559839e-05
4.587854013e-05
4.627753796e-05
4.667940893e-05
4.704653019e-05
4.733728923e-05
4.750661775e-05
4.616288506e-05
4.637579676e-05
4.667776398e-05
4.704488596e-05
4.744841239e-05
4.785476995e-05
4.822591955e-05
4.851981592e-05
4.869094499e-05
4.733172599e-05
4.754694709e-05
4.785215327e-05
4.822315351e-05
4.863086419e-05
4.904134766e-05
4.941618298e-05
4.97129353e-05
4.988569599e-05
4.851212852e-05
4.872945612e-05
4.903760692e-05
4.941211664e-05
4.982359183e-05
5.023776242e-05
5.061586738e-05
5.091513452e-05
5.108932228e-05
4.9702806e-05
4.99219946e-05
5.023273408e-05
5.061030808e-05
5.102504206e-05
5.14423721e-05
5.182324729e-05
5.212462048e-05
5.229999049e-05
5.090222644e-05
5.112298236e-05
5.143588536e-05
5.181599259e-05
5.22333829e-05
5.265324501e-05
5.303629796e-05
5.333929306e-05
5.351555579e-05
5.21085866e-05
5.233056256e-05
5.264512692e-05
5.302714116e-05
5.344647888e-05
5.38681361e-05
5.42526719e-05
5.455672225e-05
5.47335393e-05
5.331978833e-05
5.354257843e-05
5.385821799e-05
5.424140948e-05
5.466187001e-05
5.508446694e-05
5.54696807e-05
5.577413091e-05
5.595111153e-05
5.453341864e-05
5.475655413e-05
5.507259281e-05
5.545612129e-05
5.587675705e-05
5.629931281e-05
5.668428354e-05
5.698838519e-05
5.716508378e-05
5.574673531e-05
5.596968138e-05
5.628534891e-05
5.666825879e-05
5.708799439e-05
5.75093983e-05
5.789308546e-05
5.819599475e-05
5.837190981e-05
5.69566598e-05
5.717881396e-05
5.74932438e-05
5.787446207e-05
5.829209269e-05
5.871110341e-05
5.909234684e-05
5.939312506e-05
5.95676997e-05
5.815977942e-05
5.838047167e-05
5.869270172e-05
5.907103949e-05
5.948523334e-05
5.99004822e-05
6.02780061e-05
6.057562348e-05
6.074824805e-05
5.935236044e-05
5.957085588e-05
5.987983253e-05
6.025399064e-05
6.066329619e-05
6.107329564e-05
6.144571731e-05
6.173906078e-05
6.190907779e-05
6.053037392e-05
6.07458779e-05
6.105046394e-05
6.14190435e-05
6.182190214e-05
6.222505981e-05
6.259090372e-05
6.287878899e-05
6.304550068e-05
6.168953532e-05
6.190120164e-05
6.220018846e-05
6.256170657e-05
6.295647122e-05
6.335111005e-05
6.370882764e-05
6.399001594e-05
6.415269456e-05
6.282535888e-05
6.303230111e-05
6.332442533e-05
6.367733644e-05
6.406229634e-05
6.444668107e-05
6.479467634e-05
6.506789581e-05
6.522579668e-05
6.393322676e-05
6.413453272e-05
6.441849748e-05
6.476122022e-05
6.513463182e-05
6.550700162e-05
6.584366242e-05
6.610763401e-05
6.626001119e-05
6.500847236e-05
6.520322175e-05
6.547772223e-05
6.580867151e-05
6.616879506e-05
6.652740188e-05
6.685113626e-05
6.710460359e-05
6.725072781e-05
6.604647629e-05
6.623376098e-05
6.649751383e-05
6.681513747e-05
6.716027847e-05
6.750343001e-05
6.781270672e-05
6.805446901e-05
6.81936474e-05
6.70427724e-05
6.722171898e-05
6.747349468e-05
6.77763135e-05
6.810486767e-05
6.843097365e-05
6.87243653e-05
6.895331226e-05
6.908490894e-05
6.799316038e-05
6.816295407e-05
6.840161116e-05
6.868826107e-05
6.899876111e-05
6.930638095e-05
6.958260798e-05
6.979775503e-05
6.992121181e-05
6.889382056e-05
6.905372956e-05
6.927824925e-05
6.954752337e-05
6.98386854e-05
7.012657495e-05
7.038454834e-05
7.058507024e-05
7.069992622e-05
6.974142555e-05
6.989082462e-05
7.010034407e-05
7.035123289e-05
7.062200006e-05
7.088915492e-05
7.112801501e-05
7.13132761e-05
7.141918486e-05
7.053324323e-05
7.067163524e-05
7.086547764e-05
7.10972048e-05
7.134678547e-05
7.159247812e-05
7.181162719e-05
7.198120604e-05
7.207794944e-05
7.126722505e-05
7.139425913e-05
7.157195873e-05
7.178401012e-05
7.20119082e-05
7.22357164e-05
7.243484253e-05
7.258854918e-05
7.267604646e-05
7.194207423e-05
7.205755936e-05
7.221887962e-05
7.241102382e-05
7.261705872e-05
7.281888292e-05
7.299797325e-05
7.313585751e-05
7.321416897e-05
7.255728908e-05
7.266120195e-05
7.280614549e-05
7.297844361e-05
7.316275829e-05
7.334282649e-05
7.350216833e-05
7.362451814e-05
7.369384277e-05
7.311317778e-05
7.320566429e-05
7.333447351e-05
7.348727761e-05
7.36503336e-05
7.380919256e-05
7.394936193e-05
7.405669143e-05
7.411735843e-05
7.3610843e-05
7.369221293e-05
7.380536096e-05
7.393930053e-05
7.408185971e-05
7.4220353e-05
7.434219076e-05
7.443521837e-05
7.448767248e-05
7.405213613e-05
7.412285118e-05
7.422102338e-05
7.433698042e-05
7.446007457e-05
7.457930819e-05
7.468388527e-05
7.476350323e-05
7.480828281e-05
7.443958372e-05
7.45002394e-05
7.458430632e-05
7.468338033e-05
7.478826981e-05
7.4889568e-05
7.497814156e-05
7.504538332e-05
7.50831166e-05
7.477629027e-05
7.482759274e-05
7.489857607e-05
7.498204106e-05
7.507016479e-05
7.515502017e-05
7.522900119e-05
7.528501567e-05
7.531638691e-05
7.506582347e-05
7.51085632e-05
7.516759673e-05
7.523685489e-05
7.530978817e-05
7.537981691e-05
7.544069916e-05
7.548666867e-05
7.55123733e-05
7.531208834e-05
7.534711501e-05
7.539541771e-05
7.545196286e-05
7.551135878e-05
7.55682274e-05
7.561755978e-05
7.565474338e-05
7.567550218e-05
7.551923338e-05
7.554742919e-05
7.558625311e-05
7.563160093e-05
7.567914636e-05
7.572457596e-05
7.576389394e-05
7.579348169e-05
7.580998678e-05
7.569149686e-05
7.571373745e-05
7.574434443e-05
7.578004429e-05
7.581739123e-05
7.585300742e-05
7.58837818e-05
7.590691908e-05
7.591982748e-05
7.583309674e-05
7.58502803e-05
7.587388723e-05
7.590138144e-05
7.59300977e-05
7.595744673e-05
7.598105967e-05
7.599881559e-05
7.600873573e-05
7.594815467e-05
7.596108528e-05
7.597883074e-05
7.599947704e-05
7.602102249e-05
7.604153515e-05
7.605925503e-05
7.607260309e-05
7.608008497e-05
7.604050916e-05
7.604993624e-05
7.606286821e-05
7.60779112e-05
7.609361447e-05
7.610858356e-05
7.612154751e-05
7.613135376e-05
7.613688322e-05
7.611371686e-05
7.612031916e-05
7.612938113e-05
7.613993537e-05
7.615097841e-05
7.616154566e-05
7.617075021e-05
7.61777679e-05
7.618176458e-05
7.617100593e-05
7.617538354e-05
7.618140592e-05
7.618844711e-05
7.61958579e-05
7.620300917e-05
7.620930832e-05
7.621417817e-05
7.621699661e-05
7.62152504e-05
7.621792171e-05
7.622161895e-05
7.622598204e-05
7.623063471e-05
7.623520238e-05
7.623931179e-05
7.624256679e-05
7.624450002e-05
7.624896194e-05
7.62503645e-05
7.625233723e-05
7.625472053e-05
7.625734152e-05
7.626001246e-05
7.626251839e-05
7.626459206e-05
7.626587695e-05
7.627429625e-05
7.627479062e-05
7.627553194e-05
7.627650574e-05
7.627768462e-05
7.627901244e-05
7.628038396e-05
7.628162083e-05
7.628244453e-05
7.629307096e-05
7.629294694e-05
7.629285161e-05
7.62928701e-05
7.62930735e-05
7.629349334e-05
7.629409663e-05
7.629476389e-05
7.629527081e-05
7.630679201e-05
7.630627626e-05
7.630565184e-05
7.630506703e-05
7.630465437e-05
7.630449915e-05
7.630461246e-05
7.630491197e-05
7.630521073e-05
7.631668547e-05
7.631594994e-05
7.631502884e-05
7.631410534e-05
7.631334511e-05
7.63128619e-05
7.631269043e-05
7.631277029e-05
7.631294037e-05
7.63237321e-05
7.632290269e-05
7.632185436e-05
7.632078406e-05
7.631986976e-05
7.631923546e-05
7.631892533e-05
7.631889058e-05
7.631898831e-05
7.632870251e-05
7.632786742e-05
7.632681006e-05
7.632572602e-05
7.632479098e-05
7.632412677e-05
7.632377757e-05
7.632369965e-05
7.632376335e-05
7.633219116e-05
7.63314086e-05
7.633041984e-05
7.632940893e-05
7.632853964e-05
7.632792364e-05
7.632759939e-05
7.632752426e-05
7.632757886e-05
7.633464786e-05
7.633395295e-05
7.633307935e-05
7.633219329e-05
7.633144084e-05
7.633091903e-05
7.633065744e-05
7.633061275e-05
7.63306738e-05
7.63364061e-05
7.63358168e-05
7.633508192e-05
7.63343466e-05
7.633373636e-05
7.633333153e-05
7.633315191e-05
7.63331523e-05
7.633322821e-05
7.63377077e-05
7.633722971e-05
7.633664082e-05
7.633606397e-05
7.633560338e-05
7.63353228e-05
7.633523174e-05
7.63352827e-05
7.633537718e-05
7.63387237e-05
7.633835443e-05
7.63379078e-05
7.633748517e-05
7.633717043e-05
7.6337011e-05
7.633700675e-05
7.633710818e-05
7.633722212e-05
7.633957158e-05
7.633930332e-05
7.633898881e-05
7.633870912e-05
7.633852914e-05
7.633848153e-05
7.633855772e-05
7.63387067e-05
7.633884007e-05
7.634032995e-05
7.63401523e-05
7.633995598e-05
7.633980377e-05
7.633974369e-05
7.633979556e-05
7.633994376e-05
7.634013639e-05
7.63402885e-05
7.634104894e-05
7.634095015e-05
7.634085646e-05
7.634081471e-05
7.634085833e-05
7.634099633e-05
7.634120739e-05
7.634143821e-05
7.634160563e-05
7.634175835e-05
7.634172655e-05
7.63417199e-05
7.634177163e-05
7.634190295e-05
7.634211393e-05
7.634237774e-05
7.634263893e-05
7.634281804e-05
7.634247424e-05
7.634249822e-05
7.634256393e-05
7.63426933e-05
7.634289741e-05
7.634316796e-05
7.634347284e-05
7.634375671e-05
7.63439439e-05
7.634320388e-05
7.634327354e-05
7.634339836e-05
7.634359111e-05
7.634385316e-05
7.634416922e-05
7.634450424e-05
7.634480357e-05
7.634499542e-05
7.634394933e-05
7.634405593e-05
7.634422804e-05
7.634446965e-05
7.6344775e-05
7.634512377e-05
7.634547901e-05
7.634578723e-05
7.634598061e-05
7.634470965e-05
7.634484421e-05
7.634505144e-05
7.634532864e-05
7.634566433e-05
7.634603453e-05
7.634640118e-05
7.634671248e-05
7.634690458e-05
7.634547797e-05
7.63456326e-05
7.634586448e-05
7.634616575e-05
7.634652058e-05
7.634690242e-05
7.634727289e-05
7.634758223e-05
7.634777065e-05
7.63462465e-05
7.634641445e-05
7.634666209e-05
7.634697762e-05
7.634734208e-05
7.634772726e-05
7.634809513e-05
7.634839828e-05
7.634858102e-05
7.634700742e-05
7.634718305e-05
7.6347439e-05
7.63477606e-05
7.634812674e-05
7.634850839e-05
7.634886839e-05
7.634916193e-05
7.634933739e-05
7.634775347e-05
7.634793212e-05
7.634819024e-05
7.634851119e-05
7.634887253e-05
7.634924509e-05
7.634959303e-05
7.63498743e-05
7.63500413e-05
7.634847821e-05
7.634865611e-05
7.634891143e-05
7.634922633e-05
7.634957774e-05
7.634993689e-05
7.635026958e-05
7.635053666e-05
7.635069437e-05
7.63491762e-05
7.634935033e-05
7.634959896e-05
7.634990361e-05
7.635024116e-05
7.635058369e-05
7.635089889e-05
7.63511505e-05
7.635129844e-05
7.634984305e-05
7.635001112e-05
7.635025008e-05
7.635054135e-05
7.635086219e-05
7.635118589e-05
7.635148216e-05
7.63517176e-05
7.635185558e-05
7.635047546e-05
7.635063577e-05
7.635086292e-05
7.635113861e-05
7.635144087e-05
7.635174438e-05
7.635202098e-05
7.635224003e-05
7.635236808e-05
7.635107116e-05
7.635122255e-05
7.635143647e-05
7.63516952e-05
7.635197778e-05
7.635226048e-05
7.635251727e-05
7.635272008e-05
7.635283845e-05
7.635162887e-05
7.635177062e-05
7.635197049e-05
7.635221155e-05
7.635247406e-05
7.635273591e-05
7.635297318e-05
7.635316023e-05
7.635326929e-05
7.635214814e-05
7.635227993e-05
7.635246543e-05
7.635268868e-05
7.635293124e-05
7.635317268e-05
7.635339107e-05
7.635356304e-05
7.635366328e-05
7.635262929e-05
7.635275109e-05
7.63529223e-05
7.635312802e-05
7.635335118e-05
7.635357299e-05
7.635377341e-05
7.635393114e-05
7.635402307e-05
7.635307325e-05
7.635318526e-05
7.635334257e-05
7.635353139e-05
7.6353736e-05
7.635393919e-05
7.635412269e-05
7.63542671e-05
7.635435131e-05
7.635348142e-05
7.635358403e-05
7.635372806e-05
7.635390082e-05
7.635408791e-05
7.635427366e-05
7.635444139e-05
7.635457345e-05
7.635465051e-05
7.635385556e-05
7.635394928e-05
7.635408078e-05
7.635423848e-05
7.635440924e-05
7.635457878e-05
7.635473195e-05
7.635485261e-05
7.635492309e-05
7.635419767e-05
7.635428308e-05
7.635440292e-05
7.635454663e-05
7.635470229e-05
7.63548569e-05
7.635499667e-05
7.635510688e-05
7.635517133e-05
7.63545099e-05
7.635458761e-05
7.635469668e-05
7.635482752e-05
7.63549693e-05
7.635511023e-05
7.635523775e-05
7.635533842e-05
7.635539737e-05
7.635479443e-05
7.635486509e-05
7.635496428e-05
7.635508334e-05
7.635521245e-05
7.635534091e-05
7.635545727e-05
7.635554924e-05
7.635560317e-05
7.635505346e-05
7.635511768e-05
7.635520788e-05
7.635531622e-05
7.635543381e-05
7.635555092e-05
7.635565714e-05
7.63557412e-05
7.635579056e-05
7.635528911e-05
7.635534749e-05
7.635542953e-05
7.635552814e-05
7.635563529e-05
7.635574212e-05
7.635583914e-05
7.635591602e-05
7.635596122e-05
7.635550343e-05
7.635555652e-05
7.635563117e-05
7.6355721e-05
7.635581869e-05
7.635591623e-05
7.635600491e-05
7.635607528e-05
7.63561167e-05
7.635569832e-05
7.635574664e-05
7.635581464e-05
7.635589653e-05
7.635598569e-05
7.635607481e-05
7.635615594e-05
7.63562204e-05
7.635625838e-05
7.635587558e-05
7.635591961e-05
7.63559816e-05
7.635605633e-05
7.635613779e-05
7.635621931e-05
7.63562936e-05
7.63563527e-05
7.635638756e-05
7.635603685e-05
7.635607702e-05
7.635613361e-05
7.635620189e-05
7.63562764e-05
7.635635104e-05
7.635641915e-05
7.635647338e-05
7.63565054e-05
7.635618366e-05
7.635622035e-05
7.635627208e-05
7.635633455e-05
7.635640277e-05
7.63564712e-05
7.63565337e-05
7.635658352e-05
7.635661296e-05
7.635631738e-05
7.635635094e-05
7.635639829e-05
7.635645551e-05
7.635651807e-05
7.635658088e-05
7.63566383e-05
7.635668411e-05
7.63567112e-05
7.635643927e-05
7.635647001e-05
7.635651341e-05
7.635656591e-05
7.635662334e-05
7.635668105e-05
7.635673387e-05
7.635677604e-05
7.635680099e-05
7.635655046e-05
7.635657866e-05
7.63566185e-05
7.635666672e-05
7.635671952e-05
7.635677262e-05
7.635682125e-05
7.635686011e-05
7.635688311e-05
7.635665197e-05
7.635667789e-05
7.635671451e-05
7.635675887e-05
7.635680747e-05
7.635685639e-05
7.635690122e-05
7.635693705e-05
7.635695828e-05
7.635674474e-05
7.635676859e-05
7.63568023e-05
7.635684316e-05
7.635688796e-05
7.635693307e-05
7.635697444e-05
7.635700752e-05
7.635702712e-05
7.635682959e-05
7.635685157e-05
7.635688265e-05
7.635692034e-05
7.635696168e-05
7.635700334e-05
7.635704155e-05
7.635707212e-05
7.635709023e-05
7.635690728e-05
7.635692756e-05
7.635695625e-05
7.635699106e-05
7.635702926e-05
7.635706777e-05
7.635710311e-05
7.635713138e-05
7.635714814e-05
7.635697847e-05
7.635699721e-05
7.635702374e-05
7.635705593e-05
7.635709128e-05
7.635712691e-05
7.635715962e-05
7.635718579e-05
7.63572013e-05
7.635704378e-05
7.635706113e-05
7.635708569e-05
7.635711549e-05
7.635714822e-05
7.635718123e-05
7.635721154e-05
7.635723579e-05
7.635725016e-05
7.635710376e-05
7.635711983e-05
7.635714259e-05
7.635717022e-05
7.635720057e-05
7.635723118e-05
7.635725928e-05
7.635728177e-05
7.63572951e-05
7.635715889e-05
7.63571738e-05
7.635719492e-05
7.635722056e-05
7.635724873e-05
7.635727714e-05
7.635730322e-05
7.635732409e-05
7.635733646e-05
7.635720961e-05
7.635722347e-05
7.635724308e-05
7.63572669e-05
7.635729307e-05
7.635731947e-05
7.63573437e-05
7.635736308e-05
7.635737457e-05
7.635725633e-05
7.635726921e-05
7.635728745e-05
7.63573096e-05
7.635733393e-05
7.635735848e-05
7.6357381e-05
7.635739902e-05
7.635740969e-05
7.635729939e-05
7.635731138e-05
7.635732836e-05
7.635734897e-05
7.635737161e-05
7.635739445e-05
7.63574154e-05
7.635743216e-05
7.635744208e-05
7.635733912e-05
7.635735028e-05
7.635736609e-05
7.635738529e-05
7.635740637e-05
7.635742762e-05
7.635744712e-05
7.63574627e-05
7.635747192e-05
7.635737578e-05
7.635738619e-05
7.635740092e-05
7.63574188e-05
7.635743843e-05
7.635745821e-05
7.635747633e-05
7.635749081e-05
7.635749936e-05
7.635740963e-05
7.635741932e-05
7.635743304e-05
7.635744969e-05
7.635746795e-05
7.635748633e-05
7.635750316e-05
7.635751658e-05
7.63575245e-05
7.635744082e-05
7.635744984e-05
7.635746261e-05
7.635747808e-05
7.635749503e-05
7.635751206e-05
7.635752762e-05
7.635753999e-05
7.635754727e-05
7.635746941e-05
7.635747779e-05
7.635748962e-05
7.635750395e-05
7.635751961e-05
7.635753529e-05
7.635754957e-05
7.635756087e-05
7.635756749e-05
7.635749516e-05
7.63575029e-05
7.635751382e-05
7.6357527e-05
7.635754136e-05
7.635755566e-05
7.635756859e-05
7.635757874e-05
7.635758464e-05
7.63575171e-05
7.635752422e-05
7.635753425e-05
7.635754629e-05
7.635755934e-05
7.635757223e-05
7.635758377e-05
7.63575927e-05
7.635759779e-05
7.635753229e-05
7.63575389e-05
7.635754817e-05
7.635755926e-05
7.635757119e-05
7.635758288e-05
7.635759321e-05
7.635760105e-05
7.635760541e-05
2.227872882e-26
8.343636189e-26
1.861281043e-25
3.526974362e-25
6.225411001e-25
1.063783789e-24
1.794761176e-24
3.020022804e-24
5.093579031e-24
8.628078206e-24
1.468442203e-23
2.510051552e-23
4.306162048e-23
7.409008601e-23
1.277629067e-22
2.206930098e-22
3.817041503e-22
6.608141798e-22
1.144828777e-21
1.984408029e-21
3.441038916e-21
5.968527667e-21
1.035430518e-20
1.796432163e-20
3.116703478e-20
5.406653161e-20
9.376822208e-20
1.625596318e-19
2.816589913e-19
4.876404496e-19
8.434109046e-19
1.456892286e-18
2.512683782e-18
4.325469834e-18
7.429643294e-18
1.272885302e-17
2.174401872e-17
3.702193645e-17
6.28036855e-17
1.061097099e-16
1.784869991e-16
2.98798022e-16
4.976318368e-16
8.242141321e-16
1.357124846e-15
2.220754375e-15
3.610317789e-15
5.829505481e-15
9.346624733e-15
1.487758429e-14
2.350757449e-14
3.68681296e-14
5.73918011e-14
8.867647032e-14
1.360070791e-13
2.070953068e-13
3.131244604e-13
4.702195666e-13
7.015080204e-13
1.039998089e-12
1.532586861e-12
2.245623464e-12
3.272607469e-12
4.744809153e-12
6.845873984e-12
9.831838301e-12
1.405845995e-11
2.001838247e-11
2.839143183e-11
4.01123141e-11
5.646115322e-11
7.91836694e-11
1.106493036e-10
1.540571405e-10
2.137009022e-10
2.95305334e-10
4.064466736e-10
5.570692412e-10
7.601081954e-10
1.032224942e-09
1.394656511e-09
1.87417364e-09
2.50413473e-09
3.325615031e-09
4.388583047e-09
5.753090181e-09
7.490435566e-09
9.684265805e-09
1.243156825e-08
1.584353366e-08
2.004623995e-08
2.518114349e-08
3.140535459e-08
3.889169459e-08
4.782853899e-08
5.841945008e-08
7.088261319e-08
8.545009635e-08
1.023669563e-07
1.218902172e-07
1.442877483e-07
1.698370688e-07
1.988241062e-07
2.315419315e-07
2.682894957e-07
3.093703858e-07
3.550916184e-07
4.057624835e-07
4.616934521e-07
5.231951528e-07
5.905774263e-07
6.641484599e-07
7.442140042e-07
8.310766718e-07
9.250353172e-07
1.026384495e-06
1.135413994e-06
1.252408441e-06
1.37764697e-06
1.511402961e-06
1.653943825e-06
1.805530846e-06
1.966419073e-06
2.13685725e-06
2.317087783e-06
2.507346747e-06
2.70786391e-06
2.918862794e-06
3.140560751e-06
3.37316906e-06
3.616893037e-06
3.871932158e-06
4.138480194e-06
4.41672535e-06
4.706850414e-06
5.009032908e-06
5.32344524e-06
5.65025486e-06
5.989624412e-06
6.341711891e-06
6.706670793e-06
7.084650264e-06
7.475795246e-06
7.880246619e-06
8.298141341e-06
8.729612583e-06
9.174789852e-06
9.633799124e-06
1.010676295e-05
1.059380059e-05
1.109502808e-05
1.161055843e-05
1.214050163e-05
1.268496481e-05
1.324405228e-05
1.381786564e-05
1.440650383e-05
1.501006328e-05
1.56286379e-05
1.626231919e-05
1.691119629e-05
1.757535604e-05
1.825488301e-05
1.894985958e-05
1.966036591e-05
2.038648002e-05
2.112827776e-05
2.188583283e-05
2.26592167e-05
2.344849863e-05
2.425374551e-05
2.507502173e-05
2.591238902e-05
2.676590613e-05
2.763562843e-05
2.852160743e-05
2.942389001e-05
3.034251752e-05
3.127752447e-05
3.222893689e-05
3.319677019e-05
3.41810263e-05
3.518169011e-05
3.619872492e-05
3.723206672e-05
3.828161708e-05
3.934723441e-05
4.042872347e-05
4.152582273e-05
4.263818953e-05
4.376538294e-05
4.490684423e-05
4.6061875e-05
4.722961333e-05
4.840900823e-05
4.959879308e-05
5.079745854e-05
5.200322664e-05
5.321402684e-05
5.442747585e-05
5.564086267e-05
5.685114083e-05
5.805492966e-05
5.924852637e-05
6.042793054e-05
6.158888244e-05
6.272691583e-05
6.383742565e-05
6.491574985e-05
6.595726406e-05
6.695748655e-05
6.791219015e-05
6.881751675e-05
6.967008938e-05
7.046711595e-05
7.120647923e-05
7.188680713e-05
7.250751863e-05
7.306884164e-05
7.357180074e-05
7.401817468e-05
7.441042564e-05
7.475160453e-05
7.504523776e-05
7.529520187e-05
7.550562752e-05
7.568075276e-05
7.582479283e-05
7.594190277e-05
7.603594993e-05
7.611052448e-05
7.61688917e-05
7.621396436e-05
7.624829265e-05
7.627406906e-05
7.62931452e-05
7.630705743e-05
7.631705822e-05
7.632415065e-05
7.632912366e-05
7.633258629e-05
7.633499964e-05
7.633670563e-05
7.633795211e-05
7.63389142e-05
7.633971195e-05
7.634042529e-05
7.634110504e-05
7.634178107e-05
7.634246915e-05
7.634317601e-05
7.634390306e-05
7.634464912e-05
7.634540715e-05
7.634616872e-05
7.634692548e-05
7.634766968e-05
7.634839444e-05
7.634909394e-05
7.634976346e-05
7.635039938e-05
7.635099921e-05
7.63515614e-05
7.635208535e-05
7.635257122e-05
7.635301981e-05
7.635343245e-05
7.635381082e-05
7.63541569e-05
7.63544728e-05
7.635476071e-05
7.635502282e-05
7.635526127e-05
7.635547811e-05
7.635567529e-05
7.63558546e-05
7.635601772e-05
7.635616619e-05
7.635630141e-05
7.635642464e-05
7.635653704e-05
7.635663965e-05
7.635673341e-05
7.635681915e-05
7.635689764e-05
7.635696957e-05
7.635703554e-05
7.635709612e-05
7.63571518e-05
7.635720303e-05
7.635725021e-05
7.63572937e-05
7.635733381e-05
7.635737084e-05
7.635740502e-05
7.635743653e-05
7.635746543e-05
7.635749147e-05
7.63575137e-05
7.635752914e-05
)
;

boundaryField
{
    outlet
    {
        type            inletOutlet;
        inletValue      uniform 0;
        value           nonuniform List<scalar> 10(7.635753229e-05 7.63575389e-05 7.635754817e-05 7.635755926e-05 7.635757119e-05 7.635758288e-05 7.635759321e-05 7.635760105e-05 7.635760541e-05 7.635752914e-05);
    }
    inlet
    {
        type            fixedValue;
        value           uniform 0;
    }
    front
    {
        type            wedge;
    }
    wall
    {
        type            zeroGradient;
    }
    back
    {
        type            wedge;
    }
}


// ************************************************************************* //
