/*--------------------------------*- C++ -*----------------------------------*\
| =========                 |                                                 |
| \\      /  F ield         | OpenFOAM: The Open Source CFD Toolbox           |
|  \\    /   O peration     | Version:  2212                                  |
|   \\  /    A nd           | Website:  www.openfoam.com                      |
|    \\/     M anipulation  |                                                 |
\*---------------------------------------------------------------------------*/
FoamFile
{
    version     2.0;
    format      ascii;
    arch        "LSB;label=32;scalar=64";
    class       volScalarField;
    location    "20.00000000";
    object      C6H5;
}
// * * * * * * * * * * * * * * * * * * * * * * * * * * * * * * * * * * * * * //

dimensions      [0 0 0 0 0 0 0];

internalField   nonuniform List<scalar> 
3000
(
2.088746579e-30
2.346292005e-30
2.734918664e-30
3.252795408e-30
3.894669303e-30
4.643126058e-30
5.453087385e-30
6.225967795e-30
6.772590428e-30
7.842378328e-30
8.844970882e-30
1.035721999e-29
1.237693692e-29
1.490217549e-29
1.791892998e-29
2.13748957e-29
2.509497119e-29
2.839118764e-29
1.756744767e-29
1.99690275e-29
2.362607965e-29
2.859169442e-29
3.4955387e-29
4.280948133e-29
5.212325795e-29
6.237288339e-29
7.113507717e-29
3.346481741e-29
3.843888939e-29
4.612436803e-29
5.678158787e-29
7.078843762e-29
8.850066348e-29
1.098210729e-28
1.330399648e-28
1.517815518e-28
5.943122901e-29
6.910379241e-29
8.428432676e-29
1.057445027e-28
1.344943288e-28
1.713392711e-28
2.156627652e-28
2.627278222e-28
2.988557017e-28
1.022079045e-28
1.203659136e-28
1.49272436e-28
1.907732194e-28
2.470836554e-28
3.196222463e-28
4.06226376e-28
4.95977164e-28
5.623860607e-28
1.73528476e-28
2.068875243e-28
2.606119436e-28
3.38613866e-28
4.452389441e-28
5.826086941e-28
7.450447395e-28
9.100890426e-28
1.029182338e-27
2.936893594e-28
3.540663189e-28
4.521675364e-28
5.957014065e-28
7.926757889e-28
1.045927917e-27
1.342753573e-27
1.639946455e-27
1.850813332e-27
4.97856646e-28
6.059751875e-28
7.827839552e-28
1.042787096e-27
1.400228503e-27
1.858545106e-27
2.391846505e-27
2.920249331e-27
3.2910255e-27
8.469244029e-28
1.039008686e-27
1.354567977e-27
1.820111036e-27
2.460515543e-27
3.279500846e-27
4.227200352e-27
5.159310131e-27
5.808503775e-27
1.446405287e-27
1.785655426e-27
2.344756809e-27
3.171273939e-27
4.308284787e-27
5.759111135e-27
7.431036767e-27
9.067031641e-27
1.020074814e-26
2.479164189e-27
3.07568281e-27
4.060940586e-27
5.51930086e-27
7.525123398e-27
1.007999996e-26
1.301536319e-26
1.587730864e-26
1.785372612e-26
4.262241618e-27
5.307663901e-27
7.036995323e-27
9.598782079e-27
1.312131835e-26
1.760194559e-26
2.27386143e-26
2.773409164e-26
3.117557237e-26
7.345454532e-27
9.173100425e-27
1.219958649e-26
1.668526975e-26
2.285164412e-26
3.068713884e-26
3.965567106e-26
4.836187774e-26
5.434944943e-26
1.268254802e-26
1.587191719e-26
2.115728089e-26
2.899361506e-26
3.976369146e-26
5.34385221e-26
6.907272822e-26
8.422975112e-26
9.46408148e-26
2.192829532e-26
2.748656632e-26
3.670250202e-26
5.03696178e-26
6.915000937e-26
9.298190096e-26
1.202053409e-25
1.46572382e-25
1.646666568e-25
3.795427283e-26
4.763154594e-26
6.36830801e-26
8.749096053e-26
1.202012715e-25
1.616918419e-25
2.090567339e-25
2.548982267e-25
2.863346977e-25
6.57442862e-26
8.258107517e-26
1.105154595e-25
1.519522759e-25
2.088763407e-25
2.810556757e-25
3.634137644e-25
4.430782748e-25
4.976808028e-25
1.139488627e-25
1.432268607e-25
1.918117735e-25
2.638847376e-25
3.628838017e-25
4.883787218e-25
6.315143115e-25
7.699072242e-25
8.647267241e-25
1.975836506e-25
2.484765705e-25
3.329399334e-25
4.582380758e-25
6.303256654e-25
8.484151392e-25
1.097075641e-24
1.337406224e-24
1.502012637e-24
3.427127602e-25
4.311523504e-25
5.779378822e-25
7.956815781e-25
1.094692205e-24
1.473536368e-24
1.90534233e-24
2.322531957e-24
2.608175319e-24
5.945745202e-25
7.48224829e-25
1.003243371e-24
1.381510739e-24
1.900859674e-24
2.558682679e-24
3.308201208e-24
4.032072352e-24
4.527518742e-24
1.031671695e-24
1.298557086e-24
1.741492796e-24
2.398405707e-24
3.300109585e-24
4.441849717e-24
5.742201798e-24
6.997501261e-24
7.856322166e-24
1.790193108e-24
2.253658037e-24
3.022760459e-24
4.16317047e-24
5.728044695e-24
7.708656476e-24
9.96327722e-24
1.213860322e-23
1.362610442e-23
3.106295615e-24
3.910917292e-24
5.245915216e-24
7.224841242e-24
9.939185861e-24
1.33727786e-23
1.727889711e-23
2.104506029e-23
2.361870439e-23
5.389211423e-24
6.785623488e-24
9.101891304e-24
1.253401885e-23
1.723900408e-23
2.318654524e-23
2.994703276e-23
3.645956539e-23
4.090620415e-23
9.347454789e-24
1.176975621e-23
1.578625491e-23
2.173452769e-23
2.988293614e-23
4.01739939e-23
5.185940154e-23
6.310350972e-23
7.077238527e-23
1.620624148e-23
2.040537776e-23
2.736480151e-23
3.76642869e-23
5.176026729e-23
6.954233271e-23
8.970669322e-23
1.09081608e-22
1.222774608e-22
2.808112163e-23
3.535405995e-23
4.740044325e-23
6.521248748e-23
8.956159824e-23
1.20233331e-22
1.549555986e-22
1.882579745e-22
2.108993939e-22
4.861817853e-23
6.120027818e-23
8.202414111e-23
1.127803311e-22
1.547622377e-22
2.07549546e-22
2.671828444e-22
3.242488805e-22
3.629613491e-22
8.408728236e-23
1.058211604e-22
1.41756472e-22
1.947579118e-22
2.669725954e-22
3.575715129e-22
4.596576152e-22
5.570804116e-22
6.229930827e-22
1.452419704e-22
1.82711765e-22
2.445904586e-22
3.356998267e-22
4.595603471e-22
6.14531967e-22
7.886118e-22
9.541913814e-22
1.065857418e-21
2.50470594e-22
3.149136242e-22
4.211796332e-22
5.773183652e-22
7.89013639e-22
1.053022028e-21
1.348490126e-21
1.6284348e-21
1.816517625e-21
4.311124635e-22
5.416180843e-22
7.235152433e-22
9.901100866e-22
1.350402845e-21
1.798002157e-21
2.296772738e-21
2.767196074e-21
3.08188162e-21
7.403888681e-22
9.292075694e-22
1.239344697e-21
1.692533104e-21
2.302675748e-21
3.057259544e-21
3.893901509e-21
4.678893726e-21
5.201422e-21
1.268350776e-21
1.589624963e-21
2.115972666e-21
2.882377564e-21
3.909626775e-21
5.173439492e-21
6.566654525e-21
7.866172279e-21
8.726429049e-21
2.166827343e-21
2.710804655e-21
3.599309379e-21
4.88765994e-21
6.605561969e-21
8.706404198e-21
1.100726334e-20
1.3139217e-20
1.454191888e-20
3.691022145e-21
4.606945287e-21
6.097613454e-21
8.248568156e-21
1.109945503e-20
1.456185504e-20
1.832589356e-20
2.178783288e-20
2.405022981e-20
6.268971258e-21
7.801532668e-21
1.028524729e-20
1.384861664e-20
1.853857725e-20
2.418945343e-20
3.028094129e-20
3.58368443e-20
3.944039335e-20
1.061810129e-20
1.316487459e-20
1.727163571e-20
2.312391745e-20
3.076361359e-20
3.988395047e-20
4.961988878e-20
5.84148491e-20
6.407045634e-20
1.794257081e-20
2.214361663e-20
2.887774815e-20
3.83975161e-20
5.070485036e-20
6.523772442e-20
8.057316272e-20
9.426932737e-20
1.029873782e-19
3.02715657e-20
3.714819698e-20
4.809298888e-20
6.341717002e-20
8.299847351e-20
1.05816261e-19
1.295555264e-19
1.50459423e-19
1.635963374e-19
5.104756896e-20
6.22163345e-20
7.984071614e-20
1.042310911e-19
1.349537419e-19
1.70167785e-19
2.061492279e-19
2.37253295e-19
2.564677307e-19
8.616270211e-20
1.04165109e-19
1.322801445e-19
1.706366329e-19
2.180947265e-19
2.713521294e-19
3.244871962e-19
3.692669252e-19
3.962540705e-19
1.457986102e-19
1.746099208e-19
2.190457763e-19
2.786116958e-19
3.506650227e-19
4.29315383e-19
5.052641304e-19
5.669599971e-19
6.027473633e-19
2.476885113e-19
2.935030723e-19
3.631099003e-19
4.544250512e-19
5.617613204e-19
6.746996516e-19
7.788595754e-19
8.588732598e-19
9.023971575e-19
4.228239544e-19
4.952602013e-19
6.033782825e-19
7.415490876e-19
8.981920381e-19
1.055133656e-18
1.190591775e-18
1.285659052e-18
1.331400055e-18
7.251704767e-19
8.390894068e-19
1.005678671e-18
1.212056871e-18
1.435761198e-18
1.64578798e-18
1.810120694e-18
1.908307567e-18
1.943109365e-18
1.247524334e-18
1.425698043e-18
1.680363924e-18
1.984799501e-18
2.297467062e-18
2.567144699e-18
2.74876705e-18
2.825368955e-18
2.825369528e-18
2.145931762e-18
2.422839895e-18
2.809102105e-18
3.253240651e-18
3.682210836e-18
4.01491328e-18
4.191591654e-18
4.208045108e-18
4.138052703e-18
3.674628092e-18
4.101813313e-18
4.68340607e-18
5.326548385e-18
5.909632233e-18
6.310823467e-18
6.456755905e-18
6.369204059e-18
6.189098967e-18
6.232056455e-18
6.886136131e-18
7.757611385e-18
8.68948752e-18
9.491185736e-18
9.990508405e-18
1.01050576e-17
9.895189488e-18
9.581960499e-18
1.041753379e-17
1.141397032e-17
1.272169996e-17
1.409267566e-17
1.524743675e-17
1.595824657e-17
1.613944437e-17
1.588981983e-17
1.549115984e-17
1.710362219e-17
1.862418256e-17
2.061146732e-17
2.270067168e-17
2.451034115e-17
2.575882788e-17
2.63564007e-17
2.640403346e-17
2.614905639e-17
2.755237016e-17
2.990231645e-17
3.300357227e-17
3.635810891e-17
3.948225202e-17
4.204675439e-17
4.393358614e-17
4.513595621e-17
4.562819963e-17
4.365593794e-17
4.737852434e-17
5.240196127e-17
5.809381515e-17
6.387969862e-17
6.937770293e-17
7.43578223e-17
7.84655585e-17
8.094418119e-17
6.846989429e-17
7.455885671e-17
8.301308437e-17
9.30743241e-17
1.040767361e-16
1.155166904e-16
1.268301418e-16
1.36872485e-16
1.43452485e-16
1.073187941e-16
1.175832418e-16
1.322187115e-16
1.503244637e-16
1.71054722e-16
1.935283515e-16
2.163599698e-16
2.369446695e-16
2.508072743e-16
1.698691207e-16
1.875085584e-16
2.131371335e-16
2.455709973e-16
2.834453756e-16
3.248792591e-16
3.668722111e-16
4.04665953e-16
4.306110198e-16
2.736219433e-16
3.040248395e-16
3.485873599e-16
4.053736686e-16
4.716866255e-16
5.436237309e-16
6.158529056e-16
6.811945948e-16
7.273546827e-16
4.490735963e-16
5.007076358e-16
5.763459175e-16
6.722492067e-16
7.830878374e-16
9.020782466e-16
1.021763685e-15
1.132490229e-15
1.213418299e-15
7.460136156e-16
8.311223901e-16
9.549708875e-16
1.1104542e-15
1.288558713e-15
1.480071716e-15
1.676560431e-15
1.864053004e-15
2.004585819e-15
1.239532774e-15
1.374733553e-15
1.570135619e-15
1.814138015e-15
2.094556375e-15
2.401588395e-15
2.725643339e-15
3.042245312e-15
3.281894732e-15
2.036067341e-15
2.244472097e-15
2.545512802e-15
2.923669907e-15
3.365609174e-15
3.861723394e-15
4.396953969e-15
4.924775673e-15
5.323132864e-15
3.286664561e-15
3.604392758e-15
4.066914004e-15
4.656685572e-15
5.360372068e-15
6.165591151e-15
7.042419052e-15
7.904773257e-15
8.548498607e-15
5.219188713e-15
5.706992597e-15
6.42532248e-15
7.355656601e-15
8.482657028e-15
9.783495631e-15
1.119811577e-14
1.257508444e-14
1.358705628e-14
8.193038508e-15
8.951046329e-15
1.007826425e-14
1.155362964e-14
1.335366215e-14
1.543151894e-14
1.767290545e-14
1.98229796e-14
2.137426969e-14
1.277338679e-14
1.39593828e-14
1.573377437e-14
1.80678775e-14
2.091827394e-14
2.419125611e-14
2.768052437e-14
3.097109601e-14
3.329709898e-14
1.983226689e-14
2.168798599e-14
2.447236906e-14
2.813899212e-14
3.260401349e-14
3.768968294e-14
4.303817454e-14
4.79899226e-14
5.141319975e-14
3.06971785e-14
3.358830623e-14
3.792961322e-14
4.363981653e-14
5.056087378e-14
5.837102907e-14
6.646814939e-14
7.382211461e-14
7.87866887e-14
4.737401173e-14
5.185094636e-14
5.857138263e-14
6.739136559e-14
7.802460496e-14
8.991080817e-14
1.020599251e-13
1.12882218e-13
1.20007676e-13
7.288401919e-14
7.977458126e-14
9.011033794e-14
1.036416567e-13
1.198700225e-13
1.378499233e-13
1.559820655e-13
1.718308372e-13
1.820003832e-13
1.117732424e-13
1.223238138e-13
1.381373944e-13
1.587944616e-13
1.834567136e-13
2.105685167e-13
2.375809847e-13
2.607750848e-13
2.752806102e-13
1.708845012e-13
1.86975886e-13
2.110820762e-13
2.425204839e-13
2.799225202e-13
3.207805211e-13
3.610732184e-13
3.95123887e-13
4.159044311e-13
2.605297068e-13
2.850072826e-13
3.216732277e-13
3.694496202e-13
4.261564684e-13
4.878173551e-13
5.4813649e-13
5.984348557e-13
6.284639805e-13
3.962680616e-13
4.334448451e-13
4.891535655e-13
5.617359678e-13
6.477888999e-13
7.410895589e-13
8.318392509e-13
9.067356825e-13
9.506396772e-13
6.015902689e-13
6.580075529e-13
7.426134429e-13
8.529124058e-13
9.836771997e-13
1.125272322e-12
1.262521446e-12
1.374989287e-12
1.440012479e-12
9.119343096e-13
9.974982954e-13
1.125953554e-12
1.293609839e-12
1.492539358e-12
1.707950586e-12
1.916443581e-12
2.086587825e-12
2.1840624e-12
1.380614009e-12
1.510267364e-12
1.705157898e-12
1.9598982e-12
2.262579817e-12
2.590660265e-12
2.908228172e-12
3.166971237e-12
3.314491642e-12
2.08741647e-12
2.283546435e-12
2.578736837e-12
2.965183665e-12
3.425123859e-12
3.924423106e-12
4.408263644e-12
4.802596398e-12
5.027130601e-12
3.150789866e-12
3.446608864e-12
3.892341451e-12
4.476712106e-12
5.173354421e-12
5.930900814e-12
6.666212849e-12
7.266403485e-12
7.608573433e-12
4.744646067e-12
5.188787843e-12
5.858580325e-12
6.737690618e-12
7.78711455e-12
8.930049567e-12
1.004140027e-11
1.095044746e-11
1.147014655e-11
7.120763416e-12
7.783289919e-12
8.782886826e-12
1.009572804e-11
1.166425926e-11
1.337447253e-11
1.503994592e-11
1.640524477e-11
1.718849517e-11
1.063749601e-11
1.161737572e-11
1.309578225e-11
1.503760119e-11
1.735809961e-11
1.9889434e-11
2.235696873e-11
2.438353093e-11
2.55503199e-11
1.579488266e-11
1.722875703e-11
1.939099068e-11
2.222924064e-11
2.561909215e-11
2.931577855e-11
3.292001276e-11
3.58838118e-11
3.759568185e-11
2.32752387e-11
2.534694618e-11
2.846761033e-11
3.255842519e-11
3.743739156e-11
4.275131071e-11
4.792857794e-11
5.218734275e-11
5.465347736e-11
3.398688615e-11
3.693681054e-11
4.13730403e-11
4.717621678e-11
5.408160636e-11
6.158615677e-11
6.888522494e-11
7.488603185e-11
7.836678128e-11
4.91068499e-11
5.323974224e-11
5.944140423e-11
6.753161735e-11
7.712891991e-11
8.75276486e-11
9.761734139e-11
1.059036143e-10
1.107169742e-10
7.011593339e-11
7.580585895e-11
8.432164211e-11
9.53939365e-11
1.08481159e-10
1.226127382e-10
1.362891808e-10
1.475111404e-10
1.540399312e-10
9.881924384e-11
1.065103317e-10
1.179878417e-10
1.328574732e-10
1.503669487e-10
1.692118001e-10
1.874099017e-10
2.023318097e-10
2.110257978e-10
1.373438574e-10
1.475476643e-10
1.627307526e-10
1.823338915e-10
2.053406592e-10
2.300322963e-10
2.538293995e-10
2.733286215e-10
2.847039004e-10
1.88118966e-10
2.014151584e-10
2.211506484e-10
2.465571724e-10
2.762864914e-10
3.08108136e-10
3.387167333e-10
3.637773141e-10
3.784124886e-10
2.538824157e-10
2.709290732e-10
2.961740955e-10
3.285842255e-10
3.66399816e-10
4.067701253e-10
4.455236977e-10
4.772243797e-10
4.957534942e-10
3.377035263e-10
3.592296805e-10
3.910385391e-10
4.317655593e-10
4.791498933e-10
5.296017742e-10
5.779340555e-10
6.174310236e-10
6.405333912e-10
4.429535142e-10
4.697463766e-10
5.092523844e-10
5.597002148e-10
6.182286261e-10
6.80381581e-10
7.397998729e-10
7.88304779e-10
8.16692034e-10
5.732573227e-10
6.061474959e-10
6.545414286e-10
7.161773748e-10
7.874866545e-10
8.630135733e-10
9.350670607e-10
9.938211221e-10
1.028221954e-09
7.324335732e-10
7.722779231e-10
8.307830662e-10
9.05106399e-10
9.908588988e-10
1.081448499e-09
1.167692748e-09
1.237937895e-09
1.279081034e-09
9.244233443e-10
9.720858632e-10
1.0419303e-09
1.130437667e-09
1.232282184e-09
1.339598493e-09
1.441557488e-09
1.524505667e-09
1.57310178e-09
1.153209795e-09
1.20954106e-09
1.291928134e-09
1.396077033e-09
1.515607915e-09
1.64124834e-09
1.760375515e-09
1.857177348e-09
1.913900547e-09
1.42273132e-09
1.488547282e-09
1.584625312e-09
1.70579698e-09
1.84451301e-09
1.989966588e-09
2.12760637e-09
2.239320389e-09
2.304790084e-09
1.736791331e-09
1.812852223e-09
1.92368461e-09
2.063147739e-09
2.22241235e-09
2.389019791e-09
2.546371136e-09
2.673934788e-09
2.748698592e-09
2.098967969e-09
2.185958136e-09
2.312494996e-09
2.471371649e-09
2.652375985e-09
2.841293021e-09
3.019376316e-09
3.163579842e-09
3.248098189e-09
2.512527117e-09
2.611036522e-09
2.754088904e-09
2.933323898e-09
3.137054093e-09
3.34921947e-09
3.54884802e-09
3.710312158e-09
3.804945185e-09
2.980341927e-09
3.090850022e-09
3.251067653e-09
3.451402507e-09
3.678612325e-09
3.914721556e-09
4.136478628e-09
4.315636895e-09
4.420634055e-09
3.504821812e-09
3.627684312e-09
3.805537626e-09
4.027489949e-09
4.278679686e-09
4.539165391e-09
4.783387511e-09
4.980473597e-09
5.095966294e-09
4.087853339e-09
4.223292338e-09
4.419059335e-09
4.662908258e-09
4.938310483e-09
5.223329821e-09
5.490096726e-09
5.705137276e-09
5.831134696e-09
4.73075492e-09
4.878852588e-09
5.092610852e-09
5.358388823e-09
5.657961228e-09
5.967390609e-09
6.25652195e-09
6.489334785e-09
6.625722939e-09
5.4342465e-09
5.59494247e-09
5.826566424e-09
6.114057402e-09
6.437482722e-09
6.770919663e-09
7.081978278e-09
7.332175845e-09
7.478719711e-09
6.198434781e-09
6.371527134e-09
6.620690409e-09
6.929434231e-09
7.276126901e-09
7.632898617e-09
7.965199913e-09
8.232197605e-09
8.388546122e-09
7.022813793e-09
7.207963464e-09
7.474146028e-09
7.803448489e-09
8.172567452e-09
8.551745526e-09
8.904372341e-09
9.187401101e-09
9.353094701e-09
7.90628006e-09
8.103018307e-09
8.385517875e-09
8.734465859e-09
9.124932759e-09
9.525353061e-09
9.897175165e-09
1.019529773e-08
1.036977799e-08
8.847161038e-09
9.054899559e-09
9.352846648e-09
9.720327519e-09
1.013084936e-08
1.055113623e-08
1.094083357e-08
1.125296359e-08
1.143558457e-08
9.843255091e-09
1.00612983e-08
1.037367422e-08
1.075839859e-08
1.118749386e-08
1.162608755e-08
1.203217627e-08
1.235709948e-08
1.254714028e-08
1.0891881e-08
1.111943995e-08
1.144509697e-08
1.184562391e-08
1.229165115e-08
1.274683743e-08
1.316769766e-08
1.350409447e-08
1.370077253e-08
1.198993479e-08
1.222614219e-08
1.256382516e-08
1.297858896e-08
1.343977672e-08
1.390971771e-08
1.434362226e-08
1.469009081e-08
1.489257556e-08
1.313395171e-08
1.337787751e-08
1.372624617e-08
1.415358375e-08
1.46280611e-08
1.511082631e-08
1.555596935e-08
1.591104854e-08
1.611847495e-08
1.43201711e-08
1.457083823e-08
1.492848959e-08
1.536666775e-08
1.585249436e-08
1.634609112e-08
1.68006162e-08
1.716280799e-08
1.737428974e-08
1.554460217e-08
1.580100196e-08
1.616649209e-08
1.661373404e-08
1.710892917e-08
1.76113318e-08
1.807335839e-08
1.844114898e-08
1.865579091e-08
1.680308893e-08
1.706419584e-08
1.743606069e-08
1.789057105e-08
1.839314087e-08
1.890231789e-08
1.936996617e-08
1.974184562e-08
1.995875521e-08
1.809137263e-08
1.835615803e-08
1.873293276e-08
1.919292077e-08
1.970088346e-08
2.021482254e-08
2.068623588e-08
2.106071582e-08
2.127901366e-08
1.940515045e-08
1.967259525e-08
2.005283182e-08
2.051653237e-08
2.102794073e-08
2.154467091e-08
2.201803589e-08
2.239366524e-08
2.261249422e-08
2.074012959e-08
2.100923545e-08
2.139151832e-08
2.185721052e-08
2.237017178e-08
2.288778297e-08
2.336134668e-08
2.373672523e-08
2.39552585e-08
2.209207581e-08
2.236187501e-08
2.274483473e-08
2.321085795e-08
2.372355081e-08
2.424021026e-08
2.471229496e-08
2.508608476e-08
2.530353243e-08
2.345685631e-08
2.372642007e-08
2.410874478e-08
2.45735121e-08
2.50842009e-08
2.559816683e-08
2.606718191e-08
2.64381165e-08
2.665373101e-08
2.483047639e-08
2.509892176e-08
2.547936664e-08
2.594137578e-08
2.644842183e-08
2.695805427e-08
2.742250563e-08
2.778939727e-08
2.800247762e-08
2.620911022e-08
2.647560556e-08
2.68530002e-08
2.731084202e-08
2.781271233e-08
2.831648122e-08
2.877497824e-08
2.913672319e-08
2.934661804e-08
2.758912562e-08
2.785289467e-08
2.822614864e-08
2.867851336e-08
2.917378688e-08
2.96702778e-08
3.012153805e-08
3.047712005e-08
3.068322974e-08
2.896710329e-08
2.92274281e-08
2.959553466e-08
3.0041216e-08
3.052858758e-08
3.101650516e-08
3.145935714e-08
3.180784939e-08
3.200962704e-08
3.033985081e-08
3.059607344e-08
3.095811182e-08
3.139600923e-08
3.187429158e-08
3.235246096e-08
3.278584499e-08
3.312641059e-08
3.332336242e-08
3.170441194e-08
3.195593522e-08
3.231107135e-08
3.274019058e-08
3.320831444e-08
3.367568099e-08
3.409864855e-08
3.443053985e-08
3.462222472e-08
3.305807161e-08
3.330435896e-08
3.365184506e-08
3.407129734e-08
3.452831012e-08
3.49839376e-08
3.539564941e-08
3.571820623e-08
3.59042346e-08
3.439835717e-08
3.463893175e-08
3.497810487e-08
3.538710477e-08
3.583216788e-08
3.627523543e-08
3.667495831e-08
3.698760534e-08
3.716763775e-08
3.572303648e-08
3.595747961e-08
3.628775927e-08
3.668562166e-08
3.711800678e-08
3.754780484e-08
3.793490774e-08
3.823715125e-08
3.841089634e-08
3.703011317e-08
3.725806231e-08
3.757894749e-08
3.796508356e-08
3.838416808e-08
3.880009348e-08
3.917404281e-08
3.946546678e-08
3.963267904e-08
3.831781978e-08
3.853896606e-08
3.885003156e-08
3.922394427e-08
3.962920604e-08
4.003075652e-08
4.039111092e-08
4.06713728e-08
4.083185006e-08
3.958460893e-08
3.979869438e-08
4.009958681e-08
4.04608659e-08
4.085187748e-08
4.123864573e-08
4.158505046e-08
4.185387662e-08
4.200745737e-08
4.082914321e-08
4.103595777e-08
4.132639124e-08
4.16747078e-08
4.205113045e-08
4.242279786e-08
4.275497895e-08
4.301215999e-08
4.315872062e-08
4.205028398e-08
4.224966236e-08
4.252941393e-08
4.286451484e-08
4.322609227e-08
4.358242251e-08
4.390018083e-08
4.414556674e-08
4.428501871e-08
4.324707942e-08
4.343889786e-08
4.370780296e-08
4.402950522e-08
4.437605724e-08
4.471688982e-08
4.502009507e-08
4.525359047e-08
4.538587746e-08
4.441875215e-08
4.460292516e-08
4.486087296e-08
4.5169058e-08
4.550047424e-08
4.582571809e-08
4.611430287e-08
4.633586224e-08
4.646095738e-08
4.556468662e-08
4.574116381e-08
4.598809258e-08
4.628270066e-08
4.659893437e-08
4.690856154e-08
4.718251559e-08
4.739213863e-08
4.751004177e-08
4.668441655e-08
4.685317942e-08
4.708907206e-08
4.73700968e-08
4.767115881e-08
4.796519839e-08
4.822456293e-08
4.842229008e-08
4.853302517e-08
4.777761248e-08
4.793867132e-08
4.816355105e-08
4.843103411e-08
4.871698701e-08
4.899551925e-08
4.924038164e-08
4.942628982e-08
4.952990232e-08
4.884406959e-08
4.899746059e-08
4.921138669e-08
4.946541275e-08
4.973636533e-08
4.999951605e-08
5.023000465e-08
5.040420312e-08
5.050075769e-08
4.988369597e-08
5.002947838e-08
5.023254228e-08
5.047323417e-08
5.072933617e-08
5.097727144e-08
5.119355079e-08
5.135617735e-08
5.14457555e-08
5.08965014e-08
5.103475485e-08
5.122707633e-08
5.145459053e-08
5.169602764e-08
5.192894883e-08
5.213121506e-08
5.228243243e-08
5.236513042e-08
5.188258659e-08
5.201340859e-08
5.219513226e-08
5.240965462e-08
5.263664384e-08
5.285478295e-08
5.304325961e-08
5.318325201e-08
5.325917889e-08
5.284213306e-08
5.296563667e-08
5.313692867e-08
5.333867043e-08
5.355145576e-08
5.375507112e-08
5.393000516e-08
5.405897526e-08
5.412825098e-08
5.377539368e-08
5.389170531e-08
5.405275025e-08
5.424194435e-08
5.444079279e-08
5.463016502e-08
5.479182326e-08
5.490998922e-08
5.497274298e-08
5.468268371e-08
5.479194114e-08
5.494293927e-08
5.511983701e-08
5.530503484e-08
5.548046323e-08
5.562912892e-08
5.573672182e-08
5.579309048e-08
5.556437264e-08
5.566672314e-08
5.580788776e-08
5.59727556e-08
5.614460505e-08
5.630640418e-08
5.644237405e-08
5.653963543e-08
5.658976209e-08
5.642087655e-08
5.65164752e-08
5.664803029e-08
5.680114707e-08
5.695996318e-08
5.710845985e-08
5.723204129e-08
5.731922098e-08
5.736325371e-08
5.72526511e-08
5.734165924e-08
5.746383728e-08
5.760549161e-08
5.775159952e-08
5.788712999e-08
5.799863853e-08
5.807599266e-08
5.811408328e-08
5.806018511e-08
5.814276896e-08
5.8255809e-08
5.838629693e-08
5.852002928e-08
5.864293677e-08
5.874269388e-08
5.881048308e-08
5.884278615e-08
5.884399467e-08
5.892032406e-08
5.902446995e-08
5.914409289e-08
5.92657876e-08
5.937642007e-08
5.94647511e-08
5.952323893e-08
5.954991079e-08
5.960461789e-08
5.967486514e-08
5.977036396e-08
5.987942677e-08
5.998942502e-08
6.008813317e-08
6.016536556e-08
6.021481707e-08
6.023601501e-08
6.034261006e-08
6.040694897e-08
6.049404962e-08
6.059285896e-08
6.06915034e-08
6.077863888e-08
6.084510058e-08
6.088578107e-08
6.090166257e-08
6.105853938e-08
6.111714433e-08
6.119609629e-08
6.128495914e-08
6.137259228e-08
6.144850615e-08
6.15045242e-08
6.153669809e-08
6.154742016e-08
6.175298306e-08
6.180602822e-08
6.187708046e-08
6.195630281e-08
6.203326564e-08
6.209830698e-08
6.214420629e-08
6.216813616e-08
6.217385478e-08
6.242652391e-08
6.247418256e-08
6.253758256e-08
6.260746826e-08
6.267409903e-08
6.272861375e-08
6.276471602e-08
6.278066176e-08
6.278153138e-08
6.307974725e-08
6.312219116e-08
6.317818408e-08
6.323903386e-08
6.329566701e-08
6.333999685e-08
6.336661964e-08
6.337483775e-08
6.337101081e-08
6.371323824e-08
6.375063716e-08
6.37994651e-08
6.385157574e-08
6.3898541e-08
6.393302258e-08
6.395047856e-08
6.395122147e-08
6.394284812e-08
6.43275795e-08
6.436010071e-08
6.440200211e-08
6.444566564e-08
6.448328727e-08
6.45082514e-08
6.451684763e-08
6.451036322e-08
6.449759093e-08
6.492334904e-08
6.495115694e-08
6.498636605e-08
6.502186921e-08
6.505046532e-08
6.506623632e-08
6.506627372e-08
6.505280488e-08
6.50357782e-08
6.550111844e-08
6.552437427e-08
6.55531207e-08
6.558074436e-08
6.560062641e-08
6.560752161e-08
6.559929447e-08
6.557907873e-08
6.555793909e-08
6.606145131e-08
6.608031286e-08
6.610282121e-08
6.612283999e-08
6.613431229e-08
6.613264161e-08
6.611643725e-08
6.608970647e-08
6.606459196e-08
6.660490193e-08
6.661952332e-08
6.663601289e-08
6.66486948e-08
6.665205418e-08
6.664211977e-08
6.661821822e-08
6.658519837e-08
6.655624367e-08
6.713201408e-08
6.714254559e-08
6.715323014e-08
6.715883628e-08
6.715437181e-08
6.71364678e-08
6.710514157e-08
6.706605255e-08
6.703338875e-08
6.764332e-08
6.764990791e-08
6.765499547e-08
6.765377985e-08
6.764177262e-08
6.761618491e-08
6.757769881e-08
6.753275434e-08
6.749650889e-08
6.813933945e-08
6.814212598e-08
6.814181869e-08
6.813402805e-08
6.8114751e-08
6.808175709e-08
6.803636815e-08
6.798577564e-08
6.794607231e-08
6.862057884e-08
6.861970202e-08
6.861419604e-08
6.860006974e-08
6.857378754e-08
6.853365648e-08
6.848161382e-08
6.842557432e-08
6.838253314e-08
6.908753031e-08
6.908312391e-08
6.907260932e-08
6.905237924e-08
6.901934822e-08
6.897234049e-08
6.891388528e-08
6.885259349e-08
6.880633074e-08
6.954067063e-08
6.953286415e-08
6.951752487e-08
6.949141531e-08
6.945188337e-08
6.939825086e-08
6.933361631e-08
6.92672605e-08
6.921788872e-08
6.998045991e-08
6.996937845e-08
6.994939219e-08
6.991761978e-08
6.987182633e-08
6.981181224e-08
6.974122355e-08
6.966998559e-08
6.961761356e-08
7.040733975e-08
7.039310397e-08
7.036864203e-08
7.033141565e-08
7.027959143e-08
7.021343021e-08
7.013710448e-08
7.006115983e-08
7.000589257e-08
7.082173064e-08
7.080445656e-08
7.07756837e-08
7.073320417e-08
7.067557108e-08
7.060348819e-08
7.052163432e-08
7.04411519e-08
7.038309068e-08
7.122402814e-08
7.120382694e-08
7.1170901e-08
7.112336071e-08
7.106013135e-08
7.09823429e-08
7.089516126e-08
7.081030332e-08
7.074954558e-08
7.161459741e-08
7.159157497e-08
7.155464628e-08
7.150222849e-08
7.14336054e-08
7.135031743e-08
7.12579993e-08
7.116892102e-08
7.110556024e-08
7.199376511e-08
7.196802136e-08
7.192723176e-08
7.18701094e-08
7.179628384e-08
7.170769109e-08
7.161041761e-08
7.151726639e-08
7.145139171e-08
7.236180796e-08
7.233343575e-08
7.228891704e-08
7.222725083e-08
7.214840064e-08
7.205468449e-08
7.195262484e-08
7.185553901e-08
7.178723464e-08
7.271893647e-08
7.268801988e-08
7.263989138e-08
7.257382678e-08
7.249011307e-08
7.23914382e-08
7.228474666e-08
7.218385322e-08
7.211319728e-08
7.306527244e-08
7.303188421e-08
7.298024902e-08
7.290991169e-08
7.282147367e-08
7.271798281e-08
7.260679398e-08
7.250220497e-08
7.242926751e-08
7.340081821e-08
7.336501595e-08
7.330995549e-08
7.323544435e-08
7.314239165e-08
7.303419764e-08
7.291861912e-08
7.281042592e-08
7.273526572e-08
7.372541563e-08
7.368723634e-08
7.362880238e-08
7.355017977e-08
7.345258111e-08
7.333975522e-08
7.321985669e-08
7.310812126e-08
7.303078086e-08
7.403869207e-08
7.39981445e-08
7.393634804e-08
7.385362564e-08
7.375149288e-08
7.363404806e-08
7.350984546e-08
7.339458755e-08
7.331508577e-08
7.433999117e-08
7.429704532e-08
7.42318413e-08
7.414496088e-08
7.403822685e-08
7.391609442e-08
7.378752778e-08
7.366870675e-08
7.358702787e-08
7.462828552e-08
7.458285868e-08
7.451412555e-08
7.442293308e-08
7.431142186e-08
7.418442003e-08
7.405132316e-08
7.392881287e-08
7.38448915e-08
7.490206923e-08
7.485400775e-08
7.478152078e-08
7.468573271e-08
7.456912062e-08
7.443691301e-08
7.429897351e-08
7.417252882e-08
7.408622939e-08
7.515922851e-08
7.51082847e-08
7.503168221e-08
7.493084253e-08
7.480860846e-08
7.467065114e-08
7.452735889e-08
7.439657233e-08
7.430766233e-08
7.539688993e-08
7.53426935e-08
7.526143502e-08
7.515486219e-08
7.502622615e-08
7.488170184e-08
7.473228491e-08
7.459653227e-08
7.450464834e-08
7.561124705e-08
7.555327086e-08
7.546658694e-08
7.535331018e-08
7.52171594e-08
7.506489844e-08
7.490824569e-08
7.476662016e-08
7.467122669e-08
7.579736874e-08
7.573488882e-08
7.564172268e-08
7.552040789e-08
7.537521105e-08
7.52135994e-08
7.50481705e-08
7.489940557e-08
7.479974593e-08
7.594899481e-08
7.588104551e-08
7.577998742e-08
7.564885422e-08
7.54925654e-08
7.531944194e-08
7.514316655e-08
7.498554964e-08
7.488059116e-08
7.605832828e-08
7.598365381e-08
7.587287058e-08
7.572960323e-08
7.555955926e-08
7.537210613e-08
7.518227663e-08
7.501355684e-08
7.490193181e-08
7.611583744e-08
7.603284223e-08
7.591000517e-08
7.575166223e-08
7.556447911e-08
7.535911169e-08
7.515227574e-08
7.496957163e-08
7.484951804e-08
7.611008506e-08
7.60167864e-08
7.587900323e-08
7.570193276e-08
7.549340947e-08
7.526567523e-08
7.503753794e-08
7.483725374e-08
7.47065612e-08
7.60276072e-08
7.592159488e-08
7.576535229e-08
7.556512187e-08
7.533016277e-08
7.507466162e-08
7.48200097e-08
7.459777118e-08
7.445373958e-08
7.585286746e-08
7.573127646e-08
7.555240272e-08
7.532375602e-08
7.505632558e-08
7.476666669e-08
7.447933085e-08
7.422995505e-08
7.406937498e-08
7.556831673e-08
7.542782005e-08
7.522147806e-08
7.495833173e-08
7.465145841e-08
7.432027225e-08
7.399314548e-08
7.37106606e-08
7.352982668e-08
7.515459001e-08
7.499141973e-08
7.475214243e-08
7.444763859e-08
7.409348554e-08
7.371251058e-08
7.333764291e-08
7.301537583e-08
7.28101446e-08
7.4590871e-08
7.440087593e-08
7.412265632e-08
7.376928615e-08
7.335930704e-08
7.291957065e-08
7.248835963e-08
7.211910855e-08
7.188501208e-08
7.385545124e-08
7.363419888e-08
7.331064588e-08
7.290045848e-08
7.24256542e-08
7.191776469e-08
7.142125783e-08
7.099756401e-08
7.07299889e-08
7.292650109e-08
7.266943019e-08
7.229399902e-08
7.181890554e-08
7.127019295e-08
7.06847533e-08
7.011407228e-08
6.962859873e-08
6.932303532e-08
7.178305627e-08
7.148568288e-08
7.105198354e-08
7.050416037e-08
6.987285544e-08
6.92009998e-08
6.854788544e-08
6.799390036e-08
6.76462603e-08
7.040620338e-08
7.00643788e-08
6.956655943e-08
6.893894435e-08
6.821735035e-08
6.745139011e-08
6.670885242e-08
6.608080186e-08
6.568779289e-08
6.878042323e-08
6.839063632e-08
6.782382874e-08
6.711069159e-08
6.629276793e-08
6.54269174e-08
6.458995741e-08
6.388409486e-08
6.344363039e-08
6.6895023e-08
6.645473165e-08
6.581553568e-08
6.501309132e-08
6.409516155e-08
6.312629441e-08
6.219264485e-08
6.140766858e-08
6.091927803e-08
6.47455589e-08
6.425352835e-08
6.354050018e-08
6.264751682e-08
6.162895789e-08
6.055732755e-08
5.95281421e-08
5.866577504e-08
5.813097058e-08
6.233512663e-08
6.179174477e-08
6.100584472e-08
6.00241887e-08
5.890802975e-08
5.77378728e-08
5.661828049e-08
5.568371753e-08
5.510626643e-08
5.967537949e-08
5.908291461e-08
5.82278627e-08
5.716291277e-08
5.595626444e-08
5.469620079e-08
5.349563849e-08
5.249778414e-08
5.188383583e-08
5.678713086e-08
5.614989541e-08
5.523238153e-08
5.409324592e-08
5.280748328e-08
5.147063151e-08
5.020287596e-08
4.915430564e-08
4.851233095e-08
5.370041227e-08
5.302479893e-08
5.205450006e-08
5.085397821e-08
4.950461434e-08
4.810835988e-08
4.679120332e-08
4.570780495e-08
4.504832206e-08
5.045389218e-08
4.974825702e-08
4.873762713e-08
4.749187805e-08
4.609809126e-08
4.466347704e-08
4.331802679e-08
4.221831417e-08
4.155340103e-08
4.709361524e-08
4.636799584e-08
4.533181522e-08
4.405972279e-08
4.264353715e-08
4.119428925e-08
3.984391696e-08
3.87480493e-08
3.809067153e-08
4.36710908e-08
4.293676478e-08
4.1891462e-08
4.061372273e-08
3.919888354e-08
3.776013145e-08
3.642914618e-08
3.535773061e-08
3.472094252e-08
4.024083616e-08
3.950974503e-08
3.847253285e-08
3.721052749e-08
3.582115467e-08
3.441794869e-08
3.313010856e-08
3.210289678e-08
3.149899401e-08
3.685755383e-08
3.614163505e-08
3.512952754e-08
3.390406823e-08
3.256320256e-08
3.121896091e-08
2.999596189e-08
2.903056713e-08
2.847027672e-08
3.357317957e-08
3.288366423e-08
3.191246111e-08
3.074252621e-08
2.947070051e-08
2.820572852e-08
2.70658096e-08
2.617656238e-08
2.566834624e-08
3.043407114e-08
2.978081334e-08
2.886414811e-08
2.776572582e-08
2.657969806e-08
2.540991953e-08
2.436671233e-08
2.356375763e-08
2.311329635e-08
2.747860651e-08
2.686951508e-08
2.601807009e-08
2.500324193e-08
2.391504318e-08
2.285111282e-08
2.191291759e-08
2.120174565e-08
2.08118434e-08
2.473542745e-08
2.417607534e-08
2.339708103e-08
2.247351268e-08
2.149005059e-08
2.053720317e-08
1.970726988e-08
1.908949227e-08
1.876262986e-08
2.222251479e-08
2.171601626e-08
2.101319429e-08
2.018430478e-08
1.930802285e-08
1.846750788e-08
1.774755608e-08
1.722362463e-08
1.695510067e-08
1.994730774e-08
1.949460646e-08
1.886886423e-08
1.813514966e-08
1.736704361e-08
1.663927402e-08
1.602405497e-08
1.558706094e-08
1.537347791e-08
1.790855941e-08
1.750940814e-08
1.696147426e-08
1.632308773e-08
1.565918011e-08
1.503699509e-08
1.452115893e-08
1.416750378e-08
1.400654418e-08
1.610322478e-08
1.575697574e-08
1.528248376e-08
1.473314243e-08
1.416759439e-08
1.364604621e-08
1.322417669e-08
1.2947993e-08
1.283605744e-08
1.451695567e-08
1.422005514e-08
1.381516232e-08
1.335043834e-08
1.287745774e-08
1.244922524e-08
1.211431193e-08
1.190975324e-08
1.184292038e-08
1.313534945e-08
1.288506553e-08
1.25452173e-08
1.215843556e-08
1.177064268e-08
1.14279124e-08
1.117192821e-08
1.103217685e-08
1.100627544e-08
1.194374245e-08
1.173555914e-08
1.145502369e-08
1.113917214e-08
1.082814894e-08
1.05620009e-08
1.0376426e-08
1.029456239e-08
1.030557692e-08
1.092370154e-08
1.075349377e-08
1.05259364e-08
1.027313499e-08
1.003000872e-08
9.8313907e-09
9.707941851e-09
9.677515874e-09
9.721887723e-09
1.005622393e-08
9.919435569e-09
9.738334153e-09
9.540671859e-09
9.356826624e-09
9.217227463e-09
9.148382818e-09
9.163767982e-09
9.2385669e-09
9.321817038e-09
9.213997364e-09
9.073126469e-09
8.923209888e-09
8.790788175e-09
8.702653922e-09
8.681946864e-09
8.738507701e-09
8.841494366e-09
8.701918603e-09
8.619001308e-09
8.51275024e-09
8.404026845e-09
8.316205012e-09
8.273134779e-09
8.295258017e-09
8.38937515e-09
8.51898402e-09
8.179738768e-09
8.118180937e-09
8.041712237e-09
7.968612207e-09
7.919694618e-09
7.91647107e-09
7.977245635e-09
8.106244847e-09
8.261515145e-09
7.740659417e-09
7.697486203e-09
7.64677429e-09
7.604721123e-09
7.590107625e-09
7.622617957e-09
7.718877796e-09
7.880902278e-09
8.061378803e-09
7.37231432e-09
7.345101214e-09
7.316891417e-09
7.302228312e-09
7.318304322e-09
7.383398597e-09
7.51283041e-09
7.706684509e-09
7.912302322e-09
7.064461874e-09
7.05127987e-09
7.043001398e-09
7.052871446e-09
7.096858833e-09
7.19217995e-09
7.353145203e-09
7.57812697e-09
7.809087006e-09
6.808741598e-09
6.808084203e-09
6.817742e-09
6.849949496e-09
6.919744374e-09
7.043551488e-09
7.234906109e-09
7.490637016e-09
7.74727455e-09
6.598381187e-09
6.609086142e-09
6.635148115e-09
6.68801823e-09
6.782031017e-09
6.933028079e-09
7.153947149e-09
7.440202584e-09
7.722849769e-09
6.427897805e-09
6.449071133e-09
6.490360038e-09
6.562605865e-09
6.679610866e-09
6.856785532e-09
7.106598352e-09
7.423150396e-09
7.732016782e-09
6.292818179e-09
6.323764043e-09
6.379357907e-09
6.4699581e-09
6.608955101e-09
6.811432493e-09
7.089485813e-09
7.436028508e-09
7.771348799e-09
6.189427943e-09
6.229585001e-09
6.29872644e-09
6.406813452e-09
6.566902563e-09
6.793822455e-09
7.099408582e-09
7.475710159e-09
7.837296417e-09
6.114551824e-09
6.163435378e-09
6.245449112e-09
6.370208796e-09
6.550485968e-09
6.800928345e-09
7.133330182e-09
7.537712446e-09
7.923073164e-09
6.065363315e-09
6.122513933e-09
6.21673654e-09
6.35733179e-09
6.556853018e-09
6.829968935e-09
7.186814989e-09
7.61595143e-09
8.022543565e-09
6.039231855e-09
6.104180714e-09
6.209935652e-09
6.36549963e-09
6.583476506e-09
6.87653991e-09
7.254432657e-09
7.704960172e-09
8.129717531e-09
6.033674326e-09
6.10596615e-09
6.222830902e-09
6.392418218e-09
6.625852571e-09
6.93584096e-09
7.331829447e-09
7.801247028e-09
8.243295124e-09
6.04681943e-09
6.125927091e-09
6.252134524e-09
6.433132885e-09
6.679618879e-09
7.004320268e-09
7.418040118e-09
7.913305341e-09
8.401804673e-09
6.074986808e-09
6.159489217e-09
6.293304889e-09
6.483707331e-09
6.741413803e-09
7.080991005e-09
7.521073826e-09
8.079910479e-09
8.657924753e-09
6.113935761e-09
6.202712073e-09
6.342606036e-09
6.540916842e-09
6.810034257e-09
7.171845303e-09
7.669823182e-09
8.318255333e-09
8.935472208e-09
6.159970251e-09
6.252035589e-09
6.397039831e-09
6.603946895e-09
6.891925767e-09
7.305665076e-09
7.882267683e-09
8.567121329e-09
9.199410487e-09
6.209793544e-09
6.304997027e-09
6.456663305e-09
6.680963679e-09
7.019271539e-09
7.498453768e-09
8.103791252e-09
8.798372485e-09
9.429903655e-09
6.262869772e-09
6.365041769e-09
6.533426628e-09
6.81186155e-09
7.199691116e-09
7.699764983e-09
8.308924064e-09
8.995427645e-09
9.613048603e-09
6.332591069e-09
6.467401996e-09
6.682119503e-09
6.98691026e-09
7.38680807e-09
7.886080389e-09
8.482729222e-09
9.146404464e-09
9.738200452e-09
6.483761522e-09
6.629618519e-09
6.854992476e-09
7.163581527e-09
7.558961011e-09
8.043754225e-09
8.614629333e-09
9.242269165e-09
9.797591551e-09
6.651448594e-09
6.798314951e-09
7.022098041e-09
7.323609012e-09
7.703955328e-09
8.163289111e-09
8.696668964e-09
9.276652729e-09
9.786596381e-09
6.811121904e-09
6.954069019e-09
7.169736712e-09
7.456651772e-09
7.813356657e-09
8.237574477e-09
8.723268664e-09
9.246090597e-09
9.7039913e-09
6.95143986e-09
7.086964763e-09
7.289461432e-09
7.555354138e-09
7.880812478e-09
8.261584898e-09
8.691392019e-09
9.150200317e-09
9.551953487e-09
7.065049025e-09
7.190092344e-09
7.374924402e-09
7.614090355e-09
7.901794024e-09
8.232508977e-09
8.600685716e-09
8.991610074e-09
9.335731956e-09
7.14620077e-09
7.258009921e-09
7.421221216e-09
7.628854687e-09
7.873731094e-09
8.149880584e-09
8.45341876e-09
8.775601817e-09
9.063033995e-09
7.190356743e-09
7.286586621e-09
7.424952069e-09
7.597426959e-09
7.796145084e-09
8.015545727e-09
8.254183419e-09
8.509522065e-09
8.743233543e-09
7.194322374e-09
7.273179448e-09
7.384409905e-09
7.519502567e-09
7.670634457e-09
7.833425309e-09
8.009398854e-09
8.202060796e-09
8.386529835e-09
7.156451302e-09
7.216809775e-09
7.299689007e-09
7.396677104e-09
7.500678198e-09
7.609103546e-09
7.72669933e-09
7.862510328e-09
8.003172185e-09
7.076762683e-09
7.118222156e-09
7.172644238e-09
7.232263467e-09
7.291282111e-09
7.349308599e-09
7.414299995e-09
7.500100242e-09
7.602832744e-09
6.956916512e-09
6.979791164e-09
7.006694478e-09
7.030967015e-09
7.048524634e-09
7.061363672e-09
7.080421914e-09
7.123473765e-09
7.194169318e-09
6.800042345e-09
6.805286444e-09
6.806500533e-09
6.798470324e-09
6.779069428e-09
6.752678532e-09
6.732832335e-09
6.740337158e-09
6.78459281e-09
6.610448484e-09
6.59953371e-09
6.577567913e-09
6.540987607e-09
6.48970525e-09
6.43032792e-09
6.378517216e-09
6.357258009e-09
6.380165473e-09
6.39325751e-09
6.36802316e-09
6.325830554e-09
6.264844131e-09
6.186958587e-09
6.100742994e-09
6.023488943e-09
5.979602401e-09
5.985638945e-09
6.154020023e-09
6.116517719e-09
6.057265272e-09
5.976121948e-09
5.876805001e-09
5.769521819e-09
5.672715928e-09
5.611567647e-09
5.604556279e-09
5.898353222e-09
5.850704075e-09
5.777572207e-09
5.680394137e-09
5.564483304e-09
5.441342256e-09
5.33012962e-09
5.256278652e-09
5.239404763e-09
5.631638319e-09
5.575914672e-09
5.491939873e-09
5.382553429e-09
5.254405028e-09
5.119954688e-09
4.998701651e-09
4.915926101e-09
4.891788444e-09
5.358795411e-09
5.296933083e-09
5.204898294e-09
5.086728929e-09
4.950140313e-09
4.80823953e-09
4.68055669e-09
4.591917856e-09
4.562597138e-09
5.084141607e-09
5.017884138e-09
4.920256019e-09
4.796274771e-09
4.654460629e-09
4.50829567e-09
4.377097602e-09
4.285025487e-09
4.252158778e-09
4.81132906e-09
4.742197967e-09
4.641094864e-09
4.513804378e-09
4.369413149e-09
4.221549964e-09
4.08913635e-09
3.995520196e-09
3.960374238e-09
4.543333604e-09
4.472616967e-09
4.36980819e-09
4.241260387e-09
4.096418346e-09
3.948872846e-09
3.817014521e-09
3.723287026e-09
3.686818237e-09
4.28248628e-09
4.211245563e-09
4.108169118e-09
3.980002926e-09
3.836374581e-09
3.690691613e-09
3.56071841e-09
3.467940607e-09
3.43084232e-09
4.030532274e-09
3.959618767e-09
3.857413274e-09
3.730904689e-09
3.589760718e-09
3.447096054e-09
3.31998869e-09
3.228945925e-09
3.191794978e-09
3.788704533e-09
3.718783151e-09
3.618326579e-09
3.494442602e-09
3.356726348e-09
3.217921227e-09
3.094391869e-09
3.005670151e-09
2.968907478e-09
3.557804287e-09
3.489380018e-09
3.39132985e-09
3.270780383e-09
3.137167565e-09
3.002811787e-09
2.88334955e-09
2.797410633e-09
2.761369679e-09
3.33828007e-09
3.271724224e-09
3.17655588e-09
3.059842442e-09
2.930799167e-09
2.801290978e-09
2.68626358e-09
2.603439445e-09
2.568467283e-09
3.130299695e-09
3.065874015e-09
2.973915392e-09
2.861374968e-09
2.737205009e-09
2.612803389e-09
2.502458736e-09
2.42296271e-09
2.389252296e-09
2.933812627e-09
2.871690147e-09
2.783152229e-09
2.674990152e-09
2.555865262e-09
2.436757111e-09
2.331248813e-09
2.25529308e-09
2.222778031e-09
2.748603034e-09
2.688889e-09
2.603891356e-09
2.500214703e-09
2.386257756e-09
2.27252664e-09
2.171920728e-09
2.099492525e-09
2.06819113e-09
2.574334542e-09
2.517080904e-09
2.43567601e-09
2.33655964e-09
2.227819224e-09
2.11948279e-09
2.023830667e-09
1.954776007e-09
1.924705147e-09
2.410576744e-09
2.355805456e-09
2.278041255e-09
2.183508215e-09
2.079972223e-09
1.97702753e-09
1.886145872e-09
1.820397005e-09
1.79157388e-09
2.256899895e-09
2.204631121e-09
2.130506683e-09
2.040524009e-09
1.942134005e-09
1.844474687e-09
1.758177748e-09
1.695662908e-09
1.668092801e-09
2.112879243e-09
2.063097581e-09
1.99257232e-09
1.907077244e-09
1.813788952e-09
1.721144021e-09
1.639279814e-09
1.579919791e-09
1.553596656e-09
1.978058913e-09
1.930725302e-09
1.863740702e-09
1.782689704e-09
1.694240191e-09
1.606419669e-09
1.528844178e-09
1.472550645e-09
1.447459033e-09
1.851971904e-09
1.807040102e-09
1.743561388e-09
1.666732563e-09
1.582906476e-09
1.499734057e-09
1.426299107e-09
1.372975145e-09
1.349092234e-09
1.734198966e-09
1.69163301e-09
1.631452571e-09
1.558638621e-09
1.479253522e-09
1.400554887e-09
1.331107133e-09
1.280649507e-09
1.257947107e-09
1.624259401e-09
1.5839014e-09
1.526862761e-09
1.457900017e-09
1.38278258e-09
1.308382235e-09
1.242765033e-09
1.195066836e-09
1.173513266e-09
1.521583611e-09
1.48333597e-09
1.429311871e-09
1.364047639e-09
1.293026637e-09
1.222748802e-09
1.16080495e-09
1.115758315e-09
1.095320225e-09
1.425709812e-09
1.389488544e-09
1.338359304e-09
1.276644419e-09
1.209550779e-09
1.143222062e-09
1.084797015e-09
1.042296039e-09
1.022940416e-09
1.336222098e-09
1.301947251e-09
1.25359689e-09
1.195286124e-09
1.131955723e-09
1.069408842e-09
1.014354615e-09
9.742989607e-10
9.559957337e-10
1.25273931e-09
1.220334472e-09
1.174652197e-09
1.119607472e-09
1.059885479e-09
1.000964243e-09
9.491446686e-10
9.114446476e-10
8.941705596e-10
1.17492157e-09
1.144315961e-09
1.101199756e-09
1.049295137e-09
9.930421942e-10
9.376086564e-10
8.889072211e-10
8.534916722e-10
8.37236568e-10
1.102492544e-09
1.073624446e-09
1.032986323e-09
9.841150431e-10
9.312160496e-10
8.791609718e-10
8.334927008e-10
8.003214842e-10
7.850988106e-10
1.035292446e-09
1.008113475e-09
9.698860674e-10
9.239696207e-10
8.743455339e-10
8.256030722e-10
7.829320297e-10
7.520154671e-10
7.378798027e-10
9.734110137e-10
9.478897793e-10
9.120319493e-10
8.690280407e-10
8.226470166e-10
7.772099634e-10
7.375696751e-10
7.089945137e-10
6.960688256e-10
9.175300655e-10
8.936467067e-10
8.601373814e-10
8.200332038e-10
7.769029749e-10
7.348164907e-10
6.983108578e-10
6.722581063e-10
6.607704339e-10
8.698724107e-10
8.475753633e-10
8.163465445e-10
7.790703903e-10
7.391342946e-10
7.003850834e-10
6.670869262e-10
6.437685733e-10
6.340618509e-10
8.368588387e-10
8.158611407e-10
7.865013056e-10
7.515468936e-10
7.142449203e-10
6.782787876e-10
6.477314122e-10
6.269315697e-10
6.191837071e-10
1.96997671e-30
7.377849053e-30
1.645860553e-29
3.118837993e-29
5.505168321e-29
9.407418669e-29
1.587232535e-28
2.670932122e-28
4.505012657e-28
7.631477287e-28
1.298894532e-27
2.220356957e-27
3.809378137e-27
6.554621974e-27
1.130358851e-26
1.952649239e-26
3.377432617e-26
5.847407147e-26
1.013091529e-25
1.756156715e-25
3.045411557e-25
5.282599483e-25
9.164851464e-25
1.590154015e-24
2.75897408e-24
4.786347807e-24
8.301467893e-24
1.439247157e-23
2.493849085e-23
4.317889978e-23
7.468613024e-23
1.290223718e-22
2.225504089e-22
3.83184469e-22
6.583909025e-22
1.128620348e-21
1.929814148e-21
3.291108841e-21
5.598156986e-21
9.500090891e-21
1.609194753e-20
2.722979273e-20
4.608284533e-20
7.811300629e-20
1.328249044e-19
2.268862408e-19
3.896151113e-19
6.723687832e-19
1.163940771e-18
2.014371679e-18
3.469089204e-18
5.91370375e-18
9.928265206e-18
1.635397018e-17
2.639655185e-17
4.184121334e-17
6.554065568e-17
1.024487916e-16
1.615918075e-16
2.594441835e-16
4.250209005e-16
7.062482556e-16
1.176089169e-15
1.93808876e-15
3.137714619e-15
4.991904867e-15
7.84202013e-15
1.222655344e-14
1.897875862e-14
2.936894317e-14
4.531797487e-14
6.971951836e-14
1.069274242e-13
1.634937322e-13
2.492890508e-13
3.792021872e-13
5.757072399e-13
8.727081794e-13
1.321223348e-12
1.997645841e-12
3.015484407e-12
4.541604121e-12
6.81797089e-12
1.018966345e-11
1.513935318e-11
2.232749192e-11
3.263605363e-11
4.721185218e-11
6.750293546e-11
9.5281079e-11
1.326413487e-10
1.81981694e-10
2.460028876e-10
3.277399761e-10
4.305358598e-10
5.579940851e-10
7.139198826e-10
9.022499088e-10
1.126972564e-09
1.392041508e-09
1.701285423e-09
2.058317334e-09
2.466446867e-09
2.928598694e-09
3.447240171e-09
4.024320673e-09
4.661224596e-09
5.358739306e-09
6.117038639e-09
6.935681852e-09
7.813627315e-09
8.749259666e-09
9.740428745e-09
1.078449829e-08
1.187840224e-08
1.301870637e-08
1.420167311e-08
1.542332745e-08
1.667952214e-08
1.79660006e-08
1.927845618e-08
2.061258678e-08
2.196414422e-08
2.332897765e-08
2.470307106e-08
2.60825746e-08
2.746383009e-08
2.884339077e-08
3.021803592e-08
3.158478057e-08
3.294088097e-08
3.428383615e-08
3.561138637e-08
3.692150861e-08
3.821240985e-08
3.948251851e-08
4.073047436e-08
4.19551174e-08
4.315547601e-08
4.43307545e-08
4.54803206e-08
4.660369276e-08
4.770052772e-08
4.877060826e-08
4.981383143e-08
5.083019722e-08
5.181979775e-08
5.278280706e-08
5.371947158e-08
5.46301011e-08
5.551506052e-08
5.637476212e-08
5.720965852e-08
5.802023617e-08
5.880700936e-08
5.957051498e-08
6.031130756e-08
6.102995496e-08
6.172703445e-08
6.240312923e-08
6.305882529e-08
6.369470873e-08
6.431136329e-08
6.490936832e-08
6.548929688e-08
6.60517142e-08
6.659717627e-08
6.712622868e-08
6.763940554e-08
6.813722854e-08
6.862020606e-08
6.908883223e-08
6.954358587e-08
6.998492914e-08
7.041330576e-08
7.08291384e-08
7.123282492e-08
7.162473299e-08
7.200519209e-08
7.237448228e-08
7.273281824e-08
7.308032709e-08
7.341701835e-08
7.374274352e-08
7.405714325e-08
7.435957933e-08
7.464904905e-08
7.492407965e-08
7.518260129e-08
7.542179775e-08
7.563793581e-08
7.582617613e-08
7.59803713e-08
7.609285974e-08
7.61542684e-08
7.615334104e-08
7.60768138e-08
7.59093636e-08
7.563365866e-08
7.523054231e-08
7.467938088e-08
7.395860214e-08
7.304644304e-08
7.19219111e-08
7.056594559e-08
6.896273976e-08
6.710115856e-08
6.497615718e-08
6.259008079e-08
5.995370805e-08
5.7086896e-08
5.401869631e-08
5.078684482e-08
4.743657769e-08
4.401879536e-08
4.058767068e-08
3.719787162e-08
3.390162878e-08
3.074591256e-08
2.776998704e-08
2.500357485e-08
2.246581521e-08
2.016521071e-08
1.810120599e-08
1.627064219e-08
1.466090187e-08
1.325717112e-08
1.20453181e-08
1.100705558e-08
1.012352337e-08
9.375191174e-09
8.743326458e-09
8.210897321e-09
7.763017603e-09
7.387058259e-09
7.072538994e-09
6.810894337e-09
6.595183792e-09
6.419792349e-09
6.28014789e-09
6.172467397e-09
6.093534314e-09
6.040505482e-09
6.010752794e-09
6.001795859e-09
6.011689932e-09
6.037289381e-09
6.074196967e-09
6.118691269e-09
6.167250725e-09
6.21815335e-09
6.280170496e-09
6.418943986e-09
6.584665503e-09
6.745601967e-09
6.888952571e-09
7.007032929e-09
7.093948602e-09
7.144992313e-09
7.156736017e-09
7.127241305e-09
7.056200631e-09
6.944943358e-09
6.796294715e-09
6.614309345e-09
6.403922068e-09
6.170566849e-09
5.919811806e-09
5.657046688e-09
5.387244381e-09
5.114804433e-09
4.843477259e-09
4.576345415e-09
4.315845141e-09
4.063820739e-09
3.821594082e-09
3.590043401e-09
3.369682069e-09
3.160731408e-09
2.963184436e-09
2.776859022e-09
2.601445524e-09
2.436533692e-09
2.281688662e-09
2.136503033e-09
2.000534085e-09
1.873320502e-09
1.754423831e-09
1.643440122e-09
1.539767807e-09
1.442937126e-09
1.352529891e-09
1.268163277e-09
1.189494866e-09
1.116244234e-09
1.048245571e-09
9.855809883e-10
9.289277513e-10
8.805233612e-10
8.468981024e-10
)
;

boundaryField
{
    outlet
    {
        type            inletOutlet;
        inletValue      uniform 0;
        value           nonuniform List<scalar> 10(8.368588387e-10 8.158611407e-10 7.865013056e-10 7.515468936e-10 7.142449203e-10 6.782787876e-10 6.477314122e-10 6.269315697e-10 6.191837071e-10 8.468981024e-10);
    }
    inlet
    {
        type            fixedValue;
        value           uniform 0;
    }
    front
    {
        type            wedge;
    }
    wall
    {
        type            zeroGradient;
    }
    back
    {
        type            wedge;
    }
}


// ************************************************************************* //
