/*--------------------------------*- C++ -*----------------------------------*\
| =========                 |                                                 |
| \\      /  F ield         | OpenFOAM: The Open Source CFD Toolbox           |
|  \\    /   O peration     | Version:  2212                                  |
|   \\  /    A nd           | Website:  www.openfoam.com                      |
|    \\/     M anipulation  |                                                 |
\*---------------------------------------------------------------------------*/
FoamFile
{
    version     2.0;
    format      ascii;
    arch        "LSB;label=32;scalar=64";
    class       volScalarField;
    location    "20.00000000";
    object      C7H7;
}
// * * * * * * * * * * * * * * * * * * * * * * * * * * * * * * * * * * * * * //

dimensions      [0 0 0 0 0 0 0];

internalField   nonuniform List<scalar> 
3000
(
1.60864029e-31
1.809558627e-31
2.112860324e-31
2.517218e-31
3.01859852e-31
3.603410104e-31
4.236386627e-31
4.840421241e-31
5.267642691e-31
6.048436941e-31
6.832045191e-31
8.014557396e-31
9.594735369e-31
1.157136138e-30
1.393343694e-30
1.663951622e-30
1.955152246e-30
2.21300286e-30
1.358380623e-30
1.546650912e-30
1.833507571e-30
2.223262274e-30
2.723059324e-30
3.340200238e-30
4.072229241e-30
4.877826874e-30
5.566384851e-30
2.597072427e-30
2.98860196e-30
3.593996346e-30
4.4341931e-30
5.539414636e-30
6.938086711e-30
8.622735461e-30
1.045821933e-29
1.194020273e-29
4.63383556e-30
5.399069715e-30
6.601161852e-30
8.302381856e-30
1.058410023e-29
1.351152148e-29
1.703665472e-29
2.078303002e-29
2.366078643e-29
8.01421702e-30
9.459367036e-30
1.176253482e-29
1.507363855e-29
1.957280298e-29
2.537685503e-29
3.23155957e-29
3.951500601e-29
4.484727804e-29
1.369557272e-29
1.636851102e-29
2.067887196e-29
2.694696449e-29
3.552977346e-29
4.66062166e-29
5.972495441e-29
7.307368583e-29
8.271744424e-29
2.334849414e-29
2.822216795e-29
3.615260891e-29
4.7776534e-29
6.375900977e-29
8.434754055e-29
1.085227353e-28
1.327677485e-28
1.499934908e-28
3.989364556e-29
4.869032881e-29
6.309884894e-29
8.432843438e-29
1.135754441e-28
1.511555922e-28
1.949718694e-28
2.384635718e-28
2.690258122e-28
6.843520167e-29
8.41938333e-29
1.101267858e-28
1.484653224e-28
2.013226203e-28
2.690716833e-28
3.476355161e-28
4.250537124e-28
4.790563202e-28
1.178998431e-28
1.459727866e-28
1.923217531e-28
2.609891561e-28
3.556750358e-28
4.767788869e-28
6.166488633e-28
7.537830553e-28
8.489651235e-28
2.0390399e-28
2.537044606e-28
3.361124781e-28
4.583677595e-28
6.269269318e-28
8.421481411e-28
1.089987876e-27
1.332118317e-27
1.49960063e-27
3.537782549e-28
4.418460429e-28
5.878065048e-28
8.045312457e-28
1.103278558e-27
1.484227476e-27
1.921975273e-27
2.348568742e-27
2.642939994e-27
6.153689653e-28
7.70746338e-28
1.028545754e-27
1.411545864e-27
1.939385447e-27
2.611796899e-27
3.383266808e-27
4.133735301e-27
4.650716348e-27
1.072461373e-27
1.346120819e-27
1.800522076e-27
2.475854984e-27
3.406403106e-27
4.590945815e-27
5.948457774e-27
7.267307979e-27
8.174716614e-27
1.871808336e-27
2.353183716e-27
3.152927065e-27
4.341806051e-27
5.979714893e-27
8.063537153e-27
1.044965172e-26
1.276560186e-26
1.435759233e-26
3.270502849e-27
4.116475707e-27
5.522498701e-27
7.613009196e-27
1.049270565e-26
1.415483843e-26
1.834559318e-26
2.24101991e-26
2.520229656e-26
5.719013561e-27
7.20473548e-27
9.674713698e-27
1.334753571e-26
1.840628895e-26
2.483740698e-26
3.219327653e-26
3.932377917e-26
4.421944342e-26
1.000673917e-26
1.261473584e-26
1.695128687e-26
2.340005345e-26
3.228124224e-26
4.35686356e-26
5.647401514e-26
6.89785212e-26
7.756073064e-26
1.751715826e-26
2.209353754e-26
2.970399197e-26
4.102143133e-26
5.660578358e-26
7.64074272e-26
9.90397372e-26
1.209607637e-25
1.360007764e-25
3.067509507e-26
3.870338301e-26
5.205506548e-26
7.190953369e-26
9.924543226e-26
1.339696984e-25
1.736445552e-25
2.12058539e-25
2.384054622e-25
5.373067519e-26
6.781178402e-26
9.122976549e-26
1.260501597e-25
1.73982104e-25
2.348513131e-25
3.043734043e-25
3.716601381e-25
4.177934757e-25
9.413304688e-26
1.188261919e-25
1.598903663e-25
2.209399898e-25
3.049566637e-25
4.116131287e-25
5.333799838e-25
6.511788195e-25
7.319109002e-25
1.649374185e-25
2.082332301e-25
2.802243818e-25
3.872290544e-25
5.344403226e-25
7.212387293e-25
9.343912189e-25
1.140484381e-24
1.281655546e-24
2.890204585e-25
3.64920004e-25
4.910991248e-25
6.785878838e-25
9.364110401e-25
1.263382317e-24
1.636239398e-24
1.996497683e-24
2.243108389e-24
5.064584141e-25
6.394845308e-25
8.605715017e-25
1.188943508e-24
1.640238932e-24
2.212155998e-24
2.863785161e-24
3.492833735e-24
3.923076234e-24
8.8743323e-25
1.120514372e-24
1.507742477e-24
2.082553398e-24
2.871944513e-24
3.871387628e-24
5.00890117e-24
6.105736048e-24
6.855100198e-24
1.554790769e-24
1.963020123e-24
2.64088654e-24
3.646391123e-24
5.025918202e-24
6.770442903e-24
8.753238024e-24
1.066232437e-23
1.196478568e-23
2.723439083e-24
3.43804859e-24
4.623884936e-24
6.381232131e-24
8.789301498e-24
1.182990575e-23
1.527980782e-23
1.859532432e-23
2.085328341e-23
4.769105798e-24
6.019157718e-24
8.091795685e-24
1.115970447e-23
1.535712849e-23
2.064711175e-23
2.663622411e-23
3.237881862e-23
3.628102277e-23
8.348262547e-24
1.053299183e-23
1.415159879e-23
1.949995029e-23
2.68034066e-23
3.598649965e-23
4.635567413e-23
5.627009337e-23
6.298890953e-23
1.46072391e-23
1.842127582e-23
2.473041179e-23
3.403847786e-23
4.671934453e-23
6.261865881e-23
8.051389847e-23
9.756639305e-23
1.090850749e-22
2.554696278e-23
3.219654278e-23
4.317890398e-23
5.934572064e-23
8.130817028e-23
1.087511039e-22
1.395208301e-22
1.687239239e-22
1.883748661e-22
4.46598288e-23
5.623519846e-23
7.531656447e-23
1.033309761e-22
1.412592756e-22
1.884610196e-22
2.411466151e-22
2.909160438e-22
3.242585744e-22
7.804414408e-23
9.815964915e-23
1.312435026e-22
1.796620083e-22
2.449528187e-22
3.258237939e-22
4.15619594e-22
4.999905996e-22
5.562314229e-22
1.363611798e-22
1.712538408e-22
2.284871053e-22
3.11936725e-22
4.239409368e-22
5.619168406e-22
7.142076209e-22
8.564328171e-22
9.507099814e-22
2.382897889e-22
2.987039044e-22
3.974872249e-22
5.408965731e-22
7.323438767e-22
9.667217975e-22
1.223683636e-21
1.462049406e-21
1.619089479e-21
4.166676023e-22
5.210908296e-22
6.912127271e-22
9.369631725e-22
1.263031816e-21
1.659439205e-21
2.090815576e-21
2.488032021e-21
2.747999771e-21
7.295063404e-22
9.097416123e-22
1.202155584e-21
1.622191353e-21
2.175697634e-21
2.843417094e-21
3.564142343e-21
4.222536378e-21
4.650418432e-21
1.279963998e-21
1.590769902e-21
2.092669409e-21
2.809098836e-21
3.746053528e-21
4.866836491e-21
6.06602136e-21
7.152281695e-21
7.853053677e-21
2.253006529e-21
2.788896788e-21
3.649794784e-21
4.870198576e-21
6.453149504e-21
8.329561719e-21
1.031864408e-20
1.210458283e-20
1.324803717e-20
3.983616528e-21
4.908415644e-21
6.385709172e-21
8.464291457e-21
1.113667455e-20
1.427425297e-20
1.756814193e-20
2.049892833e-20
2.236104022e-20
7.085487991e-21
8.684947046e-21
1.122451949e-20
1.476944238e-20
1.928501781e-20
2.453420031e-20
2.999055891e-20
3.480128751e-20
3.783466913e-20
1.269729427e-20
1.547406966e-20
1.985499244e-20
2.591981714e-20
3.357202586e-20
4.237821441e-20
5.144180127e-20
5.936142032e-20
6.431839652e-20
2.296047984e-20
2.780830828e-20
3.540703113e-20
4.58385e-20
5.887518822e-20
7.372928053e-20
8.887118325e-20
1.019887275e-19
1.101423388e-19
4.195857856e-20
5.048732484e-20
6.376915285e-20
8.185202692e-20
1.042423315e-19
1.295125006e-19
1.550407549e-19
1.769816075e-19
1.905340646e-19
7.758732587e-20
9.274133414e-20
1.161936857e-19
1.47873274e-19
1.867604063e-19
2.302682665e-19
2.738658015e-19
3.110769326e-19
3.339371406e-19
1.453232079e-19
1.725823179e-19
2.145265761e-19
2.707824466e-19
3.393073001e-19
4.153971775e-19
4.911241904e-19
5.553896537e-19
5.946981426e-19
2.759069204e-19
3.256716132e-19
4.018645027e-19
5.034366124e-19
6.263741969e-19
7.620601256e-19
8.963884239e-19
1.009901576e-18
1.079111996e-18
5.311877841e-19
6.236275073e-19
7.645968584e-19
9.516421474e-19
1.176963912e-18
1.424595757e-18
1.668897674e-18
1.87479812e-18
2.000095306e-18
1.037159675e-18
1.212304614e-18
1.478666242e-18
1.831008719e-18
2.254255576e-18
2.718368087e-18
3.175530554e-18
3.560454499e-18
3.794528442e-18
2.053572059e-18
2.392815523e-18
2.908038255e-18
3.588722816e-18
4.405763541e-18
5.301587273e-18
6.184383604e-18
6.928176958e-18
7.380687268e-18
4.121958559e-18
4.794837051e-18
5.816918512e-18
7.168184711e-18
8.792430599e-18
1.057696176e-17
1.233976532e-17
1.3828337e-17
1.47353189e-17
8.383220334e-18
9.751262604e-18
1.183289202e-17
1.459238905e-17
1.792131414e-17
2.159424926e-17
2.523834416e-17
2.832742809e-17
3.021452851e-17
1.726444481e-17
2.011547426e-17
2.446807444e-17
3.026513993e-17
3.729903415e-17
4.511000058e-17
5.290991612e-17
5.955979505e-17
6.363901314e-17
3.597259099e-17
4.205623489e-17
5.138923342e-17
6.390212926e-17
7.920641855e-17
9.63513567e-17
1.13624586e-16
1.284716279e-16
1.376393856e-16
7.575666917e-17
8.901962271e-17
1.094954029e-16
1.371820841e-16
1.713921118e-16
2.101516969e-16
2.496616723e-16
2.840134246e-16
3.054480178e-16
1.610489693e-16
1.904998228e-16
2.363166103e-16
2.989090378e-16
3.772125574e-16
4.671755476e-16
5.602676985e-16
6.424835869e-16
6.946041916e-16
3.451063924e-16
4.114709488e-16
5.156324258e-16
6.596361283e-16
8.42408454e-16
1.055912978e-15
1.280974628e-15
1.483828203e-15
1.615293864e-15
7.44231499e-16
8.953862455e-16
1.13497578e-15
1.470636259e-15
1.903651105e-15
2.419191101e-15
2.974601196e-15
3.487712434e-15
3.829537862e-15
1.612456301e-15
1.959043237e-15
2.514251953e-15
3.30330285e-15
4.339342305e-15
5.598853096e-15
6.988993298e-15
8.309249148e-15
9.216292887e-15
3.503953284e-15
4.300943521e-15
5.591838322e-15
7.454026454e-15
9.944666066e-15
1.303946872e-14
1.654270308e-14
1.996614233e-14
2.239229453e-14
7.624726594e-15
9.456370575e-15
1.245640275e-14
1.684977477e-14
2.283583674e-14
3.043798882e-14
3.925976406e-14
4.811893226e-14
5.457924258e-14
1.659064455e-14
2.07848755e-14
2.77300647e-14
3.805103948e-14
5.236725484e-14
7.092840638e-14
9.296678329e-14
1.156415815e-13
1.325826676e-13
3.605315632e-14
4.559732232e-14
6.15655806e-14
8.562304406e-14
1.195470978e-13
1.643551262e-13
2.186262277e-13
2.755986547e-13
3.189885815e-13
7.816633401e-14
9.969890625e-14
1.360641906e-13
1.915273912e-13
2.708722645e-13
3.773380172e-13
5.083900277e-13
6.481188274e-13
7.560438751e-13
1.689297635e-13
2.169947661e-13
2.988280856e-13
4.24939495e-13
6.0750453e-13
8.555480284e-13
1.164612825e-12
1.497794027e-12
1.757578551e-12
3.63598377e-13
4.695487816e-13
6.511138918e-13
9.332138289e-13
1.345292192e-12
1.91024523e-12
2.62002021e-12
3.390479757e-12
3.99450034e-12
7.786243548e-13
1.008828768e-12
1.4052048e-12
2.02462364e-12
2.934947565e-12
4.190064938e-12
5.774265106e-12
7.499635598e-12
8.855238099e-12
1.65679672e-12
2.148922809e-12
2.998751454e-12
4.331223875e-12
6.295753832e-12
9.011209516e-12
1.244366275e-11
1.618321861e-11
1.912007769e-11
3.497375154e-12
4.530675275e-12
6.316948625e-12
9.12050132e-12
1.325615284e-11
1.897115609e-11
2.618626523e-11
3.403041804e-11
4.017562094e-11
7.309694943e-12
9.437033198e-12
1.311220698e-11
1.887379105e-11
2.735753632e-11
3.905025868e-11
5.37612506e-11
6.969054214e-11
8.211952015e-11
1.509340213e-11
1.938121782e-11
2.677264892e-11
3.832522157e-11
5.527089635e-11
7.851888193e-11
1.076151388e-10
1.389475333e-10
1.63267956e-10
3.071906348e-11
3.916851885e-11
5.36828923e-11
7.626393955e-11
1.092046746e-10
1.54117039e-10
2.099556795e-10
2.69686457e-10
3.157690705e-10
6.148716004e-11
7.774648402e-11
1.055484587e-10
1.485469437e-10
2.108440531e-10
2.95150464e-10
3.991611386e-10
5.095885819e-10
5.942145114e-10
1.207856407e-10
1.51309059e-10
2.03216941e-10
2.829423174e-10
3.975410568e-10
5.513250411e-10
7.394394749e-10
9.37538999e-10
1.088269911e-09
2.324413114e-10
2.882987945e-10
3.827091748e-10
5.265979795e-10
7.316339737e-10
1.004268919e-09
1.334731809e-09
1.679754903e-09
1.940324604e-09
4.375468191e-10
5.371300825e-10
7.043354598e-10
9.570605531e-10
1.313850662e-09
1.78369021e-09
2.347755426e-09
2.931440913e-09
3.368882854e-09
8.04697708e-10
9.775834312e-10
1.265853394e-09
1.697778853e-09
2.30165775e-09
3.088892755e-09
4.024703058e-09
4.984249936e-09
5.697786123e-09
1.444621605e-09
1.736819004e-09
2.220541248e-09
2.938827217e-09
3.933065252e-09
5.215836946e-09
6.725384533e-09
8.258920366e-09
9.390331858e-09
2.530033473e-09
3.010735734e-09
3.800724532e-09
4.963093639e-09
6.555718956e-09
8.589050955e-09
1.095751739e-08
1.334121939e-08
1.508601915e-08
4.321118523e-09
5.090879817e-09
6.346638782e-09
8.177358674e-09
1.066011427e-08
1.379652832e-08
1.741256845e-08
2.101793748e-08
2.363625358e-08
7.196276035e-09
8.396250617e-09
1.03395377e-08
1.314658801e-08
1.691454873e-08
2.162446335e-08
2.69992643e-08
3.230845808e-08
3.613390805e-08
1.16866789e-08
1.350821734e-08
1.643675959e-08
2.062852559e-08
2.619820454e-08
3.308752506e-08
4.086985668e-08
4.848621839e-08
5.393172663e-08
1.851194852e-08
2.120551091e-08
2.550525596e-08
3.160456861e-08
3.962784765e-08
4.944978521e-08
6.043373749e-08
7.108591505e-08
7.864408418e-08
2.861305336e-08
3.249515351e-08
3.864915174e-08
4.730221643e-08
5.857329104e-08
7.223104205e-08
8.735487671e-08
1.018912353e-07
1.121284627e-07
4.317771649e-08
4.863452998e-08
5.72265778e-08
6.920436401e-08
8.465663719e-08
1.031960184e-07
1.235288127e-07
1.429016657e-07
1.564458319e-07
6.365346551e-08
7.113969375e-08
8.285016573e-08
9.904056779e-08
1.197337597e-07
1.443227277e-07
1.710391062e-07
1.962792637e-07
2.138015066e-07
9.174259869e-08
1.017752659e-07
1.17370712e-07
1.387607228e-07
1.658549195e-07
1.977511249e-07
2.320955029e-07
2.642781892e-07
2.864681193e-07
1.293802107e-07
1.425264977e-07
1.628394341e-07
1.904871018e-07
2.252065109e-07
2.657157539e-07
3.089578843e-07
3.491603577e-07
3.766980118e-07
1.786893408e-07
1.955491272e-07
2.214510123e-07
2.564491135e-07
3.000395966e-07
3.50466362e-07
4.038491673e-07
4.531053956e-07
4.866317475e-07
2.419176212e-07
2.631019532e-07
2.954722142e-07
3.389088078e-07
3.925875268e-07
4.541797999e-07
5.188661232e-07
5.781214466e-07
6.18209766e-07
3.213628552e-07
3.47471483e-07
3.871624218e-07
4.400739908e-07
5.049771834e-07
5.788725141e-07
6.558940993e-07
7.259632611e-07
7.730934082e-07
4.192887475e-07
4.508834677e-07
4.986828951e-07
5.620097045e-07
6.39143376e-07
7.263191947e-07
8.165314505e-07
8.980628096e-07
9.526001161e-07
5.378321199e-07
5.754125354e-07
6.320097008e-07
7.065550273e-07
7.967513616e-07
8.979827808e-07
1.002028092e-06
1.095476039e-06
1.157655868e-06
6.789163814e-07
7.22898354e-07
7.88854303e-07
8.752500729e-07
9.791321641e-07
1.094959581e-06
1.213240946e-06
1.318847661e-06
1.388766157e-06
8.441744931e-07
8.94872572e-07
9.705966355e-07
1.069277289e-06
1.187233871e-06
1.317941661e-06
1.450607435e-06
1.568394257e-06
1.646005267e-06
1.034885881e-06
1.092500562e-06
1.178234024e-06
1.289419599e-06
1.4215905e-06
1.567197103e-06
1.714136705e-06
1.843904695e-06
1.929022409e-06
1.251930208e-06
1.316540413e-06
1.412347747e-06
1.536036391e-06
1.68230857e-06
1.842567452e-06
2.003417183e-06
2.144755873e-06
2.237062444e-06
1.495759318e-06
1.567320064e-06
1.673087542e-06
1.809056969e-06
1.969070325e-06
2.143480641e-06
2.317638242e-06
2.469941255e-06
2.568998442e-06
1.766387202e-06
1.844732088e-06
1.96017311e-06
2.107990023e-06
2.281151654e-06
2.468977054e-06
2.655623333e-06
2.818109341e-06
2.923373192e-06
2.063396695e-06
2.148244578e-06
2.272910752e-06
2.431946925e-06
2.617452228e-06
2.817746017e-06
3.015871762e-06
3.187609247e-06
3.298446809e-06
2.38596075e-06
2.476925835e-06
2.610222658e-06
2.779676194e-06
2.976535104e-06
3.18816993e-06
3.396606348e-06
3.576540682e-06
3.692247832e-06
2.732875652e-06
2.829480175e-06
2.970686102e-06
3.149606353e-06
3.356673015e-06
3.578373345e-06
3.795824397e-06
3.982805922e-06
4.102625495e-06
3.102603334e-06
3.204291988e-06
3.352579705e-06
3.539894431e-06
3.755898728e-06
3.986274529e-06
4.21134974e-06
4.404161707e-06
4.527301243e-06
3.493319957e-06
3.599475294e-06
3.753934108e-06
3.948477567e-06
4.172057118e-06
4.409637399e-06
4.640883928e-06
4.838269359e-06
4.963917937e-06
3.90296812e-06
4.012926234e-06
4.172584634e-06
4.37312548e-06
4.60285694e-06
4.846122025e-06
5.082055044e-06
5.2827418e-06
5.41008554e-06
4.329310347e-06
4.442376263e-06
4.606223834e-06
4.811491926e-06
5.045920642e-06
5.293332317e-06
5.532462963e-06
5.735186495e-06
5.863422441e-06
4.769981859e-06
4.885444144e-06
5.05245223e-06
5.261163615e-06
5.498830935e-06
5.748859821e-06
5.98972023e-06
6.19324365e-06
6.321591865e-06
5.222541006e-06
5.339685257e-06
5.508825875e-06
5.719705442e-06
5.959173168e-06
6.210322908e-06
6.451488001e-06
6.654619301e-06
6.782333094e-06
5.684516124e-06
5.802637067e-06
5.972899753e-06
6.184701207e-06
6.424572897e-06
6.675400914e-06
6.915506801e-06
7.117113152e-06
7.243487419e-06
6.153447908e-06
6.271859956e-06
6.442266354e-06
6.653789325e-06
6.89272828e-06
7.141863034e-06
7.379622029e-06
7.57864121e-06
7.703018966e-06
6.62692673e-06
6.744972918e-06
6.914589026e-06
7.124693247e-06
7.361437204e-06
7.607591995e-06
7.841804354e-06
8.037253436e-06
8.159030637e-06
7.102624595e-06
7.219683897e-06
7.387629973e-06
7.595246598e-06
7.828619197e-06
8.070602683e-06
8.300165241e-06
8.491146737e-06
8.60977552e-06
7.578321677e-06
7.69381473e-06
7.859272961e-06
8.063413133e-06
8.292332377e-06
8.529056019e-06
8.752967998e-06
8.938673692e-06
9.053664214e-06
8.051927537e-06
8.165320885e-06
8.327540944e-06
8.527301831e-06
8.75078576e-06
8.981268484e-06
9.198634749e-06
9.378347487e-06
9.489268519e-06
8.521497307e-06
8.632306264e-06
8.790608949e-06
8.985177464e-06
9.202347348e-06
9.425717741e-06
9.635749821e-06
9.808843513e-06
9.915321976e-06
8.985243189e-06
9.093033481e-06
9.246812635e-06
9.435467123e-06
9.645548457e-06
9.861044818e-06
1.006306001e-05
1.022899813e-05
1.033071774e-05
9.441541741e-06
9.545930054e-06
9.694652981e-06
9.876763136e-06
1.007908477e-05
1.028605334e-05
1.04794722e-05
1.063780508e-05
1.073450426e-05
9.888937403e-06
9.989591011e-06
1.013279762e-05
1.03078229e-05
1.05018146e-05
1.06997063e-05
1.088404886e-05
1.10344099e-05
1.112587915e-05
1.032614279e-05
1.04227784e-05
1.056007927e-05
1.072756611e-05
1.091275483e-05
1.110112078e-05
1.12760017e-05
1.141810292e-05
1.150418172e-05
1.075203622e-05
1.084441819e-05
1.097549181e-05
1.113506979e-05
1.131107498e-05
1.148956113e-05
1.165468409e-05
1.178831104e-05
1.186888448e-05
1.116565701e-05
1.125359507e-05
1.137818437e-05
1.15295617e-05
1.16960898e-05
1.186443083e-05
1.201958241e-05
1.214458874e-05
1.221958393e-05
1.156619893e-05
1.16495455e-05
1.17674539e-05
1.191041231e-05
1.206725079e-05
1.222526358e-05
1.237030671e-05
1.248660852e-05
1.255599093e-05
1.195300222e-05
1.203164952e-05
1.214273664e-05
1.227712593e-05
1.242413688e-05
1.257171372e-05
1.270658106e-05
1.281415114e-05
1.287792088e-05
1.232554465e-05
1.239942158e-05
1.250359874e-05
1.262933107e-05
1.276644474e-05
1.290354641e-05
1.302823361e-05
1.31270957e-05
1.318528389e-05
1.268343184e-05
1.27525008e-05
1.284972639e-05
1.296677054e-05
1.309397877e-05
1.322062765e-05
1.333518671e-05
1.342540994e-05
1.347807513e-05
1.30263871e-05
1.309064079e-05
1.318091567e-05
1.328929133e-05
1.340664106e-05
1.352291441e-05
1.362744725e-05
1.370914068e-05
1.375636544e-05
1.335424118e-05
1.341369943e-05
1.349706242e-05
1.359683454e-05
1.370442156e-05
1.381044495e-05
1.390509723e-05
1.397840468e-05
1.402029239e-05
1.3666922e-05
1.37216287e-05
1.379815212e-05
1.388942556e-05
1.398738842e-05
1.408332955e-05
1.416828476e-05
1.423337993e-05
1.427005167e-05
1.396444456e-05
1.401446468e-05
1.408425018e-05
1.41671645e-05
1.425567881e-05
1.434174159e-05
1.441721553e-05
1.447429742e-05
1.450588919e-05
1.424690117e-05
1.429231796e-05
1.435549251e-05
1.443021712e-05
1.450949012e-05
1.458590919e-05
1.465214482e-05
1.470143349e-05
1.472809351e-05
1.45144521e-05
1.455536446e-05
1.46120766e-05
1.467880618e-05
1.474907173e-05
1.481610733e-05
1.487337e-05
1.491510266e-05
1.493698901e-05
1.476731674e-05
1.480383673e-05
1.485425309e-05
1.491320338e-05
1.497471732e-05
1.503265059e-05
1.508122368e-05
1.511565112e-05
1.513292957e-05
1.500576529e-05
1.503801586e-05
1.508231794e-05
1.513372186e-05
1.518675775e-05
1.523588642e-05
1.527606737e-05
1.530345075e-05
1.531629272e-05
1.523011102e-05
1.525822392e-05
1.529660516e-05
1.534070925e-05
1.538555447e-05
1.542618901e-05
1.545828574e-05
1.547889367e-05
1.548747452e-05
1.544070314e-05
1.546481703e-05
1.549748012e-05
1.553454133e-05
1.557149365e-05
1.560395372e-05
1.562828144e-05
1.56423874e-05
1.564688483e-05
1.563792026e-05
1.565817898e-05
1.568533349e-05
1.571561631e-05
1.574498069e-05
1.576959206e-05
1.57864704e-05
1.579435044e-05
1.57949431e-05
1.582216445e-05
1.58387155e-05
1.586057569e-05
1.588434958e-05
1.590643544e-05
1.592352721e-05
1.59332777e-05
1.593520844e-05
1.593207474e-05
1.599385588e-05
1.600684904e-05
1.602363199e-05
1.604116907e-05
1.605628782e-05
1.606618999e-05
1.606913388e-05
1.606539074e-05
1.605870778e-05
1.615342799e-05
1.616301414e-05
1.617493802e-05
1.618651111e-05
1.619497401e-05
1.619801535e-05
1.619447169e-05
1.618532741e-05
1.617527009e-05
1.630132321e-05
1.630765324e-05
1.63149359e-05
1.632081677e-05
1.632293304e-05
1.63194393e-05
1.630972331e-05
1.629544664e-05
1.628218687e-05
1.643798919e-05
1.64412131e-05
1.644407077e-05
1.644452862e-05
1.644060388e-05
1.64308962e-05
1.641531787e-05
1.639617248e-05
1.637987859e-05
1.656387544e-05
1.656414154e-05
1.656278774e-05
1.655808794e-05
1.654842284e-05
1.653281644e-05
1.65116794e-05
1.648792296e-05
1.646875913e-05
1.667943044e-05
1.667688473e-05
1.667152935e-05
1.666193234e-05
1.664682141e-05
1.662562451e-05
1.659922501e-05
1.657110851e-05
1.654923436e-05
1.678509919e-05
1.677988473e-05
1.677073326e-05
1.675649367e-05
1.67362244e-05
1.670973729e-05
1.667836348e-05
1.664613056e-05
1.662170081e-05
1.688132099e-05
1.687357749e-05
1.686083038e-05
1.68421963e-05
1.681704835e-05
1.678556271e-05
1.674949398e-05
1.671338053e-05
1.668654473e-05
1.696852771e-05
1.695839113e-05
1.694224329e-05
1.691945565e-05
1.688970027e-05
1.685349856e-05
1.68130051e-05
1.67732389e-05
1.674414127e-05
1.704714226e-05
1.70347445e-05
1.701538489e-05
1.698867701e-05
1.695457658e-05
1.691393167e-05
1.68692741e-05
1.682607456e-05
1.679485385e-05
1.711757733e-05
1.710304602e-05
1.708065732e-05
1.70502546e-05
1.701206227e-05
1.696723709e-05
1.691866626e-05
1.68722443e-05
1.683903373e-05
1.718023442e-05
1.716369273e-05
1.713845117e-05
1.710457079e-05
1.706253026e-05
1.701377768e-05
1.69615345e-05
1.691209245e-05
1.687701966e-05
1.723550304e-05
1.72170696e-05
1.718914475e-05
1.715199558e-05
1.710634096e-05
1.705390362e-05
1.699821905e-05
1.694595064e-05
1.690913774e-05
1.728376015e-05
1.726354893e-05
1.723310365e-05
1.719288612e-05
1.714384191e-05
1.708795224e-05
1.702904727e-05
1.697413773e-05
1.693570132e-05
1.732536966e-05
1.730348999e-05
1.727068041e-05
1.722758653e-05
1.717536758e-05
1.711624786e-05
1.705433363e-05
1.699695972e-05
1.6957011e-05
1.736068223e-05
1.733723877e-05
1.730221428e-05
1.725642767e-05
1.720123931e-05
1.713910177e-05
1.707437969e-05
1.701470988e-05
1.697335473e-05
1.739003504e-05
1.736512784e-05
1.732803119e-05
1.727972718e-05
1.722176533e-05
1.71568123e-05
1.708947424e-05
1.702766889e-05
1.698500799e-05
1.74137518e-05
1.738747634e-05
1.73484437e-05
1.729778947e-05
1.723724081e-05
1.716966494e-05
1.709989343e-05
1.703610497e-05
1.699223395e-05
1.743214275e-05
1.740459004e-05
1.736375116e-05
1.73109059e-05
1.724794807e-05
1.717793257e-05
1.710590105e-05
1.70402742e-05
1.699528379e-05
1.744550483e-05
1.741676148e-05
1.73742398e-05
1.73193549e-05
1.725415676e-05
1.718187563e-05
1.710774874e-05
1.704042075e-05
1.699439694e-05
1.745412182e-05
1.742427019e-05
1.738018303e-05
1.732340231e-05
1.725612416e-05
1.71817425e-05
1.710567632e-05
1.703677725e-05
1.698980143e-05
1.745826461e-05
1.74273829e-05
1.738184165e-05
1.732330158e-05
1.725409545e-05
1.717776976e-05
1.709991214e-05
1.702956508e-05
1.698171425e-05
1.745819149e-05
1.742635391e-05
1.737946419e-05
1.731929414e-05
1.724830408e-05
1.717018254e-05
1.709067339e-05
1.701899475e-05
1.697034168e-05
1.74541485e-05
1.742142535e-05
1.737328725e-05
1.731160973e-05
1.723897212e-05
1.715919493e-05
1.707816654e-05
1.700526631e-05
1.69558797e-05
1.744636974e-05
1.74128276e-05
1.736353584e-05
1.73004668e-05
1.72263106e-05
1.714501029e-05
1.706258764e-05
1.698856968e-05
1.693851435e-05
1.743507776e-05
1.740077962e-05
1.73504238e-05
1.728607287e-05
1.721051997e-05
1.712782171e-05
1.704412279e-05
1.696908506e-05
1.691842213e-05
1.742048396e-05
1.738548937e-05
1.733415419e-05
1.726862491e-05
1.719179042e-05
1.710781238e-05
1.702294847e-05
1.694698335e-05
1.689577039e-05
1.740278901e-05
1.736715421e-05
1.731491963e-05
1.724830979e-05
1.717030233e-05
1.708515595e-05
1.699923198e-05
1.692242648e-05
1.687071771e-05
1.73821832e-05
1.734596129e-05
1.729290279e-05
1.722530462e-05
1.714622663e-05
1.706001697e-05
1.697313179e-05
1.689556785e-05
1.684341428e-05
1.735884687e-05
1.732208794e-05
1.72682767e-05
1.719977718e-05
1.711972521e-05
1.703255124e-05
1.694479795e-05
1.686655267e-05
1.681400226e-05
1.733295078e-05
1.729570205e-05
1.724120518e-05
1.717188627e-05
1.709095128e-05
1.700290621e-05
1.691437239e-05
1.683551832e-05
1.678261617e-05
1.730465646e-05
1.726696244e-05
1.721184316e-05
1.714178206e-05
1.70600497e-05
1.697122125e-05
1.688198933e-05
1.680259466e-05
1.674938316e-05
1.727411654e-05
1.723601914e-05
1.7180337e-05
1.71096064e-05
1.702715729e-05
1.6937628e-05
1.684777551e-05
1.676790438e-05
1.671442335e-05
1.724147497e-05
1.720301367e-05
1.714682471e-05
1.707549303e-05
1.699240304e-05
1.690225058e-05
1.681185045e-05
1.673156315e-05
1.667785002e-05
1.720686722e-05
1.716807915e-05
1.711143612e-05
1.703956775e-05
1.695590826e-05
1.68652057e-05
1.677432653e-05
1.669367979e-05
1.663976976e-05
1.717042019e-05
1.71313403e-05
1.707429283e-05
1.700194832e-05
1.69177865e-05
1.682660261e-05
1.673530898e-05
1.66543562e-05
1.660028243e-05
1.71322521e-05
1.709291322e-05
1.703550795e-05
1.696274428e-05
1.687814331e-05
1.678654282e-05
1.669489556e-05
1.661368709e-05
1.655948088e-05
1.709247186e-05
1.705290482e-05
1.699518555e-05
1.692205623e-05
1.683707555e-05
1.67451194e-05
1.665317588e-05
1.657175929e-05
1.651745025e-05
1.705117811e-05
1.701141178e-05
1.695341956e-05
1.687997478e-05
1.67946702e-05
1.670241575e-05
1.661023011e-05
1.652865044e-05
1.647426672e-05
1.700845759e-05
1.696851887e-05
1.691029197e-05
1.683657863e-05
1.67510024e-05
1.665850354e-05
1.656612684e-05
1.648442684e-05
1.642999532e-05
1.696438261e-05
1.692429633e-05
1.686587014e-05
1.679193167e-05
1.670613239e-05
1.661343947e-05
1.652091979e-05
1.643914001e-05
1.638468647e-05
1.691900735e-05
1.687879603e-05
1.682020273e-05
1.674607876e-05
1.666010099e-05
1.656726052e-05
1.647464269e-05
1.639282146e-05
1.633837064e-05
1.68723626e-05
1.683204603e-05
1.677331397e-05
1.669903959e-05
1.661292305e-05
1.651997696e-05
1.642730203e-05
1.634547512e-05
1.629105063e-05
1.682444846e-05
1.678404302e-05
1.67251957e-05
1.665080018e-05
1.65645784e-05
1.64715627e-05
1.637886673e-05
1.629706652e-05
1.624269051e-05
1.677522465e-05
1.673474213e-05
1.667579661e-05
1.660130146e-05
1.651499957e-05
1.642194207e-05
1.632925413e-05
1.624750809e-05
1.619320039e-05
1.672459761e-05
1.668404364e-05
1.662500818e-05
1.655042417e-05
1.646405553e-05
1.637097238e-05
1.62783113e-05
1.619663939e-05
1.61424161e-05
1.667240414e-05
1.663177588e-05
1.657264659e-05
1.649796954e-05
1.641153091e-05
1.631842153e-05
1.622579103e-05
1.614420176e-05
1.609007288e-05
1.661839082e-05
1.657767384e-05
1.651843013e-05
1.644363509e-05
1.635709996e-05
1.626393986e-05
1.617132167e-05
1.608980628e-05
1.603577217e-05
1.656218908e-05
1.65213532e-05
1.646195166e-05
1.638698525e-05
1.630029481e-05
1.620702603e-05
1.611437045e-05
1.603289488e-05
1.597894122e-05
1.650328531e-05
1.646227936e-05
1.640264606e-05
1.632741651e-05
1.624046813e-05
1.614698666e-05
1.605420019e-05
1.597269443e-05
1.59187854e-05
1.644098654e-05
1.639973178e-05
1.63397526e-05
1.626411743e-05
1.617675022e-05
1.608289035e-05
1.598982006e-05
1.590816445e-05
1.58542339e-05
1.637438176e-05
1.633276402e-05
1.627227307e-05
1.619602429e-05
1.610800165e-05
1.601351698e-05
1.591993147e-05
1.583793999e-05
1.578388046e-05
1.630230012e-05
1.626016067e-05
1.619892689e-05
1.612177376e-05
1.603276316e-05
1.593730448e-05
1.584287163e-05
1.576027218e-05
1.570592185e-05
1.622326753e-05
1.618039291e-05
1.611810502e-05
1.603965486e-05
1.59492053e-05
1.585229589e-05
1.575655794e-05
1.567297013e-05
1.561809795e-05
1.613546411e-05
1.60915752e-05
1.602782577e-05
1.594756356e-05
1.585508158e-05
1.575609103e-05
1.565843806e-05
1.557334943e-05
1.55176392e-05
1.603668567e-05
1.599142678e-05
1.592569612e-05
1.584296403e-05
1.574768983e-05
1.564580791e-05
1.554545148e-05
1.545819382e-05
1.540122799e-05
1.592431355e-05
1.587724208e-05
1.580888345e-05
1.572286211e-05
1.562384777e-05
1.551806083e-05
1.541401008e-05
1.532373786e-05
1.526498274e-05
1.579529769e-05
1.57458759e-05
1.567410343e-05
1.558379701e-05
1.547988954e-05
1.536896241e-05
1.526000589e-05
1.516567979e-05
1.5104474e-05
1.5646159e-05
1.559374889e-05
1.551763067e-05
1.542185866e-05
1.531169113e-05
1.519415812e-05
1.507885521e-05
1.497923414e-05
1.491478268e-05
1.54730172e-05
1.54168804e-05
1.533533891e-05
1.523273775e-05
1.511473239e-05
1.498890184e-05
1.486558788e-05
1.475923366e-05
1.46906103e-05
1.527165091e-05
1.521095524e-05
1.512277788e-05
1.501181573e-05
1.488420307e-05
1.474817987e-05
1.461498999e-05
1.450028858e-05
1.442644951e-05
1.503759586e-05
1.497143039e-05
1.487529269e-05
1.475430093e-05
1.461515882e-05
1.446688922e-05
1.432180502e-05
1.419700861e-05
1.411682001e-05
1.476628604e-05
1.469368625e-05
1.458819015e-05
1.445541428e-05
1.430273027e-05
1.414007254e-05
1.398099529e-05
1.384428817e-05
1.375656983e-05
1.445324028e-05
1.437322447e-05
1.425695318e-05
1.411062518e-05
1.394238412e-05
1.376320707e-05
1.358805911e-05
1.343764898e-05
1.334123516e-05
1.40942931e-05
1.400591044e-05
1.387750032e-05
1.371593267e-05
1.353022962e-05
1.333253851e-05
1.313939225e-05
1.297362604e-05
1.286744283e-05
1.368586441e-05
1.358825387e-05
1.344648211e-05
1.326818141e-05
1.306335695e-05
1.284544323e-05
1.263267347e-05
1.245017374e-05
1.233333026e-05
1.322525686e-05
1.311771494e-05
1.296159951e-05
1.276539504e-05
1.25401868e-05
1.230079409e-05
1.20672456e-05
1.186705963e-05
1.173894763e-05
1.271096372e-05
1.259301723e-05
1.242192356e-05
1.220710277e-05
1.19608032e-05
1.169929801e-05
1.144445576e-05
1.122620599e-05
1.108659992e-05
1.214296436e-05
1.201444304e-05
1.182818905e-05
1.159462927e-05
1.132723629e-05
1.104376802e-05
1.076791412e-05
1.053193468e-05
1.038108198e-05
1.152297963e-05
1.138408178e-05
1.118303142e-05
1.093131436e-05
1.064365886e-05
1.033929108e-05
1.004362959e-05
9.791072242e-06
9.629762192e-06
1.085465679e-05
1.070600041e-05
1.049113438e-05
1.022262909e-05
9.916462183e-06
9.593256457e-06
9.279987084e-06
9.0128792e-06
8.842478695e-06
1.014365437e-05
9.986306224e-06
9.759258905e-06
9.476159264e-06
9.154183283e-06
8.815218478e-06
8.487542442e-06
8.208782502e-06
8.031229016e-06
9.397602167e-06
9.23307819e-06
8.996131344e-06
8.701436861e-06
8.367267926e-06
8.016582704e-06
7.678629386e-06
7.391910547e-06
7.209656178e-06
8.625920458e-06
8.456153068e-06
8.212180641e-06
7.909614089e-06
7.567670121e-06
7.210123724e-06
6.866794774e-06
6.576454768e-06
6.39236072e-06
7.839495843e-06
7.666766935e-06
7.419129861e-06
7.112991966e-06
6.768308246e-06
6.409363988e-06
6.066101442e-06
5.776906158e-06
5.594093364e-06
7.050226554e-06
6.877068834e-06
6.629464687e-06
6.324433517e-06
5.982416831e-06
5.627862654e-06
5.290357711e-06
5.007235045e-06
4.828902892e-06
6.270466357e-06
6.099539609e-06
5.855817684e-06
5.556707689e-06
5.222848419e-06
4.878477704e-06
4.552345494e-06
4.280093603e-06
4.109323866e-06
5.512410076e-06
5.346362388e-06
5.110319594e-06
4.821820966e-06
4.501388698e-06
4.172670641e-06
3.863121898e-06
3.606120527e-06
3.445686428e-06
4.787473002e-06
4.628799187e-06
4.403975024e-06
4.130397197e-06
3.828148257e-06
3.519919368e-06
3.231461234e-06
2.993415279e-06
2.845615532e-06
4.105719017e-06
3.956629036e-06
3.746118361e-06
3.491161326e-06
3.211085659e-06
2.927291747e-06
2.663486751e-06
2.44722737e-06
2.313761888e-06
3.475387585e-06
3.337696555e-06
3.143996686e-06
2.910570392e-06
2.655700324e-06
2.399212128e-06
2.162516998e-06
1.969877976e-06
1.851775394e-06
2.902558647e-06
2.777607338e-06
2.60251167e-06
2.39261764e-06
2.164913157e-06
1.937429382e-06
1.729125253e-06
1.560902931e-06
1.458497711e-06
2.390979024e-06
2.279590098e-06
2.12413479e-06
1.938816403e-06
1.739131806e-06
1.541172598e-06
1.361386118e-06
1.21739624e-06
1.130431808e-06
1.94205635e-06
1.844528025e-06
1.708992843e-06
1.548353834e-06
1.376480563e-06
1.207469136e-06
1.055328305e-06
9.34575411e-07
8.622876446e-07
1.555008256e-06
1.471144749e-06
1.355104208e-06
1.21839599e-06
1.073213828e-06
9.316576599e-07
8.053962051e-07
7.060459247e-07
6.471539017e-07
1.227136477e-06
1.1563186e-06
1.058780147e-06
9.445816541e-07
8.242361273e-07
7.078688457e-07
6.051888784e-07
5.25282913e-07
4.783380876e-07
9.542954914e-07
8.955733898e-07
8.150775644e-07
7.213790252e-07
6.235610035e-07
5.299412316e-07
4.481188443e-07
3.851064741e-07
3.484521032e-07
7.312516004e-07
6.833778636e-07
6.182281981e-07
5.429852434e-07
4.650235215e-07
3.911186559e-07
3.27187216e-07
2.784791287e-07
2.504400903e-07
5.52162804e-07
5.140288587e-07
4.62311087e-07
4.029872505e-07
3.420222901e-07
2.847868458e-07
2.35798555e-07
1.988868319e-07
1.778680658e-07
4.111341839e-07
3.812849165e-07
3.409878063e-07
2.950780208e-07
2.482954058e-07
2.048055497e-07
1.679843597e-07
1.405541055e-07
1.251087787e-07
3.020068847e-07
2.790628867e-07
2.482399075e-07
2.133651854e-07
1.781309132e-07
1.457019733e-07
1.185469646e-07
9.855126371e-08
8.742153751e-08
2.19030261e-07
2.017135296e-07
1.785666956e-07
1.525584265e-07
1.26507884e-07
1.027715327e-07
8.311621059e-08
6.881332876e-08
6.094645538e-08
1.570210557e-07
1.441870846e-07
1.271184749e-07
1.08072704e-07
8.916029056e-08
7.210142628e-08
5.813430229e-08
4.809296585e-08
4.263777014e-08
1.114625468e-07
1.021207764e-07
8.975891748e-08
7.606048891e-08
6.25752789e-08
5.053507459e-08
4.078984216e-08
3.387092543e-08
3.016069921e-08
7.85413186e-08
7.186167045e-08
6.306671326e-08
5.338821883e-08
4.394305887e-08
3.559702269e-08
2.892184428e-08
2.424515378e-08
2.177276507e-08
5.513155646e-08
5.04391678e-08
4.4291732e-08
3.757395804e-08
3.107629445e-08
2.539649282e-08
2.091143812e-08
1.78152816e-08
1.62053253e-08
3.874115494e-08
3.550271802e-08
3.128177181e-08
2.670253233e-08
2.23148441e-08
1.852439937e-08
1.557452668e-08
1.357403484e-08
1.255554479e-08
2.743442324e-08
2.523961361e-08
2.239441768e-08
1.933186831e-08
1.642826475e-08
1.395447349e-08
1.206402874e-08
1.081227987e-08
1.019420849e-08
1.974439546e-08
1.828538488e-08
1.640562791e-08
1.440082387e-08
1.252464337e-08
1.095507939e-08
9.786270109e-09
9.040515135e-09
8.691071068e-09
1.45848459e-08
1.3636157e-08
1.242327501e-08
1.114524773e-08
9.970754136e-09
9.014889339e-09
8.332970191e-09
7.926867052e-09
7.756974274e-09
1.116889954e-08
1.056908238e-08
9.810632125e-09
9.025883478e-09
8.325655151e-09
7.78305733e-09
7.428174801e-09
7.249975641e-09
7.200588143e-09
8.938182271e-09
8.574104871e-09
8.122108617e-09
7.669311724e-09
7.287776605e-09
7.022896921e-09
6.888295065e-09
6.864350566e-09
6.897049621e-09
7.504085584e-09
7.298096593e-09
7.05156225e-09
6.821467048e-09
6.65427569e-09
6.57719819e-09
6.592926399e-09
6.675581503e-09
6.765811896e-09
6.601034714e-09
6.500890525e-09
6.392242595e-09
6.312296961e-09
6.290798529e-09
6.343016994e-09
6.46409859e-09
6.623122798e-09
6.755533597e-09
6.050607195e-09
6.021842641e-09
6.006742181e-09
6.029698031e-09
6.109609556e-09
6.253787528e-09
6.451914432e-09
6.668579292e-09
6.83380671e-09
5.734834302e-09
5.755161642e-09
5.805097785e-09
5.900804578e-09
6.054128816e-09
6.266987555e-09
6.524794047e-09
6.787814692e-09
6.980318222e-09
5.576883711e-09
5.632188534e-09
5.729199822e-09
5.878836117e-09
6.08833857e-09
6.355777719e-09
6.662949542e-09
6.965765319e-09
7.182375112e-09
5.527372524e-09
5.608927503e-09
5.742011795e-09
5.934194523e-09
6.189627533e-09
6.503456381e-09
6.854178245e-09
7.19321117e-09
7.432269203e-09
5.555014417e-09
5.657616027e-09
5.820290819e-09
6.048441406e-09
6.3440556e-09
6.699882886e-09
7.091250949e-09
7.464943849e-09
7.725916455e-09
5.640303076e-09
5.761014942e-09
5.949703296e-09
6.210331133e-09
6.543277057e-09
6.939188558e-09
7.370280859e-09
7.778510452e-09
8.061555901e-09
5.771296015e-09
5.908634919e-09
6.121627728e-09
6.413240675e-09
6.782575911e-09
7.218369795e-09
7.689672993e-09
8.133222332e-09
8.438951855e-09
5.940864998e-09
6.094288393e-09
6.331101248e-09
6.653545334e-09
7.0596925e-09
7.536396739e-09
8.049304361e-09
8.529558134e-09
8.858880995e-09
6.144944567e-09
6.314543549e-09
6.575552724e-09
6.929702135e-09
7.374068804e-09
7.893516403e-09
8.450034701e-09
8.968780642e-09
9.322801921e-09
6.381504109e-09
6.567905571e-09
6.854189555e-09
7.241621962e-09
7.726263931e-09
8.290839028e-09
8.893392381e-09
9.452687962e-09
9.832638767e-09
6.65015405e-09
6.854329436e-09
7.16740534e-09
7.590173496e-09
8.117597867e-09
8.730068328e-09
9.381367293e-09
9.983446631e-09
1.039063409e-08
6.951537235e-09
7.174694999e-09
7.516388741e-09
7.976882644e-09
8.549918215e-09
9.213321499e-09
9.916269027e-09
1.056347393e-08
1.099924297e-08
7.286992567e-09
7.530513823e-09
7.902878308e-09
8.403735446e-09
9.025443802e-09
9.743004404e-09
1.050062425e-08
1.119534911e-08
1.166105101e-08
7.658344867e-09
7.923742458e-09
8.329003121e-09
8.873045876e-09
9.546655495e-09
1.032171984e-08
1.113709696e-08
1.188174111e-08
1.237870557e-08
8.067770785e-09
8.356660765e-09
8.797175738e-09
9.387362989e-09
1.011621505e-08
1.095219491e-08
1.182842152e-08
1.262534488e-08
1.315485391e-08
8.517709777e-09
8.83178883e-09
9.31001593e-09
9.94940088e-09
1.073689978e-08
1.163721874e-08
1.257734209e-08
1.342882206e-08
1.399208447e-08
9.010800822e-09
9.351825741e-09
9.870291543e-09
1.056198099e-08
1.14115454e-08
1.237958519e-08
1.338655521e-08
1.429474345e-08
1.489286952e-08
9.549832796e-09
9.91959977e-09
1.0480868e-08
1.12279803e-08
1.214299256e-08
1.31820378e-08
1.425865351e-08
1.522553248e-08
1.585950887e-08
1.01377011e-08
1.053802355e-08
1.114466133e-08
1.195028184e-08
1.293403477e-08
1.404721577e-08
1.519607103e-08
1.622341062e-08
1.689407571e-08
1.077736604e-08
1.121005046e-08
1.186459189e-08
1.273172553e-08
1.378736698e-08
1.497760143e-08
1.620103089e-08
1.729034665e-08
1.799836746e-08
1.147181044e-08
1.193863016e-08
1.264353735e-08
1.357505877e-08
1.470553473e-08
1.597546966e-08
1.727549713e-08
1.842801229e-08
1.917386539e-08
1.222399522e-08
1.272666237e-08
1.348428429e-08
1.448288648e-08
1.569088381e-08
1.704283889e-08
1.842112846e-08
1.963773925e-08
2.042169278e-08
1.303681252e-08
1.357694857e-08
1.438947865e-08
1.545762087e-08
1.674551081e-08
1.818142408e-08
1.963923519e-08
2.092048067e-08
2.174257984e-08
1.391303662e-08
1.44921422e-08
1.536157543e-08
1.650143163e-08
1.787121526e-08
1.93925924e-08
2.093073933e-08
2.227677374e-08
2.313682788e-08
1.485527353e-08
1.547469819e-08
1.640278865e-08
1.761619747e-08
1.906945404e-08
2.067732168e-08
2.229613599e-08
2.370670491e-08
2.460427731e-08
1.586591055e-08
1.652682343e-08
1.751504357e-08
1.880346084e-08
2.034129948e-08
2.203616247e-08
2.373546008e-08
2.520987944e-08
2.614428058e-08
1.694706763e-08
1.7650431e-08
1.869993465e-08
2.00643895e-08
2.168740186e-08
2.346919635e-08
2.524824818e-08
2.67853994e-08
2.775568665e-08
1.810054232e-08
1.884708017e-08
1.995865882e-08
2.13997073e-08
2.31079327e-08
2.49760152e-08
2.683354477e-08
2.843186337e-08
2.943683485e-08
1.932774954e-08
2.011792419e-08
2.129198143e-08
2.280968239e-08
2.460258442e-08
2.655570635e-08
2.848987136e-08
3.014734482e-08
3.118554277e-08
2.062969328e-08
2.146368509e-08
2.270021017e-08
2.429409775e-08
2.617054196e-08
2.820683808e-08
3.021522975e-08
3.192940273e-08
3.299911819e-08
2.200692949e-08
2.288462036e-08
2.418316794e-08
2.58522337e-08
2.781047804e-08
2.992746923e-08
3.200712731e-08
3.377512352e-08
3.48744118e-08
2.345953512e-08
2.438049676e-08
2.574017503e-08
2.748286195e-08
2.952056247e-08
3.171517713e-08
3.386262785e-08
3.568120096e-08
3.68079438e-08
2.49870844e-08
2.595057276e-08
2.73700408e-08
2.918424907e-08
3.1298479e-08
3.356708745e-08
3.577839066e-08
3.764397372e-08
3.879589179e-08
2.658863397e-08
2.759358995e-08
2.90710642e-08
3.095416797e-08
3.314144753e-08
3.547990393e-08
3.77507007e-08
3.965945909e-08
4.083413409e-08
2.826271705e-08
2.930777373e-08
3.084104348e-08
3.278991859e-08
3.504625729e-08
3.74499558e-08
3.977553838e-08
4.172339568e-08
4.291829274e-08
3.000734674e-08
3.10908424e-08
3.267729344e-08
3.468835413e-08
3.700930131e-08
3.947323664e-08
4.184859527e-08
4.383127792e-08
4.50437721e-08
3.182002801e-08
3.29400247e-08
3.457666987e-08
3.664591246e-08
3.902661253e-08
4.154545039e-08
4.396532155e-08
4.597840196e-08
4.720580507e-08
3.369777933e-08
3.48520875e-08
3.653560617e-08
3.865866482e-08
4.109393504e-08
4.366205627e-08
4.612097526e-08
4.815991601e-08
4.939950209e-08
3.563716443e-08
3.682337392e-08
3.855015998e-08
4.072237654e-08
4.320675379e-08
4.581831341e-08
4.831067058e-08
5.037086937e-08
5.161990043e-08
3.763433764e-08
3.884985595e-08
4.06160799e-08
4.283254877e-08
4.536034312e-08
4.80093299e-08
5.052942685e-08
5.260626065e-08
5.386201166e-08
3.968512869e-08
4.092721894e-08
4.272885394e-08
4.498446478e-08
4.754981575e-08
5.023011188e-08
5.27722163e-08
5.486108352e-08
5.612086576e-08
4.178509651e-08
4.305089121e-08
4.488374873e-08
4.717323598e-08
4.977017022e-08
5.247561012e-08
5.503400816e-08
5.713036779e-08
5.839155006e-08
4.392955448e-08
4.521608186e-08
4.707585204e-08
4.939384647e-08
5.201633495e-08
5.474076149e-08
5.730980613e-08
5.940921283e-08
6.066923981e-08
4.611360738e-08
4.741782049e-08
4.930011397e-08
5.164119358e-08
5.428320601e-08
5.702052187e-08
5.959467536e-08
6.169280868e-08
6.294921548e-08
4.833218907e-08
4.965099462e-08
5.155138288e-08
5.391012008e-08
5.656567323e-08
5.93098844e-08
6.188375169e-08
6.397643703e-08
6.522685813e-08
5.058009358e-08
5.191037804e-08
5.382442863e-08
5.619542982e-08
5.885862556e-08
6.16038721e-08
6.417222063e-08
6.625543737e-08
6.749760706e-08
5.285198921e-08
5.419063881e-08
5.611394116e-08
5.849187291e-08
6.115691897e-08
6.389748533e-08
6.645524259e-08
6.852511162e-08
6.975685057e-08
5.514239523e-08
5.64863054e-08
5.841448004e-08
6.079407266e-08
6.34552747e-08
6.618556619e-08
6.872778068e-08
7.07805177e-08
7.199969611e-08
5.74455849e-08
5.879165173e-08
6.072033185e-08
6.30963449e-08
6.574805026e-08
6.846251217e-08
7.098425215e-08
7.301606199e-08
7.422052248e-08
5.975533376e-08
6.110041506e-08
6.30251811e-08
6.539230501e-08
6.802876551e-08
7.072170648e-08
7.321785449e-08
7.522472707e-08
7.641213951e-08
6.206435123e-08
6.34051792e-08
6.532141792e-08
6.767407106e-08
7.028917222e-08
7.295442856e-08
7.541930271e-08
7.739664495e-08
7.85642481e-08
6.436300039e-08
6.56960165e-08
6.759866055e-08
6.993062399e-08
7.251740924e-08
7.514776775e-08
7.757448218e-08
7.951650369e-08
8.066067577e-08
6.663642813e-08
6.795751997e-08
6.984063326e-08
7.214447059e-08
7.469438856e-08
7.728068036e-08
7.966015182e-08
8.155892308e-08
8.267452601e-08
6.885777527e-08
7.016192165e-08
7.201815544e-08
7.428446662e-08
7.678640986e-08
7.931636202e-08
8.163606454e-08
8.348035957e-08
8.455994279e-08
7.097171124e-08
7.225279527e-08
7.407302171e-08
7.628993216e-08
7.872968535e-08
8.11873862e-08
8.343084992e-08
8.520563904e-08
8.623899586e-08
7.285166813e-08
7.410333287e-08
7.587817354e-08
7.803360379e-08
8.039678665e-08
8.276615065e-08
8.491659171e-08
8.660625363e-08
8.758240932e-08
7.418848982e-08
7.541025822e-08
7.713945119e-08
7.923373324e-08
8.152150964e-08
8.380444493e-08
8.586393785e-08
8.74697037e-08
8.838838827e-08
1.51600954e-31
5.685490487e-31
1.27148702e-30
2.417968176e-30
4.287552271e-30
7.367325741e-30
1.251024796e-29
2.12035956e-29
3.604459336e-29
6.156948981e-29
1.057070312e-28
1.823225693e-28
3.156740282e-28
5.482182483e-28
9.542878396e-28
1.664059112e-27
2.905556887e-27
5.078279617e-27
8.882253551e-27
1.554425534e-26
2.721436115e-26
4.766100183e-26
8.348895959e-26
1.462735391e-25
2.562983604e-25
4.49098367e-25
7.869071276e-25
1.378670884e-24
2.415017574e-24
4.229319533e-24
7.404280949e-24
1.295799072e-23
2.266887726e-23
3.964407684e-23
6.931607871e-23
1.211972497e-22
2.119858136e-22
3.711050129e-22
6.50673274e-22
1.143648018e-21
2.017256597e-21
3.575426502e-21
6.376999665e-21
1.146269607e-20
2.079674727e-20
3.813725327e-20
7.077218894e-20
1.330216707e-19
2.53380906e-19
4.892422677e-19
9.575472867e-19
1.89922117e-18
3.815777579e-18
7.76125051e-18
1.597060391e-17
3.32193301e-17
6.977602861e-17
1.478274303e-16
3.154654143e-16
6.771042603e-16
1.459481036e-15
3.15442918e-15
6.826654681e-15
1.477481181e-14
3.194622554e-14
6.895222444e-14
1.484619219e-13
3.186603469e-13
6.812749756e-13
1.449077653e-12
3.061578233e-12
6.412249288e-12
1.328232824e-11
2.714290498e-11
5.458671199e-11
1.077889375e-10
2.085692759e-10
3.948164459e-10
7.301996547e-10
1.318160442e-09
2.321063308e-09
3.984992926e-09
6.669959614e-09
1.088422613e-08
1.732021635e-08
2.688824005e-08
4.074337468e-08
6.030061454e-08
8.723229322e-08
1.234488045e-07
1.710563354e-07
2.322956557e-07
3.094679628e-07
4.048529104e-07
5.206148363e-07
6.58715057e-07
8.208330383e-07
1.008301083e-06
1.222055664e-06
1.462606902e-06
1.730026243e-06
2.023951119e-06
2.343604559e-06
2.687827122e-06
3.055118331e-06
3.443684742e-06
3.851491964e-06
4.276318257e-06
4.71580763e-06
5.167520785e-06
5.628982611e-06
6.097725268e-06
6.571326271e-06
7.04744121e-06
7.523831036e-06
7.998383988e-06
8.469132428e-06
8.934264942e-06
9.39213413e-06
9.841260593e-06
1.028033359e-05
1.07082089e-05
1.112390433e-05
1.152659334e-05
1.191559728e-05
1.229037643e-05
1.265052043e-05
1.299573811e-05
1.332584724e-05
1.364076422e-05
1.394049391e-05
1.422511982e-05
1.449479471e-05
1.47497316e-05
1.49901954e-05
1.52164951e-05
1.542897652e-05
1.562801573e-05
1.581401297e-05
1.598738723e-05
1.614857137e-05
1.629800774e-05
1.643614432e-05
1.656343137e-05
1.668031843e-05
1.67872518e-05
1.688467236e-05
1.69730137e-05
1.705270062e-05
1.712414779e-05
1.71877588e-05
1.72439253e-05
1.72930264e-05
1.733542823e-05
1.73714836e-05
1.74015319e-05
1.742589896e-05
1.744489715e-05
1.745882545e-05
1.746796967e-05
1.747260265e-05
1.74729846e-05
1.746936336e-05
1.746197479e-05
1.745104316e-05
1.74367815e-05
1.741939202e-05
1.739906651e-05
1.737598672e-05
1.735032478e-05
1.732224351e-05
1.729189676e-05
1.725942964e-05
1.722497872e-05
1.718867195e-05
1.715062855e-05
1.711095837e-05
1.7069761e-05
1.702712412e-05
1.698312102e-05
1.693780699e-05
1.68912141e-05
1.684334412e-05
1.679415891e-05
1.674356784e-05
1.669141167e-05
1.663744248e-05
1.658129902e-05
1.652247754e-05
1.646029793e-05
1.63938657e-05
1.632203076e-05
1.624334454e-05
1.615601772e-05
1.605788183e-05
1.594635867e-05
1.581844262e-05
1.567070144e-05
1.54993019e-05
1.53000668e-05
1.506856921e-05
1.480026903e-05
1.449069432e-05
1.413566675e-05
1.373156615e-05
1.327562368e-05
1.27662272e-05
1.220321665e-05
1.158814235e-05
1.092445641e-05
1.021760765e-05
9.475014646e-06
8.705900318e-06
7.920983783e-06
7.132040651e-06
6.351358991e-06
5.591132398e-06
4.862841305e-06
4.17667705e-06
3.541059306e-06
2.962287144e-06
2.444348927e-06
1.9888987e-06
1.595388053e-06
1.261324019e-06
9.827183946e-07
7.544659762e-07
5.707267628e-07
4.257080592e-07
3.132412065e-07
2.275334789e-07
1.633410792e-07
1.160759521e-07
8.184937697e-08
5.746199883e-08
4.03541027e-08
2.853084843e-08
2.047566888e-08
1.506226317e-08
1.147243894e-08
9.124077762e-09
7.611060171e-09
6.655222174e-09
6.069300539e-09
5.729251246e-09
5.554150012e-09
5.491914765e-09
5.509488331e-09
5.586223936e-09
5.70944878e-09
5.871564136e-09
6.068189658e-09
6.297046079e-09
6.557557754e-09
6.850251126e-09
7.176380267e-09
7.537705027e-09
7.936350683e-09
8.374715858e-09
8.855408084e-09
9.381194187e-09
9.954957571e-09
1.057965757e-08
1.12582881e-08
1.199383419e-08
1.278922583e-08
1.364728944e-08
1.457069753e-08
1.556191789e-08
1.662316343e-08
1.775633847e-08
1.896297948e-08
2.024422136e-08
2.160075921e-08
2.30328155e-08
2.454011363e-08
2.612186003e-08
2.777673537e-08
2.950289498e-08
3.129797812e-08
3.315912682e-08
3.508301451e-08
3.706588879e-08
3.910365e-08
4.119192302e-08
4.33260756e-08
4.550125344e-08
4.771241756e-08
4.995437662e-08
5.22218036e-08
5.45092174e-08
5.681089389e-08
5.912062805e-08
6.143118736e-08
6.373306671e-08
6.601166184e-08
6.824052074e-08
7.03647787e-08
7.225799625e-08
7.360839205e-08
)
;

boundaryField
{
    outlet
    {
        type            inletOutlet;
        inletValue      uniform 0;
        value           nonuniform List<scalar> 10(7.418848982e-08 7.541025822e-08 7.713945119e-08 7.923373324e-08 8.152150964e-08 8.380444493e-08 8.586393785e-08 8.74697037e-08 8.838838827e-08 7.360839205e-08);
    }
    inlet
    {
        type            fixedValue;
        value           uniform 0;
    }
    front
    {
        type            wedge;
    }
    wall
    {
        type            zeroGradient;
    }
    back
    {
        type            wedge;
    }
}


// ************************************************************************* //
