/*--------------------------------*- C++ -*----------------------------------*\
| =========                 |                                                 |
| \\      /  F ield         | OpenFOAM: The Open Source CFD Toolbox           |
|  \\    /   O peration     | Version:  2212                                  |
|   \\  /    A nd           | Website:  www.openfoam.com                      |
|    \\/     M anipulation  |                                                 |
\*---------------------------------------------------------------------------*/
FoamFile
{
    version     2.0;
    format      ascii;
    arch        "LSB;label=32;scalar=64";
    class       volScalarField;
    location    "20.00000000";
    object      CH3COCH3_0;
}
// * * * * * * * * * * * * * * * * * * * * * * * * * * * * * * * * * * * * * //

dimensions      [0 0 0 0 0 0 0];

internalField   nonuniform List<scalar> 
3000
(
0.01368422948
0.01368422948
0.01368422948
0.01368422948
0.01368422948
0.01368422948
0.01368422948
0.01368422948
0.01368422948
0.01368422948
0.01368422948
0.01368422948
0.01368422948
0.01368422948
0.01368422948
0.01368422948
0.01368422948
0.01368422948
0.01368422948
0.01368422948
0.01368422948
0.01368422948
0.01368422948
0.01368422948
0.01368422948
0.01368422948
0.01368422948
0.01368422948
0.01368422948
0.01368422948
0.01368422948
0.01368422948
0.01368422948
0.01368422948
0.01368422948
0.01368422948
0.01368422948
0.01368422948
0.01368422948
0.01368422948
0.01368422948
0.01368422948
0.01368422948
0.01368422948
0.01368422948
0.01368422948
0.01368422948
0.01368422948
0.01368422948
0.01368422948
0.01368422948
0.01368422948
0.01368422948
0.01368422948
0.01368422948
0.01368422948
0.01368422948
0.01368422948
0.01368422948
0.01368422948
0.01368422948
0.01368422948
0.01368422948
0.01368422948
0.01368422948
0.01368422948
0.01368422948
0.01368422948
0.01368422948
0.01368422948
0.01368422948
0.01368422948
0.01368422948
0.01368422948
0.01368422948
0.01368422948
0.01368422948
0.01368422948
0.01368422948
0.01368422948
0.01368422948
0.01368422948
0.01368422948
0.01368422948
0.01368422948
0.01368422948
0.01368422948
0.01368422948
0.01368422948
0.01368422948
0.01368422948
0.01368422948
0.01368422948
0.01368422948
0.01368422948
0.01368422948
0.01368422948
0.01368422948
0.01368422948
0.01368422948
0.01368422948
0.01368422948
0.01368422948
0.01368422948
0.01368422948
0.01368422948
0.01368422948
0.01368422948
0.01368422948
0.01368422948
0.01368422948
0.01368422948
0.01368422948
0.01368422948
0.01368422948
0.01368422948
0.01368422948
0.01368422948
0.01368422948
0.01368422948
0.01368422948
0.01368422948
0.01368422948
0.01368422948
0.01368422948
0.01368422948
0.01368422948
0.01368422948
0.01368422948
0.01368422948
0.01368422948
0.01368422948
0.01368422948
0.01368422948
0.01368422948
0.01368422948
0.01368422948
0.01368422948
0.01368422948
0.01368422948
0.01368422948
0.01368422948
0.01368422948
0.01368422948
0.01368422948
0.01368422948
0.01368422948
0.01368422948
0.01368422948
0.01368422948
0.01368422948
0.01368422948
0.01368422948
0.01368422948
0.01368422948
0.01368422948
0.01368422948
0.01368422948
0.01368422948
0.01368422948
0.01368422948
0.01368422948
0.01368422948
0.01368422948
0.01368422948
0.01368422948
0.01368422948
0.01368422948
0.01368422948
0.01368422948
0.01368422948
0.01368422948
0.01368422948
0.01368422948
0.01368422948
0.01368422948
0.01368422948
0.01368422948
0.01368422948
0.01368422948
0.01368422948
0.01368422948
0.01368422948
0.01368422948
0.01368422948
0.01368422948
0.01368422948
0.01368422948
0.01368422948
0.01368422948
0.01368422948
0.01368422948
0.01368422948
0.01368422948
0.01368422948
0.01368422948
0.01368422948
0.01368422948
0.01368422948
0.01368422948
0.01368422948
0.01368422948
0.01368422948
0.01368422948
0.01368422948
0.01368422948
0.01368422948
0.01368422948
0.01368422948
0.01368422948
0.01368422948
0.01368422948
0.01368422948
0.01368422948
0.01368422948
0.01368422948
0.01368422948
0.01368422948
0.01368422948
0.01368422948
0.01368422948
0.01368422948
0.01368422948
0.01368422948
0.01368422948
0.01368422948
0.01368422948
0.01368422948
0.01368422948
0.01368422948
0.01368422948
0.01368422948
0.01368422948
0.01368422948
0.01368422948
0.01368422948
0.01368422948
0.01368422948
0.01368422948
0.01368422948
0.01368422948
0.01368422948
0.01368422948
0.01368422948
0.01368422948
0.01368422948
0.01368422948
0.01368422948
0.01368422948
0.01368422948
0.01368422948
0.01368422948
0.01368422948
0.01368422948
0.01368422948
0.01368422948
0.01368422948
0.01368422948
0.01368422948
0.01368422948
0.01368422948
0.01368422948
0.01368422948
0.01368422948
0.01368422948
0.01368422948
0.01368422948
0.01368422948
0.01368422948
0.01368422948
0.01368422948
0.01368422948
0.01368422948
0.01368422948
0.01368422948
0.01368422948
0.01368422948
0.01368422948
0.01368422948
0.01368422948
0.01368422948
0.01368422948
0.01368422948
0.01368422948
0.01368422948
0.01368422948
0.01368422948
0.01368422948
0.01368422948
0.01368422948
0.01368422948
0.01368422948
0.01368422948
0.01368422948
0.01368422947
0.01368422947
0.01368422947
0.01368422948
0.01368422948
0.01368422948
0.01368422948
0.01368422947
0.01368422947
0.01368422947
0.01368422947
0.01368422947
0.01368422948
0.01368422948
0.01368422947
0.01368422947
0.01368422947
0.01368422947
0.01368422947
0.01368422947
0.01368422947
0.01368422947
0.01368422947
0.01368422947
0.01368422947
0.01368422947
0.01368422947
0.01368422947
0.01368422947
0.01368422947
0.01368422947
0.01368422947
0.01368422947
0.01368422947
0.01368422947
0.01368422947
0.01368422946
0.01368422946
0.01368422946
0.01368422947
0.01368422947
0.01368422947
0.01368422947
0.01368422946
0.01368422946
0.01368422946
0.01368422945
0.01368422945
0.01368422947
0.01368422947
0.01368422947
0.01368422946
0.01368422946
0.01368422945
0.01368422944
0.01368422944
0.01368422943
0.01368422946
0.01368422946
0.01368422946
0.01368422945
0.01368422944
0.01368422943
0.01368422942
0.01368422941
0.01368422941
0.01368422946
0.01368422945
0.01368422945
0.01368422944
0.01368422942
0.01368422941
0.01368422939
0.01368422937
0.01368422936
0.01368422944
0.01368422944
0.01368422943
0.01368422941
0.01368422939
0.01368422936
0.01368422933
0.01368422931
0.0136842293
0.01368422942
0.01368422941
0.01368422939
0.01368422937
0.01368422933
0.01368422929
0.01368422925
0.01368422921
0.01368422919
0.01368422939
0.01368422937
0.01368422934
0.0136842293
0.01368422924
0.01368422918
0.01368422911
0.01368422906
0.01368422902
0.01368422933
0.0136842293
0.01368422925
0.01368422919
0.0136842291
0.01368422901
0.0136842289
0.01368422882
0.01368422876
0.01368422924
0.0136842292
0.01368422912
0.01368422902
0.01368422888
0.01368422873
0.01368422858
0.01368422845
0.01368422836
0.0136842291
0.01368422902
0.01368422891
0.01368422874
0.01368422854
0.01368422832
0.01368422808
0.01368422788
0.01368422776
0.01368422887
0.01368422875
0.01368422857
0.01368422833
0.01368422802
0.01368422768
0.01368422733
0.01368422703
0.01368422684
0.01368422851
0.01368422833
0.01368422805
0.01368422768
0.01368422722
0.0136842267
0.01368422618
0.01368422574
0.01368422547
0.01368422795
0.01368422767
0.01368422725
0.01368422669
0.013684226
0.01368422524
0.01368422447
0.01368422382
0.01368422342
0.01368422707
0.01368422666
0.01368422603
0.01368422519
0.01368422417
0.01368422304
0.01368422192
0.01368422097
0.01368422038
0.01368422571
0.0136842251
0.01368422416
0.01368422292
0.01368422142
0.01368421977
0.01368421814
0.01368421676
0.01368421591
0.01368422365
0.01368422274
0.01368422136
0.01368421954
0.01368421735
0.01368421495
0.01368421258
0.01368421059
0.01368420937
0.01368422051
0.01368421917
0.01368421716
0.0136842145
0.01368421133
0.01368420786
0.01368420446
0.01368420159
0.01368419985
0.01368421579
0.01368421384
0.01368421091
0.01368420708
0.01368420251
0.01368419753
0.01368419264
0.01368418855
0.01368418606
0.01368420874
0.01368420593
0.0136842017
0.01368419619
0.01368418965
0.01368418253
0.01368417557
0.01368416975
0.01368416622
0.0136841983
0.01368419426
0.01368418822
0.01368418034
0.01368417102
0.01368416092
0.01368415105
0.0136841428
0.01368413781
0.01368418296
0.0136841772
0.01368416859
0.01368415742
0.01368414422
0.01368412996
0.01368411605
0.01368410443
0.01368409741
0.01368416057
0.01368415242
0.01368414025
0.01368412449
0.01368410592
0.01368408588
0.01368406639
0.01368405014
0.01368404032
0.01368412816
0.01368411667
0.01368409958
0.01368407748
0.01368405151
0.01368402355
0.01368399641
0.0136839738
0.01368396018
0.01368408155
0.01368406549
0.01368404162
0.01368401085
0.01368397476
0.01368393599
0.01368389843
0.01368386721
0.01368384841
0.01368401502
0.01368399271
0.01368395961
0.01368391702
0.01368386719
0.01368381378
0.01368376215
0.0136837193
0.01368369353
0.01368392075
0.01368388996
0.01368384436
0.01368378581
0.01368371747
0.01368364438
0.01368357385
0.01368351541
0.01368348029
0.01368378819
0.01368374599
0.01368368359
0.01368360364
0.01368351052
0.01368341112
0.01368331537
0.01368323612
0.01368318853
0.01368360324
0.01368354579
0.01368346098
0.01368335252
0.01368322642
0.01368309209
0.01368296285
0.013682856
0.01368279189
0.01368334721
0.01368326953
0.01368315502
0.01368300881
0.01368283913
0.01368265865
0.01368248524
0.01368234201
0.01368225611
0.01368299559
0.01368289124
0.01368273762
0.01368254178
0.01368231485
0.01368207381
0.01368184249
0.0136816516
0.01368153716
0.01368251653
0.01368237728
0.0136821725
0.0136819118
0.01368161016
0.01368129019
0.01368098347
0.01368073055
0.01368057899
0.01368186906
0.01368168442
0.01368141321
0.01368106839
0.01368066997
0.01368024785
0.01367984363
0.01367951056
0.01367931105
0.01368100109
0.01368075791
0.01368040108
0.01367994797
0.01367942511
0.01367887182
0.01367834251
0.01367790669
0.01367764573
0.0136798472
0.01367952912
0.01367906286
0.01367847151
0.01367778998
0.01367706964
0.01367638121
0.01367581476
0.01367547573
0.01367832638
0.01367791332
0.01367730841
0.01367654215
0.01367566013
0.01367472899
0.01367383998
0.01367310905
0.01367267176
0.01367633975
0.01367580738
0.01367502849
0.01367404303
0.01367291015
0.01367171562
0.01367057634
0.0136696404
0.01366908075
0.01367376847
0.01367308774
0.0136720928
0.01367083552
0.01366939204
0.01366787196
0.01366642382
0.01366523522
0.01366452492
0.0136704721
0.01366960894
0.01366834864
0.01366675806
0.01366493445
0.01366301667
0.01366119189
0.01365969567
0.01365880218
0.01366628771
0.01366520284
0.0136636205
0.01366162615
0.01365934296
0.01365694539
0.01365466718
0.0136528013
0.01365168803
0.0136610298
0.01365967883
0.01365771058
0.01365523334
0.01365240177
0.01364943306
0.01364661636
0.01364431242
0.01364293915
0.01365449153
0.01365282539
0.01365040084
0.01364735386
0.01364387689
0.0136402378
0.01363679067
0.01363397511
0.01363229881
0.01364644723
0.01364441295
0.01364145633
0.01363774658
0.01363352088
0.01362910631
0.01362493204
0.01362152793
0.01361950378
0.0136366564
0.01363419819
0.01363063005
0.01362616049
0.01362107893
0.0136157807
0.01361078039
0.01360670961
0.01360429239
0.01362486889
0.01362192961
0.01361766894
0.0136123412
0.01360629597
0.01360000602
0.01359408172
0.01358926745
0.01358641298
0.01361083131
0.01360735417
0.01360232086
0.0135960383
0.01358892429
0.01358153824
0.01357459615
0.01356896551
0.01356563213
0.01359429403
0.01359022441
0.01358434182
0.01357701268
0.01356873105
0.0135601517
0.01355210541
0.01354559187
0.01354174197
0.01357501837
0.01357030564
0.01356350317
0.01355504368
0.01354550508
0.01353564562
0.0135264189
0.01351896453
0.01351456561
0.01355278351
0.01354738266
0.01353959805
0.01352993506
0.01351906248
0.01350784912
0.01349737816
0.01348893504
0.01348396051
0.01352739246
0.01352126551
0.01351244668
0.01350151982
0.01348925068
0.01347662458
0.0134648593
0.01345539035
0.0134498195
0.01349867686
0.01349179385
0.01348190025
0.01346966334
0.01345595092
0.01344186917
0.013428774
0.01341825322
0.01341207208
0.01346650029
0.01345883989
0.0134478433
0.01343426513
0.01341907902
0.0134035151
0.01338906917
0.0133774831
0.01337068615
0.01343076009
0.01342230978
0.01341019433
0.01339525867
0.01337858478
0.01336152829
0.01334572666
0.01333307557
0.01332566422
0.01339138732
0.0133821432
0.01336890517
0.01335261034
0.0133344502
0.01331590816
0.01329876236
0.01328505793
0.01327704003
0.01334834577
0.01333831212
0.01332395909
0.01330631727
0.01328669002
0.01326668637
0.01324822148
0.01323348565
0.0132248748
0.01330162969
0.01329081862
0.01327537052
0.0132564099
0.01323534973
0.01321392207
0.01319417504
0.01317843873
0.01316925352
0.01325126597
0.01323969861
0.01322318676
0.01320294739
0.0131805008
0.0131576985
0.01313671649
0.01312001824
0.01311028148
0.01319731364
0.01318501735
0.01316748159
0.0131460135
0.01312223746
0.0130981198
0.01307595841
0.01305834308
0.01304808104
0.01313985733
0.01312686469
0.01310835199
0.01308571351
0.01306067356
0.01303530786
0.01301202957
0.01299354706
0.01298278877
0.01307900412
0.01306535192
0.01304591506
0.01302217117
0.01299593966
0.01296939961
0.01294507221
0.01292577628
0.01291455288
0.01301488043
0.01300060883
0.01298030509
0.0129555259
0.01292818038
0.0129005444
0.01287523959
0.01285518683
0.01284353094
0.01294762915
0.01293278078
0.01291167076
0.01288593011
0.01285755181
0.01282890162
0.01280269376
0.01278194259
0.01276988783
0.01287740685
0.01286202606
0.0128401726
0.01281354676
0.01278421925
0.01275463857
0.01272760351
0.01270621335
0.01269379382
0.01280438114
0.01278851327
0.01276598048
0.01273854702
0.01270835501
0.01267792837
0.01265014247
0.01262817298
0.01261542285
0.01272872819
0.01271241894
0.01268927135
0.01266110813
0.01263013636
0.01259894813
0.01257048738
0.01254799778
0.01253495095
0.01265063035
0.0126339253
0.01261022704
0.01258141132
0.01254974371
0.01251787717
0.01248881643
0.01246586497
0.01245255474
0.01257027407
0.01255321809
0.01252903233
0.01249964001
0.0124673588
0.01243489545
0.01240530781
0.01238195129
0.01236841011
0.01248784778
0.01247048472
0.01244587304
0.01241597803
0.01238316319
0.01235018208
0.01232013834
0.01229643171
0.01228269096
0.01240354014
0.01238591246
0.01236093444
0.01233060814
0.01229733676
0.01226391402
0.01223348227
0.01220947832
0.01219556814
0.01231753835
0.01229968685
0.01227439969
0.01224371056
0.01221005649
0.01217626491
0.0121455102
0.01212125932
0.01210720845
0.01223002671
0.01221199033
0.01218644857
0.01215546181
0.0121214953
0.01208740407
0.01205638812
0.01203193811
0.01201777385
0.01214118536
0.01212300102
0.01209725633
0.01206603366
0.01203182111
0.01199749557
0.01196627666
0.01194167263
0.01192742072
0.0120511892
0.01203289168
0.01200699272
0.01197559221
0.01194119607
0.01190669759
0.01187533042
0.01185061468
0.01183629928
0.01196020698
0.01194182887
0.01191582122
0.0118842972
0.01184977585
0.01181516178
0.01178369742
0.01175890948
0.01174455316
0.01186840061
0.01184997229
0.01182389836
0.01179230142
0.01175770915
0.0117230328
0.0116915187
0.01166669528
0.01165231901
0.01177592458
0.0117574742
0.01173137332
0.01169975027
0.01166513734
0.011630448
0.01159892806
0.0115741031
0.01155972628
0.01168292555
0.01166447907
0.01163838748
0.01160678148
0.01157219416
0.01153753723
0.01150605182
0.01148125656
0.01146689706
0.01158954206
0.0115711233
0.01154507425
0.01151352487
0.01147900557
0.01144442262
0.01141300875
0.01138827181
0.011373946
0.0114959044
0.01147753512
0.01145155895
0.01142010228
0.01138568968
0.01135121863
0.01131991002
0.0112952575
0.01128098034
0.01140213453
0.01138383449
0.01135795875
0.01132662757
0.01129235678
0.01125803203
0.01122685928
0.01120231488
0.01118809995
0.01130834611
0.01129013317
0.01126438278
0.01123320669
0.01119910941
0.01116496202
0.01113395278
0.01110953789
0.01109539745
0.01121464462
0.01119653485
0.0111709322
0.0111399378
0.01110604252
0.01107210039
0.01104127946
0.01101701332
0.01100295842
0.01112112756
0.0111031353
0.0110777004
0.01104691148
0.01101324364
0.01097953169
0.01094892126
0.01092482105
0.01091086156
0.01102788459
0.01101002263
0.01098477326
0.01095421093
0.01092079313
0.01088733351
0.01085695326
0.01083303425
0.01081917897
0.01093499789
0.0109172775
0.01089222937
0.01086191227
0.01082876447
0.01079557669
0.01076544401
0.01074171969
0.01072797637
0.01084254242
0.01082497347
0.01080014035
0.01077008484
0.01073722449
0.01070432566
0.01067445578
0.01065093797
0.01063731344
0.01075058621
0.01073317732
0.01070857118
0.01067879145
0.01064623374
0.01061363873
0.01058404487
0.01056074386
0.01054724405
0.01065919076
0.01064194934
0.0106175805
0.01058808878
0.01055584679
0.01052356838
0.01049426194
0.01047118656
0.01045781659
0.01056841134
0.01055134372
0.01052722096
0.01049802768
0.01046611253
0.0104341616
0.01040515226
0.01038231007
0.01036907431
0.01047829737
0.01046140887
0.01043753959
0.01040865349
0.01037707452
0.01034546021
0.01031675611
0.01029415344
0.01028105557
0.01038889276
0.01037218778
0.0103485781
0.01032000642
0.01028877134
0.01025750118
0.01022910902
0.0102067511
0.01019379417
0.01030023628
0.01028371839
0.01026037326
0.01023212185
0.01020123688
0.01017031694
0.01014224213
0.01012013317
0.01010731965
0.01021236188
0.01019603389
0.01017295719
0.01014503064
0.01011450065
0.01008393568
0.01005618244
0.01003432576
0.01002165759
0.01012529904
0.01010916307
0.01008635775
0.01005875949
0.01002858814
0.009998381679
0.009970953164
0.009949351227
0.009936829862
0.01003907308
0.01002313065
0.01000059877
0.009973331231
0.009943521041
0.009913675551
0.009886573942
0.009865228467
0.009852854934
0.009953705524
0.009937957576
0.009915700423
0.009888765083
0.009859317606
0.009829834562
0.009803061164
0.009781973187
0.009769748122
0.009869214323
0.009853661303
0.00983167947
0.009805076986
0.009775992872
0.009746872871
0.009720428205
0.009699598151
0.009687521835
0.009785614199
0.009770256105
0.009748549559
0.00972227984
0.009693558937
0.00966480179
0.009638685674
0.009618113418
0.009606185815
0.009702916888
0.009687753322
0.009666321471
0.009640383763
0.00961202521
0.009583630025
0.009557841646
0.009537526574
0.009525747365
0.009621131407
0.009606161615
0.009585003374
0.009559396335
0.009531398634
0.009503363896
0.009477901884
0.009457842945
0.009446211558
0.009540264287
0.009525487204
0.009504601052
0.009479322818
0.009451683912
0.009424007555
0.009398870044
0.009379065802
0.00936758144
0.009460319805
0.009445734091
0.009425118121
0.009400166372
0.00937288371
0.009345563181
0.00932074787
0.009301196545
0.009289858213
0.009381300192
0.009366904266
0.009346556237
0.009321928248
0.009294998851
0.009268031168
0.009243535374
0.009224234889
0.009213041417
0.009303205831
0.009288997903
0.009268915279
0.00924460798
0.009218028488
0.009191410302
0.009167231007
0.009148179021
0.009137129088
0.00922603544
0.009212013539
0.009192193533
0.009168203549
0.009141970279
0.009115697919
0.009091831815
0.009073025761
0.009062117911
0.009149786243
0.009135948243
0.00911638785
0.009092711547
0.009066820538
0.009040890054
0.009017333586
0.008998770701
0.008988003366
0.009074454128
0.00906079777
0.009041493801
0.009018127327
0.008992574377
0.008966981586
0.008943730987
0.008925408339
0.008914779851
0.009000033791
0.008986556706
0.008967505816
0.008944445131
0.008919225841
0.008893966361
0.008871017684
0.008852932203
0.00884244081
0.008926518873
0.008913218599
0.008894417314
0.008871658226
0.008846768029
0.008821837314
0.008799186464
0.008781334959
0.008770978841
0.008853902079
0.00884077608
0.008822220823
0.008799759012
0.008775193206
0.008750586576
0.008728229335
0.008710608521
0.0087003858
0.008782175298
0.008769220977
0.008750908085
0.008728739134
0.008704492909
0.008680205575
0.008658137629
0.008640744141
0.008630652893
0.008711329701
0.008698544416
0.008680470162
0.008658589575
0.008634658038
0.008610685129
0.008588902088
0.008571732501
0.008561770765
0.008641355839
0.008628736914
0.008610897524
0.008589300749
0.008565678944
0.008542015528
0.008520512945
0.008503563789
0.008493729577
0.008572243733
0.008559788468
0.008542180134
0.008520862579
0.00849754551
0.008474186612
0.008452960002
0.008436227776
0.00842651908
0.008503982948
0.008491688628
0.008474307526
0.008453264576
0.008430247221
0.008407187842
0.008386232697
0.008369713879
0.008360128678
0.008436562662
0.00842442657
0.008407268867
0.008386495902
0.008363773231
0.008341008363
0.008320320164
0.008304011224
0.008294547492
0.00836997174
0.00835799116
0.008341053028
0.00832054543
0.008298112418
0.008275637058
0.008255211292
0.008239108702
0.008229764411
0.008304198785
0.008292371011
0.008275648635
0.008255401804
0.008233253444
0.008211062604
0.008190894771
0.008174995014
0.008165768142
0.008239232199
0.00822755454
0.008211044126
0.008191053487
0.008169184799
0.008147273521
0.008127359144
0.008111658718
0.008102547251
0.008175060229
0.008163530014
0.008147227796
0.008127488808
0.008105894849
0.008084258208
0.008064592844
0.008049088271
0.008040090209
0.008111671005
0.008100285589
0.008084187837
0.008064696
0.008043371873
0.00802200499
0.008002584233
0.007987272065
0.007978385424
0.00804905259
0.008037809353
0.008021912377
0.008002663241
0.007981604098
0.007960502146
0.007941321636
0.007926198461
0.007917421275
0.007987193003
0.00797608936
0.007960389514
0.00794137868
0.007920579735
0.007899737943
0.007880793371
0.007865855815
0.007857186142
0.007926080258
0.007915113658
0.007899607344
0.007880830475
0.007860287002
0.007839700662
0.007820987776
0.007806232509
0.007797668428
0.00786570239
0.00785487032
0.007839553993
0.007821006811
0.007800714155
0.007780378627
0.007761893233
0.00774731697
0.007738856589
0.007806047482
0.007795347465
0.007780217635
0.007761895931
0.007741849507
0.00772176022
0.00770349819
0.007689097695
0.007680739149
0.007747103682
0.007736533284
0.007721586519
0.007703486151
0.007683681449
0.007663833909
0.00764579118
0.00763156327
0.007623304722
0.00768885923
0.007678416059
0.007663648985
0.007645765885
0.007626198473
0.007606588261
0.007588760839
0.007574702384
0.007566542028
0.007631302471
0.007620984178
0.007606393484
0.007588723656
0.007569389183
0.007550011961
0.007532395924
0.007518503849
0.007510439911
0.007574421873
0.007564226154
0.007549808592
0.007532348116
0.007513242312
0.007494093823
0.007476685323
0.007462956611
0.007454987351
0.007518206043
0.007508130641
0.007493883025
0.00747662806
0.00745774674
0.007438822811
0.007421618076
0.007408049768
0.007400173477
0.00746264374
0.007452686442
0.007438605655
0.007421552437
0.007402891503
0.007384188048
0.007367183381
0.007353772579
0.007345987584
0.007407723888
0.007397882531
0.00738396552
0.007367110368
0.007348665809
0.007330178828
0.007313370615
0.007300114484
0.007292419149
0.007353435591
0.007343708059
0.007329951841
0.007313291157
0.007295059054
0.00727678464
0.007260169346
0.007247065116
0.007239457839
0.007299768145
0.007290152373
0.007276554037
0.007260084307
0.007242060834
0.007223995172
0.007207569351
0.007194614316
0.007187093538
0.007246711057
0.007237205031
0.007223761737
0.007207479538
0.007189660966
0.007171800341
0.007155560633
0.007142752161
0.00713531636
0.007194254061
0.007184855821
0.007171564808
0.007155466808
0.007137849512
0.007120190311
0.007104133452
0.007091468984
0.007084116685
0.00714238714
0.007133094784
0.00711995337
0.007104036338
0.007086616801
0.007069155522
0.00705327835
0.007040755409
0.007033485181
0.007091100558
0.007081912244
0.007068917835
0.007053178645
0.00703595347
0.007018686732
0.007002986195
0.006990602392
0.006983412858
0.007040384891
0.007031298844
0.007018448942
0.007002884588
0.006985850507
0.006968775061
0.006953248232
0.006941001277
0.006933891119
0.006990231079
0.006981245599
0.006968537812
0.006953145417
0.00693629931
0.006919412059
0.006904056151
0.006891943868
0.006884911835
0.006940630482
0.006931743955
0.006919176013
0.00690395285
0.006887291766
0.006870589787
0.006855402176
0.006843422522
0.006836467439
0.006891574967
0.006882785874
0.006870355647
0.006855299168
0.006838820352
0.006822300927
0.006807279181
0.006795430268
0.006788551056
0.006843057003
0.006834363943
0.00682206947
0.006807177332
0.006790878267
0.006774538923
0.006759680841
0.006747960971
0.006741156661
0.006795069802
0.006786471512
0.006774311034
0.006759581147
0.0067434596
0.006727298161
0.006712601822
0.006701009524
0.006694279287
0.006747607489
0.006739102875
0.006727074877
0.006712505456
0.006696559543
0.006680574195
0.006666038024
0.006654572112
0.006647915286
0.006700665315
0.006692253493
0.006680356759
0.006665946397
0.006650174661
0.006634364039
0.006619986885
0.00660864652
0.006602062654
0.006654239932
0.00664592027
0.006634153958
0.006619901711
0.006604303226
0.006588666519
0.006574447758
0.006563232532
0.006556721434
0.00660832972
0.006600101904
0.006588465627
0.006574371129
0.006558945621
0.006543482704
0.00652942236
0.006518332403
0.0065118942
0.006562935192
0.006554799296
0.006543293235
0.006529356825
0.00651410483
0.006498816421
0.006484915323
0.006473951419
0.006467586635
0.006518059475
0.006510016052
0.006498641081
0.006484863968
0.00646978701
0.006454674864
0.006440934822
0.006430098564
0.006423808207
0.006473708868
0.006465759056
0.006454516894
0.006440901348
0.006426002158
0.006411069289
0.006397493307
0.006386787265
0.006380572928
0.006429893492
0.006422039132
0.006410932523
0.006397482093
0.006382764853
0.006368015792
0.006354608311
0.006344036232
0.006337900214
0.006386628005
0.006378871784
0.006367904694
0.006354624456
0.006340095085
0.006325536169
0.006312303337
0.006301870363
0.006295815797
0.006343932394
0.006336277998
0.006325455838
0.006312352669
0.006298019125
0.006283658813
0.006270608779
0.006260321687
0.006254352682
0.006301832809
0.00629428509
0.006283614951
0.006270697824
0.006256570429
0.006242419636
0.006229562859
0.006219430306
0.006213552093
0.006260362417
0.00625292756
0.006242418461
0.006229698741
0.006215790517
0.006201862948
0.006189212509
0.006179245279
0.006173464356
0.006219562222
0.006212247921
0.006201911049
0.006189402788
0.006175729776
0.00616204225
0.00614961414
0.006139825378
0.006134149643
0.00617948182
0.006172297433
0.006162146364
0.006149866567
0.006136448115
0.006123020848
0.006110834225
0.006101239629
0.006095678491
0.006140179998
0.006133136679
0.006123187567
0.006111156409
0.006098015397
0.006084872217
0.006072949587
0.006063567546
0.006058132
0.006101725129
0.006094835921
0.006085107609
0.006073348567
0.006060511544
0.006047680007
0.006036047306
0.006026898944
0.006021601592
0.006064195256
0.006057475119
0.00604798918
0.006036529054
0.006024026227
0.006011537579
0.006000224128
0.005991333245
0.005986188245
0.006027677776
0.006021143545
0.006011924198
0.006000792989
0.005988658056
0.005976547027
0.005965585287
0.005956978154
0.005952001086
0.005992268654
0.005985938893
0.005977012781
0.005966243388
0.005954513162
0.005942817538
0.005932242683
0.005923947648
0.005919155276
0.005958071084
0.005951965826
0.005943361627
0.005932989331
0.005921703128
0.005910463076
0.005900312318
0.005892359243
0.005887769155
0.005925193534
0.005919333897
0.005911081744
0.005901143472
0.005890342236
0.00587959936
0.005869911031
0.005862330509
0.005857960642
0.005893747161
0.005888154824
0.005880285543
0.005870818882
0.005860544049
0.005850340181
0.005841152558
0.005833974939
0.005829842986
0.005863842615
0.005858539161
0.005851083309
0.0058421253
0.00583241741
0.005822793141
0.005814143049
0.005807397284
0.005803519995
0.00583558628
0.005830592426
0.005823579169
0.005815164899
0.005806061994
0.005797055009
0.00578897624
0.005782688588
0.005779080995
0.005809076114
0.00580441084
0.005797866704
0.005790027756
0.005781563638
0.005773206914
0.005765728544
0.00575992121
0.00575659582
0.005784397246
0.00578007688
0.005774024438
0.005766787276
0.00575898971
0.005751309689
0.005744454395
0.005739144184
0.005736110188
0.005761617595
0.005757654897
0.005752111469
0.005745495865
0.005738384858
0.005731399722
0.005725182215
0.005720379308
0.005717641873
0.005740783788
0.005737187104
0.005732163573
0.005726181189
0.005719767467
0.005713485655
0.00570791138
0.005703618338
0.005701178053
0.005721917706
0.005718690255
0.005714190092
0.005708843345
0.005703127181
0.005697546293
0.005692610512
0.005688821625
0.005686674153
0.005705013944
0.005702153318
0.005698171909
0.005693453239
0.005688423757
0.005683529977
0.005679217362
0.005675918425
0.005674054431
0.005690038473
0.005687536397
0.005684060774
0.00567995241
0.005675587458
0.005671355585
0.005667640405
0.00566480898
0.005663214342
0.00567692869
0.005674771097
0.005671780102
0.005668254384
0.005664521049
0.005660915187
0.005657762104
0.005655368286
0.005654024615
0.005665594955
0.005663762375
0.005661227303
0.005658247577
0.005655103323
0.005652078213
0.005649443661
0.005647451305
0.005646336721
0.005655923561
0.005654391835
0.005652277503
0.005649799542
0.005647193926
0.005644696823
0.005642530887
0.005640899199
0.005639989325
0.005647780996
0.005646522251
0.005644788442
0.005642762295
0.005640639114
0.005638612089
0.005636860707
0.005635546081
0.005634815149
0.00564101918
0.005640002995
0.005638606162
0.005636978287
0.005635277998
0.005633660443
0.005632267767
0.00563122569
0.005630647671
0.005635481288
0.005634675972
0.005633571058
0.005632286559
0.005630948763
0.005629679908
0.005628590602
0.005627777469
0.005627327122
0.005631007735
0.00563038159
0.005629523822
0.00562852861
0.005627494394
0.005626515614
0.005625676896
0.005625051572
0.00562470532
0.005627441844
0.005626964338
0.005626310849
0.005625553557
0.005624767508
0.005624024245
0.005623387526
0.005622912532
0.005622649071
0.005624634821
0.005624277571
0.00562378874
0.005623222263
0.005622634035
0.005622077218
0.005621599228
0.005621241476
0.005621041945
0.005622449727
0.005622187231
0.005621827669
0.005621410253
0.005620975623
0.005620562576
0.005620205969
0.005619937374
0.00561978671
0.005620764238
0.00562057435
0.005620313488
0.005620009359
0.00561969075
0.0056193858
0.005619120641
0.005618919305
0.005618805382
0.00561947216
0.005619336298
0.005619148558
0.005618928205
0.005618695598
0.005618470944
0.005618273552
0.005618122042
0.005618035323
0.005618483716
0.005618387019
0.00561825259
0.005618093369
0.00561792338
0.005617757109
0.005617608881
0.005617493446
0.005617426533
0.005617727324
0.005617658557
0.005617562056
0.005617446341
0.005617320825
0.005617195968
0.005617082836
0.00561699335
0.005616940777
0.005617146205
0.005617096803
0.005617026505
0.005616940817
0.005616846255
0.005616750465
0.005616662165
0.005616591244
0.005616549057
0.005616695843
0.00561665932
0.005616606689
0.005616541447
0.005616468151
0.005616392593
0.005616321839
0.005616264264
0.005616229673
0.005616342112
0.005616314074
0.00561627316
0.005616221669
0.005616162921
0.00561610149
0.005616043267
0.005615995443
0.005615966522
0.005616059812
0.005616037283
0.005616004096
0.005615961869
0.005615913177
0.005615861792
0.005615812738
0.005615772241
0.005615747678
0.005615830554
0.005615811625
0.005615783603
0.005615747759
0.005615706231
0.005615662245
0.005615620155
0.00561558537
0.005615564273
0.005615641163
0.005615624674
0.005615600258
0.005615569028
0.005615532864
0.005615494601
0.005615458046
0.005615427897
0.005615409654
0.005615482315
0.005615467607
0.005615445899
0.005615418243
0.005615386356
0.005615352767
0.005615320815
0.005615294569
0.005615278747
0.005615347451
0.005615334178
0.005615314692
0.00561529002
0.005615261759
0.005615232176
0.005615204198
0.005615181335
0.005615167613
0.005615231936
0.005615219932
0.005615202415
0.005615180395
0.005615155357
0.005615129332
0.005615104878
0.005615085003
0.005615073129
0.005615132443
0.005615121633
0.005615105953
0.005615086382
0.005615064294
0.005615041498
0.005615020212
0.005615003005
0.00561499277
0.005615046515
0.005615036861
0.005615022933
0.005615005666
0.005614986312
0.005614966469
0.005614948049
0.005614933232
0.005614924452
0.00561497227
0.005614963737
0.005614951489
0.005614936392
0.005614919574
0.005614902431
0.0056148866
0.005614873921
0.005614866431
0.0056149082
0.005614900746
0.005614890092
0.005614877026
0.005614862546
0.005614847859
0.005614834354
0.005614823573
0.005614817219
0.005614853047
0.005614846617
0.005614837456
0.005614826268
0.005614813921
0.005614801446
0.005614790009
0.005614780896
0.005614775524
0.00561480573
0.005614800252
0.00561479247
0.005614782994
0.005614772568
0.005614762059
0.005614752438
0.005614744763
0.00561474023
0.005614765294
0.005614760687
0.005614754153
0.005614746215
0.005614737495
0.005614728713
0.005614720662
0.005614714244
0.005614710467
0.005614730882
0.005614727057
0.005614721637
0.005614715057
0.005614707829
0.005614700537
0.005614693867
0.005614688567
0.005614685451
0.005614701721
0.005614698585
0.005614694141
0.005614688741
0.005614682794
0.005614676816
0.005614671363
0.005614667033
0.005614664486
0.005614677106
0.005614674565
0.005614670952
0.005614666565
0.005614661757
0.005614656931
0.005614652527
0.005614649024
0.005614646957
0.005614656386
0.005614654353
0.005614651475
0.005614647986
0.005614644164
0.005614640322
0.005614636806
0.005614633997
0.00561463233
0.005614639039
0.005614637457
0.005614635217
0.005614632498
0.00561462951
0.005614626494
0.005614623717
0.005614621482
0.005614620143
0.005614624617
0.005614623418
0.005614621717
0.005614619642
0.005614617348
0.005614615013
0.005614612843
0.005614611077
0.00561461001
0.005614612697
0.005614611816
0.005614610559
0.005614609012
0.005614607285
0.005614605504
0.005614603827
0.005614602447
0.005614601601
0.005614602896
0.005614602273
0.005614601374
0.005614600254
0.005614598981
0.005614597647
0.00561459637
0.0056145953
0.005614594636
0.005614594875
0.005614594456
0.005614593841
0.005614593057
0.005614592147
0.00561459117
0.005614590213
0.005614589393
0.005614588873
0.005614588335
0.005614588075
0.005614587681
0.005614587163
0.005614586538
0.005614585843
0.005614585138
0.005614584517
0.005614584113
0.005614583022
0.005614582884
0.005614582662
0.005614582349
0.005614581946
0.00561458147
0.005614580962
0.005614580496
0.005614580184
0.005614578725
0.005614578679
0.005614578587
0.00561457843
0.005614578194
0.005614577885
0.005614577529
0.005614577184
0.005614576944
0.005614575264
0.005614575286
0.005614575289
0.005614575246
0.005614575135
0.00561457495
0.005614574709
0.005614574457
0.005614574273
0.005614572488
0.005614572558
0.005614572627
0.005614572665
0.005614572643
0.005614572549
0.005614572394
0.005614572213
0.005614572073
0.005614570269
0.00561457037
0.005614570484
0.005614570576
0.005614570615
0.005614570587
0.005614570494
0.005614570367
0.005614570262
0.0056145685
0.005614568619
0.00561456876
0.005614568887
0.005614568967
0.005614568984
0.005614568937
0.00561456885
0.00561456877
0.005614567094
0.005614567222
0.005614567377
0.005614567523
0.005614567628
0.005614567674
0.005614567659
0.005614567602
0.005614567542
0.005614565978
0.005614566108
0.005614566268
0.005614566422
0.005614566541
0.005614566605
0.005614566612
0.005614566575
0.005614566531
0.005614565095
0.005614565222
0.005614565379
0.005614565534
0.005614565658
0.005614565732
0.005614565753
0.005614565731
0.005614565698
0.005614564396
0.005614564517
0.005614564668
0.005614564818
0.005614564941
0.005614565019
0.005614565048
0.005614565037
0.005614565012
0.005614563844
0.005614563957
0.005614564098
0.00561456424
0.005614564358
0.005614564436
0.005614564469
0.005614564465
0.005614564447
0.005614563409
0.005614563512
0.005614563642
0.005614563774
0.005614563884
0.005614563959
0.005614563993
0.005614563994
0.00561456398
0.005614563065
0.005614563159
0.005614563277
0.005614563397
0.005614563498
0.005614563568
0.005614563601
0.005614563605
0.005614563595
0.005614562795
0.005614562879
0.005614562985
0.005614563093
0.005614563184
0.005614563247
0.005614563279
0.005614563284
0.005614563276
0.005614562581
0.005614562656
0.00561456275
0.005614562846
0.005614562927
0.005614562984
0.005614563013
0.005614563018
0.005614563012
0.005614562413
0.005614562479
0.005614562561
0.005614562645
0.005614562717
0.005614562767
0.005614562793
0.005614562798
0.005614562793
0.00561456228
0.005614562337
0.005614562409
0.005614562482
0.005614562544
0.005614562588
0.005614562611
0.005614562616
0.005614562612
0.005614562174
0.005614562223
0.005614562286
0.005614562349
0.005614562402
0.00561456244
0.00561456246
0.005614562464
0.005614562461
0.005614562089
0.005614562132
0.005614562185
0.005614562239
0.005614562285
0.005614562317
0.005614562334
0.005614562338
0.005614562336
0.005614562021
0.005614562058
0.005614562103
0.005614562149
0.005614562188
0.005614562216
0.00561456223
0.005614562233
0.005614562231
0.005614561966
0.005614561997
0.005614562036
0.005614562075
0.005614562108
0.005614562131
0.005614562143
0.005614562146
0.005614562144
0.005614561921
0.005614561947
0.00561456198
0.005614562013
0.005614562041
0.005614562061
0.005614562071
0.005614562073
0.005614562071
0.005614561884
0.005614561906
0.005614561934
0.005614561962
0.005614561985
0.005614562002
0.00561456201
0.005614562012
0.00561456201
0.005614561854
0.005614561872
0.005614561895
0.005614561919
0.005614561939
0.005614561952
0.005614561959
0.005614561961
0.005614561959
0.005614561828
0.005614561844
0.005614561863
0.005614561883
0.0056145619
0.005614561911
0.005614561917
0.005614561918
0.005614561917
0.005614561807
0.00561456182
0.005614561837
0.005614561853
0.005614561867
0.005614561877
0.005614561881
0.005614561882
0.005614561881
0.005614561789
0.0056145618
0.005614561814
0.005614561828
0.00561456184
0.005614561848
0.005614561852
0.005614561852
0.005614561851
0.005614561774
0.005614561784
0.005614561795
0.005614561807
0.005614561817
0.005614561823
0.005614561827
0.005614561827
0.005614561826
0.005614561762
0.005614561769
0.005614561779
0.005614561789
0.005614561797
0.005614561803
0.005614561806
0.005614561806
0.005614561805
0.005614561751
0.005614561758
0.005614561766
0.005614561774
0.005614561781
0.005614561786
0.005614561788
0.005614561789
0.005614561788
0.005614561742
0.005614561748
0.005614561755
0.005614561762
0.005614561768
0.005614561772
0.005614561774
0.005614561774
0.005614561774
0.005614561735
0.005614561739
0.005614561745
0.005614561752
0.005614561757
0.00561456176
0.005614561762
0.005614561762
0.005614561762
0.005614561728
0.005614561733
0.005614561738
0.005614561743
0.005614561747
0.00561456175
0.005614561752
0.005614561753
0.005614561752
0.005614561723
0.005614561727
0.005614561731
0.005614561736
0.00561456174
0.005614561743
0.005614561744
0.005614561745
0.005614561744
0.005614561719
0.005614561722
0.005614561726
0.00561456173
0.005614561734
0.005614561736
0.005614561738
0.005614561738
0.005614561738
0.005614561716
0.005614561719
0.005614561722
0.005614561726
0.005614561729
0.005614561731
0.005614561733
0.005614561733
0.005614561733
0.005614561713
0.005614561716
0.005614561719
0.005614561722
0.005614561725
0.005614561727
0.005614561729
0.005614561729
0.00561456173
0.005614561712
0.005614561714
0.005614561716
0.005614561719
0.005614561722
0.005614561724
0.005614561726
0.005614561727
0.005614561727
0.00561456171
0.005614561712
0.005614561715
0.005614561718
0.00561456172
0.005614561722
0.005614561724
0.005614561725
0.005614561725
0.00561456171
0.005614561711
0.005614561714
0.005614561716
0.005614561719
0.005614561721
0.005614561723
0.005614561724
0.005614561724
0.005614561709
0.005614561711
0.005614561713
0.005614561716
0.005614561718
0.00561456172
0.005614561722
0.005614561723
0.005614561724
0.005614561709
0.005614561711
0.005614561713
0.005614561716
0.005614561718
0.00561456172
0.005614561722
0.005614561723
0.005614561724
0.00561456171
0.005614561712
0.005614561714
0.005614561716
0.005614561718
0.005614561721
0.005614561722
0.005614561724
0.005614561724
0.005614561711
0.005614561712
0.005614561714
0.005614561717
0.005614561719
0.005614561721
0.005614561723
0.005614561724
0.005614561725
0.005614561712
0.005614561713
0.005614561715
0.005614561718
0.00561456172
0.005614561722
0.005614561724
0.005614561726
0.005614561726
0.005614561713
0.005614561715
0.005614561717
0.005614561719
0.005614561721
0.005614561723
0.005614561725
0.005614561727
0.005614561727
0.005614561715
0.005614561716
0.005614561718
0.00561456172
0.005614561722
0.005614561724
0.005614561726
0.005614561728
0.005614561728
0.005614561716
0.005614561717
0.005614561719
0.005614561721
0.005614561723
0.005614561725
0.005614561727
0.005614561728
0.005614561729
0.01368422948
0.01368422948
0.01368422948
0.01368422948
0.01368422948
0.01368422948
0.01368422948
0.01368422948
0.01368422948
0.01368422948
0.01368422948
0.01368422948
0.01368422948
0.01368422948
0.01368422948
0.01368422948
0.01368422948
0.01368422948
0.01368422948
0.01368422948
0.01368422948
0.01368422948
0.01368422948
0.01368422948
0.01368422948
0.01368422948
0.01368422948
0.01368422948
0.01368422948
0.01368422948
0.01368422948
0.01368422948
0.01368422948
0.01368422948
0.01368422948
0.01368422947
0.01368422947
0.01368422947
0.01368422947
0.01368422947
0.01368422946
0.01368422945
0.01368422943
0.0136842294
0.01368422935
0.01368422927
0.01368422913
0.01368422892
0.01368422859
0.01368422807
0.01368422725
0.01368422599
0.01368422406
0.01368422112
0.01368421668
0.01368421003
0.01368420016
0.01368418561
0.01368416433
0.01368413345
0.01368408896
0.01368402532
0.01368393499
0.01368380773
0.01368362985
0.01368338323
0.01368304402
0.01368258121
0.01368195487
0.01368111417
0.0136799952
0.0136785187
0.01367658776
0.01367408578
0.0136708747
0.01366679404
0.01366166073
0.01365527018
0.01364739863
0.01363780693
0.01362624566
0.01361246135
0.01359620339
0.01357723132
0.01355532168
0.01353027423
0.01350191683
0.01347010895
0.01343474376
0.0133957482
0.01335308216
0.01330673629
0.01325673305
0.01320312845
0.01314600458
0.01308546646
0.01302163887
0.01295466351
0.01288469608
0.01281190369
0.0127364623
0.01265855435
0.01257836654
0.01249608782
0.01241190747
0.01232601349
0.01223859105
0.01214982126
0.01205988002
0.01196893713
0.01187715556
0.01178469085
0.01169169071
0.0115982947
0.0115046341
0.01141083183
0.01131700245
0.01122325231
0.0111296797
0.01103637507
0.0109434213
0.01085089402
0.01075886188
0.01066738693
0.01057652499
0.01048632594
0.01039683413
0.01030808874
0.01022012407
0.01013296993
0.01004665196
0.009961191923
0.009876608024
0.009792915193
0.009710125362
0.009628247712
0.009547288928
0.009467253416
0.009388143523
0.009309959732
0.009232700847
0.009156364168
0.009080945644
0.009006440026
0.008932840997
0.0088601413
0.008788332851
0.008717406843
0.008647353847
0.00857816389
0.008509826545
0.008442330995
0.008375666101
0.008309820463
0.008244782475
0.008180540373
0.008117082279
0.008054396238
0.007992470257
0.007931292333
0.007870850483
0.007811132771
0.007752127326
0.007693822368
0.00763620622
0.00757926733
0.007522994284
0.007467375817
0.007412400831
0.007358058406
0.007304337817
0.007251228544
0.007198720295
0.007146803029
0.007095466978
0.007044702687
0.006994501062
0.006944853424
0.00689575159
0.006847187978
0.006799155735
0.006751648904
0.006704662642
0.006658193479
0.006612239647
0.006566801479
0.006521881876
0.006477486865
0.006433626236
0.00639031425
0.006347570427
0.00630542037
0.006263896617
0.006223039464
0.006182897723
0.006143529333
0.006105001778
0.006067392189
0.006030787072
0.005995281567
0.005960978161
0.005927984793
0.005896412335
0.005866371453
0.005837968915
0.005811303467
0.005786461459
0.005763512467
0.005742505178
0.005723463876
0.005706385806
0.005691239713
0.005677965752
0.005666476858
0.005656661588
0.005648388237
0.005641509982
0.005635870664
0.005631310752
0.005627673067
0.005624807839
0.005622576785
0.005620856008
0.00561953762
0.005618530132
0.005617760156
0.005617169634
0.005616713008
0.005616355183
0.005616070249
0.005615839295
0.005615648775
0.005615489118
0.005615353611
0.005615237528
0.005615137498
0.005615051046
0.005614976287
0.005614911717
0.005614856089
0.005614808325
0.005614767479
0.005614732697
0.005614703209
0.005614678311
0.00561465735
0.00561463979
0.005614625185
0.005614613113
0.005614603189
0.00561459507
0.005614588454
0.005614583082
0.005614578741
0.005614575248
0.005614572449
0.005614570216
0.005614568438
0.005614567028
0.005614565912
0.00561456503
0.005614564335
0.005614563787
0.005614563356
0.005614563018
0.005614562752
0.005614562544
0.00561456238
0.005614562251
0.005614562149
0.005614562068
0.005614562003
0.005614561951
0.005614561908
0.005614561873
0.005614561844
0.00561456182
0.0056145618
0.005614561783
0.005614561769
0.005614561758
0.005614561748
0.005614561739
0.005614561732
0.005614561726
0.005614561722
0.005614561718
0.005614561715
0.005614561712
0.00561456171
0.005614561709
0.005614561709
0.005614561708
0.005614561709
0.005614561709
0.00561456171
0.005614561711
0.005614561713
0.005614561714
0.005614561715
)
;

boundaryField
{
    outlet
    {
        type            inletOutlet;
        inletValue      uniform 0.01368422948;
        value           nonuniform List<scalar> 10(0.005614561716 0.005614561717 0.005614561719 0.005614561721 0.005614561723 0.005614561725 0.005614561727 0.005614561728 0.005614561729 0.005614561715);
    }
    inlet
    {
        type            fixedValue;
        value           uniform 0.01368422948;
    }
    front
    {
        type            wedge;
    }
    wall
    {
        type            zeroGradient;
    }
    back
    {
        type            wedge;
    }
}


// ************************************************************************* //
