/*--------------------------------*- C++ -*----------------------------------*\
| =========                 |                                                 |
| \\      /  F ield         | OpenFOAM: The Open Source CFD Toolbox           |
|  \\    /   O peration     | Version:  2212                                  |
|   \\  /    A nd           | Website:  www.openfoam.com                      |
|    \\/     M anipulation  |                                                 |
\*---------------------------------------------------------------------------*/
FoamFile
{
    version     2.0;
    format      ascii;
    arch        "LSB;label=32;scalar=64";
    class       volScalarField;
    location    "20.00000000";
    object      H2;
}
// * * * * * * * * * * * * * * * * * * * * * * * * * * * * * * * * * * * * * //

dimensions      [0 0 0 0 0 0 0];

internalField   nonuniform List<scalar> 
3000
(
1.213174749e-22
1.362747568e-22
1.588446865e-22
1.889208621e-22
2.261981692e-22
2.696652359e-22
3.167041136e-22
3.615894175e-22
3.933346476e-22
4.554924654e-22
5.13718648e-22
6.015431617e-22
7.188386397e-22
8.654918651e-22
1.040689411e-21
1.241393869e-21
1.457436708e-21
1.648864739e-21
1.020316697e-21
1.159787393e-21
1.372168276e-21
1.660541771e-21
2.030105742e-21
2.486221441e-21
3.027104989e-21
3.622336275e-21
4.13118783e-21
1.94359139e-21
2.232451436e-21
2.678769287e-21
3.297661204e-21
4.11106999e-21
5.139652797e-21
6.377764474e-21
7.726120309e-21
8.814470613e-21
3.45158662e-21
4.013286008e-21
4.894835808e-21
6.141042223e-21
7.810550915e-21
9.950129431e-21
1.252396961e-20
1.525699672e-20
1.735490339e-20
5.935723445e-21
6.990147412e-21
8.668718722e-21
1.107860476e-20
1.434843434e-20
1.856056099e-20
2.358939434e-20
2.880090514e-20
3.265701068e-20
1.007726821e-20
1.201432967e-20
1.513392242e-20
1.966318132e-20
2.585440596e-20
3.383074666e-20
4.326246133e-20
5.284553682e-20
5.976047864e-20
1.705458953e-20
2.056034856e-20
2.625649613e-20
3.459055171e-20
4.602740501e-20
6.073171758e-20
7.796580022e-20
9.522103155e-20
1.074640148e-19
2.890924986e-20
3.518680826e-20
4.545254338e-20
6.054846402e-20
8.13014327e-20
1.079108482e-19
1.388734293e-19
1.695512749e-19
1.910774959e-19
4.917625269e-20
6.032846799e-20
7.864932106e-20
1.056776381e-19
1.428574805e-19
1.904045007e-19
2.454234424e-19
2.995366999e-19
3.372250352e-19
8.3980449e-20
1.036759618e-19
1.36134804e-19
1.841179256e-19
2.501256869e-19
3.343504136e-19
4.314092971e-19
5.263811983e-19
5.92194492e-19
1.439362831e-19
1.785659746e-19
2.357624851e-19
3.204225283e-19
4.368618677e-19
5.851719751e-19
7.555669087e-19
9.216980005e-19
1.036424607e-18
2.474454404e-19
3.081321096e-19
4.085184714e-19
5.572261257e-19
7.617006712e-19
1.021786126e-18
1.319948408e-18
1.60991155e-18
1.809670842e-18
4.264186592e-19
5.325076286e-19
7.081833343e-19
9.685560101e-19
1.326479354e-18
1.781278821e-18
2.301836335e-18
2.807161494e-18
3.154688437e-18
7.362071237e-19
9.213296976e-19
1.228107734e-18
1.682945003e-18
2.308053139e-18
3.101744498e-18
4.009145601e-18
4.888840225e-18
5.493079438e-18
1.272841286e-18
1.595445897e-18
2.130336602e-18
2.923561169e-18
4.013537719e-18
5.396671909e-18
6.976618993e-18
8.506844607e-18
9.556945401e-18
2.202956355e-18
2.764598922e-18
3.696174951e-18
5.077882505e-18
6.976219342e-18
9.384079561e-18
1.213280988e-17
1.479309896e-17
1.661741278e-17
3.815742429e-18
4.792850013e-18
6.413976667e-18
8.818659759e-18
1.212205517e-17
1.631067342e-17
2.108990264e-17
2.571276504e-17
2.888127031e-17
6.61312685e-18
8.312154879e-18
1.113154591e-17
1.531389122e-17
2.105864966e-17
2.83408072e-17
3.66464881e-17
4.467686479e-17
5.017879758e-17
1.146631061e-17
1.441950851e-17
1.932066155e-17
2.659122618e-17
3.657664378e-17
4.923113303e-17
6.365927497e-17
7.760390822e-17
8.715472166e-17
1.988743801e-17
2.501909818e-17
3.353614672e-17
4.617026866e-17
6.3519461e-17
8.550041146e-17
1.105538986e-16
1.347590336e-16
1.513317501e-16
3.450092733e-17
4.341591131e-17
5.821222658e-17
8.015918178e-17
1.1029117e-16
1.484566575e-16
1.919414901e-16
2.339378021e-16
2.626814663e-16
5.986072376e-17
7.534489229e-17
1.010428398e-16
1.391546067e-16
1.914674503e-16
2.577050883e-16
3.331434382e-16
4.059671864e-16
4.557895001e-16
1.038667151e-16
1.307545579e-16
1.753733554e-16
2.415322407e-16
3.323142165e-16
4.472122705e-16
5.780040451e-16
7.041942798e-16
7.904830682e-16
1.802168946e-16
2.268943253e-16
3.043387783e-16
4.19136337e-16
5.765929854e-16
7.757693622e-16
1.00235273e-15
1.22081489e-15
1.370101658e-15
3.126470397e-16
3.936508154e-16
5.280123102e-16
7.2709921e-16
1.000016025e-15
1.34500275e-15
1.73713851e-15
2.11488711e-15
2.372804545e-15
5.422493699e-16
6.827560529e-16
9.157317685e-16
1.260753869e-15
1.733383984e-15
2.330283685e-15
3.008047958e-15
3.660208414e-15
4.105000809e-15
9.400797928e-16
1.183640474e-15
1.587299401e-15
2.184677949e-15
3.00224194e-15
4.033580608e-15
5.203072103e-15
6.326764317e-15
7.092082185e-15
1.628821415e-15
2.050651774e-15
2.749332277e-15
3.7823992e-15
5.194579431e-15
6.973424228e-15
8.987156377e-15
1.091852221e-14
1.22316015e-14
2.819898382e-15
3.549634273e-15
4.757359647e-15
6.54110365e-15
8.975856822e-15
1.20372261e-14
1.549558468e-14
1.880503806e-14
2.105010664e-14
4.876837733e-15
6.137332194e-15
8.221441851e-15
1.129528234e-14
1.548334979e-14
2.073755125e-14
2.665791116e-14
3.230784054e-14
3.613041296e-14
8.423009412e-15
1.059614283e-14
1.418490432e-14
1.946892789e-14
2.665238582e-14
3.564019111e-14
4.573629986e-14
5.533960319e-14
6.181620608e-14
1.452399756e-14
1.826164203e-14
2.442505685e-14
3.348122378e-14
4.57599678e-14
6.107341658e-14
7.821233087e-14
9.44516553e-14
1.05362843e-13
2.499474176e-14
3.140456759e-14
4.195587754e-14
5.742111581e-14
7.832324116e-14
1.042925849e-13
1.332338019e-13
1.605334185e-13
1.787975561e-13
4.291393193e-14
5.386808559e-14
7.186228875e-14
9.81599253e-14
1.335711454e-13
1.773738816e-13
2.259508399e-13
2.715400788e-13
3.018938124e-13
7.348027624e-14
9.21236513e-14
1.226739582e-13
1.671703972e-13
2.268317397e-13
3.002619083e-13
3.812471702e-13
4.568221529e-13
5.068741629e-13
1.254284836e-13
1.570074586e-13
2.086085704e-13
2.834729633e-13
3.833656267e-13
5.056213724e-13
6.396334941e-13
7.639204548e-13
8.457626387e-13
2.133542735e-13
2.665535536e-13
3.532022874e-13
4.783609698e-13
6.444566591e-13
8.464759675e-13
1.066451656e-12
1.269111199e-12
1.401752255e-12
3.615031238e-13
4.505774558e-13
5.95130541e-13
8.029023291e-13
1.076985515e-12
1.408103262e-12
1.766090948e-12
2.093592919e-12
2.30659226e-12
6.098946125e-13
7.58026639e-13
9.974509291e-13
1.339726485e-12
1.788316869e-12
2.326356758e-12
2.903711814e-12
3.428075479e-12
3.766912847e-12
1.024137854e-12
1.268660228e-12
1.662136225e-12
2.221354181e-12
2.949206518e-12
3.815594203e-12
4.738105552e-12
5.569767809e-12
6.10370302e-12
1.711021692e-12
2.111432736e-12
2.752699601e-12
3.658413055e-12
4.828692266e-12
6.210829e-12
7.670928667e-12
8.977513156e-12
9.810994715e-12
2.843045359e-12
3.493151405e-12
4.529071671e-12
5.982643216e-12
7.846726562e-12
1.003076217e-11
1.231982786e-11
1.4353294e-11
1.564239734e-11
4.696642596e-12
5.742713789e-12
7.40084362e-12
9.711826141e-12
1.265285493e-11
1.60712358e-11
1.962618061e-11
2.276180746e-11
2.473776769e-11
7.711151869e-12
9.378731196e-12
1.200778149e-11
1.564693257e-11
2.024283886e-11
2.554270591e-11
3.101268004e-11
3.580468659e-11
3.880739781e-11
1.257887855e-11
1.521190374e-11
1.934047056e-11
2.501624417e-11
3.213017173e-11
4.02710162e-11
4.861228942e-11
5.587274844e-11
6.0398216e-11
2.038126201e-11
2.449853983e-11
3.091951028e-11
3.968745362e-11
5.059649344e-11
6.298867813e-11
7.559885559e-11
8.650911323e-11
9.327638632e-11
3.279271221e-11
3.916865321e-11
4.9059446e-11
6.247745061e-11
7.905471277e-11
9.775485304e-11
1.166618183e-10
1.329291521e-10
1.429743888e-10
5.238280223e-11
6.216185697e-11
7.72543956e-11
9.760154121e-11
1.225721784e-10
1.505573823e-10
1.786841953e-10
2.027613562e-10
2.175695544e-10
8.306009638e-11
9.791777315e-11
1.207371488e-10
1.513203507e-10
1.886197177e-10
2.301708516e-10
2.717058285e-10
3.070978168e-10
3.287871147e-10
1.307181363e-10
1.530861909e-10
1.872838029e-10
2.328651256e-10
2.881373585e-10
3.493725191e-10
4.102847872e-10
4.619767309e-10
4.935560038e-10
2.041673841e-10
2.375474557e-10
2.88363667e-10
3.557524626e-10
4.370407081e-10
5.266542185e-10
6.154099927e-10
6.904637458e-10
7.361932738e-10
3.164578334e-10
3.658520624e-10
4.407528856e-10
5.39624321e-10
6.583293266e-10
7.886211127e-10
9.171803344e-10
1.025564549e-09
1.091456821e-09
4.867427948e-10
5.592478039e-10
6.688051397e-10
8.128298488e-10
9.850287758e-10
1.173318295e-09
1.358508213e-09
1.514247906e-09
1.608767616e-09
7.429003397e-10
8.485182648e-10
1.007608867e-09
1.215991543e-09
1.464237345e-09
1.734798289e-09
2.000198352e-09
2.222957901e-09
2.3579899e-09
1.125157927e-09
1.277894999e-09
1.507324421e-09
1.806887637e-09
2.162646325e-09
2.549328006e-09
2.927825022e-09
3.245056085e-09
3.437219858e-09
1.691062659e-09
1.910404859e-09
2.239087468e-09
2.667066566e-09
3.173982121e-09
3.723714488e-09
4.260908879e-09
4.710700474e-09
4.983084438e-09
2.522228305e-09
2.835104495e-09
3.302959928e-09
3.910709041e-09
4.628919792e-09
5.40632634e-09
6.164985246e-09
6.799756776e-09
7.184144027e-09
3.733398351e-09
4.176762434e-09
4.838517214e-09
5.696357448e-09
6.708116183e-09
7.801482695e-09
8.867261391e-09
9.75848181e-09
1.029819074e-08
5.484476854e-09
6.108656448e-09
7.038758386e-09
8.242216201e-09
9.659080483e-09
1.118794973e-08
1.267665728e-08
1.392087035e-08
1.467442683e-08
7.996268603e-09
8.869230203e-09
1.016808226e-08
1.184576201e-08
1.381762565e-08
1.594232559e-08
1.800908878e-08
1.97355883e-08
2.07814345e-08
1.157069561e-08
1.278336318e-08
1.45850685e-08
1.690840156e-08
1.963467486e-08
2.256816351e-08
2.541888282e-08
2.779929696e-08
2.924161332e-08
1.66162072e-08
1.828896655e-08
2.077079261e-08
2.396596559e-08
2.770930693e-08
3.173175981e-08
3.563714474e-08
3.889701619e-08
4.08726516e-08
2.367908816e-08
2.596965919e-08
2.936351903e-08
3.372598619e-08
3.882900609e-08
4.43054204e-08
4.961767531e-08
5.405002824e-08
5.67365359e-08
3.348158184e-08
3.659451443e-08
4.120081606e-08
4.711273689e-08
5.401786014e-08
6.141867361e-08
6.859077608e-08
7.457164312e-08
7.819640668e-08
4.696799095e-08
5.116596713e-08
5.736998353e-08
6.532059866e-08
7.459295567e-08
8.451753053e-08
9.412500487e-08
1.021308384e-07
1.069812424e-07
6.535952794e-08
7.097639756e-08
7.926697674e-08
8.987565581e-08
1.02228743e-07
1.15431507e-07
1.281965016e-07
1.388233141e-07
1.452578519e-07
9.021768294e-08
9.767298013e-08
1.086632602e-07
1.227048697e-07
1.390286339e-07
1.56447516e-07
1.73264847e-07
1.87248781e-07
1.957089241e-07
1.235150682e-07
1.333297082e-07
1.477794358e-07
1.66211537e-07
1.876023125e-07
2.103888831e-07
2.32353449e-07
2.505922955e-07
2.616148405e-07
1.67712088e-07
1.805248346e-07
1.993636746e-07
2.233547823e-07
2.511462019e-07
2.80696546e-07
3.091311965e-07
3.327061112e-07
3.469355589e-07
2.258368324e-07
2.424209231e-07
2.667718823e-07
2.977296439e-07
3.335231691e-07
3.715080738e-07
4.079905723e-07
4.38186867e-07
4.563871598e-07
3.015644754e-07
3.228435476e-07
3.540452162e-07
3.936428696e-07
4.393360627e-07
4.877285263e-07
5.34115691e-07
5.724411148e-07
5.955057799e-07
3.992910867e-07
4.263532273e-07
4.659791374e-07
5.161780945e-07
5.739881491e-07
6.350855802e-07
6.935320792e-07
7.417304994e-07
7.706899407e-07
5.241954798e-07
5.583039401e-07
6.081769112e-07
6.712427819e-07
7.437222326e-07
8.201600967e-07
8.931288031e-07
9.53186749e-07
9.892111779e-07
6.822816899e-07
7.248805496e-07
7.870795311e-07
8.655884742e-07
9.55629552e-07
1.050382793e-06
1.140643255e-06
1.214786539e-06
1.259182908e-06
8.80394114e-07
9.331070315e-07
1.009963772e-06
1.106795883e-06
1.217619856e-06
1.333988373e-06
1.444599988e-06
1.535277727e-06
1.58947913e-06
1.126197564e-06
1.190817809e-06
1.284900812e-06
1.403217497e-06
1.538345711e-06
1.679920692e-06
1.814197799e-06
1.924051744e-06
1.98959816e-06
1.428115761e-06
1.506586067e-06
1.620669844e-06
1.763872923e-06
1.927077299e-06
2.097686428e-06
2.259143813e-06
2.390962064e-06
2.469472024e-06
1.795224293e-06
1.889605752e-06
2.02662444e-06
2.198296128e-06
2.393528576e-06
2.597160071e-06
2.789439307e-06
2.946095116e-06
3.03922891e-06
2.237097785e-06
2.349528001e-06
2.512513899e-06
2.716338768e-06
2.947641291e-06
3.188349166e-06
3.415128597e-06
3.599506913e-06
3.708923101e-06
2.763615615e-06
2.896257578e-06
3.088266978e-06
3.327939245e-06
3.599339064e-06
3.881134683e-06
4.146028282e-06
4.360944671e-06
4.488252796e-06
3.384735442e-06
3.539719871e-06
3.763750362e-06
4.04287211e-06
4.35826853e-06
4.685005875e-06
4.991458331e-06
5.239576435e-06
5.38628973e-06
4.110248233e-06
4.289613213e-06
4.548518166e-06
4.870495754e-06
5.233547283e-06
5.608810926e-06
5.959997513e-06
6.243751758e-06
6.411242153e-06
4.949531443e-06
5.155163876e-06
5.451570598e-06
5.81951739e-06
6.233538192e-06
6.660543388e-06
7.059283256e-06
7.380813113e-06
7.570278597e-06
5.911317973e-06
6.144901335e-06
6.481139273e-06
6.897792328e-06
7.365666409e-06
7.847179519e-06
8.295869304e-06
8.656977951e-06
8.869420594e-06
7.003496956e-06
7.26646919e-06
7.6445134e-06
8.112169868e-06
8.636288476e-06
9.174571653e-06
9.675150609e-06
1.00772856e-05
1.031351843e-05
8.232958848e-06
8.526482829e-06
8.947915869e-06
9.468391582e-06
1.005061425e-05
1.064740124e-05
1.120133348e-05
1.164558468e-05
1.190620466e-05
9.605492026e-06
9.930438679e-06
1.039642825e-05
1.097104099e-05
1.16126879e-05
1.226917612e-05
1.287744966e-05
1.336450121e-05
1.364982872e-05
1.112572828e-05
1.148267603e-05
1.199398056e-05
1.262355423e-05
1.332541275e-05
1.404227762e-05
1.470536339e-05
1.523545037e-05
1.554558348e-05
1.279715538e-05
1.318639869e-05
1.374337939e-05
1.442826419e-05
1.519061674e-05
1.596796464e-05
1.668579364e-05
1.725878476e-05
1.759361698e-05
1.462216076e-05
1.504372804e-05
1.564638004e-05
1.63864782e-05
1.720902596e-05
1.804640794e-05
1.881847483e-05
1.943391021e-05
1.979315252e-05
1.660211612e-05
1.705578247e-05
1.770369389e-05
1.849837359e-05
1.938032571e-05
2.027685189e-05
2.11022692e-05
2.175940212e-05
2.214260692e-05
1.873729454e-05
1.922253153e-05
1.991491359e-05
2.076315826e-05
2.170332422e-05
2.265772424e-05
2.353527672e-05
2.423311574e-05
2.463970063e-05
2.10268746e-05
2.154295197e-05
2.227873859e-05
2.317920653e-05
2.417605699e-05
2.518673931e-05
2.611493659e-05
2.685228588e-05
2.728155631e-05
2.346917176e-05
2.401518927e-05
2.479308129e-05
2.574415975e-05
2.679588408e-05
2.786099201e-05
2.883811784e-05
2.961361465e-05
3.006478472e-05
2.606174021e-05
2.663665745e-05
2.745516418e-05
2.845501922e-05
2.955957871e-05
3.067704184e-05
3.170119916e-05
3.251334777e-05
3.298555894e-05
2.880146719e-05
2.940413109e-05
3.026160873e-05
3.130823073e-05
3.246340681e-05
3.363098764e-05
3.470013895e-05
3.554734089e-05
3.603967859e-05
3.16846602e-05
3.231383015e-05
3.320851656e-05
3.429976121e-05
3.550319871e-05
3.671853401e-05
3.783053718e-05
3.871111792e-05
3.922262613e-05
3.470712751e-05
3.536149785e-05
3.629154364e-05
3.742516839e-05
3.86744138e-05
3.993505116e-05
4.108769084e-05
4.199992312e-05
4.252961709e-05
3.786425243e-05
3.854247238e-05
3.95059684e-05
4.067966456e-05
4.197219963e-05
4.32756294e-05
4.446664439e-05
4.540876857e-05
4.59556459e-05
4.115106197e-05
4.185175313e-05
4.28467545e-05
4.405817529e-05
4.539144628e-05
4.673512929e-05
4.796223634e-05
4.893247794e-05
4.94955282e-05
4.456229063e-05
4.528406217e-05
4.630860916e-05
4.755539394e-05
4.892683684e-05
5.030822836e-05
5.156914257e-05
5.256572748e-05
5.314394049e-05
4.809243943e-05
4.883390118e-05
4.988603716e-05
5.116583227e-05
5.25728945e-05
5.398946464e-05
5.528191699e-05
5.630308443e-05
5.689545738e-05
5.173583084e-05
5.249560444e-05
5.357339114e-05
5.488386762e-05
5.632402635e-05
5.777327744e-05
5.909502958e-05
6.013904308e-05
6.074458662e-05
5.548665943e-05
5.626338775e-05
5.736491811e-05
5.870378657e-05
6.017456414e-05
6.165404528e-05
6.300290194e-05
6.406805863e-05
6.468580196e-05
5.933903859e-05
6.013139353e-05
6.12548024e-05
6.261982531e-05
6.411880199e-05
6.562612099e-05
6.699994026e-05
6.808457849e-05
6.871357362e-05
6.328704312e-05
6.409373202e-05
6.523720483e-05
6.662620661e-05
6.815103091e-05
6.968386408e-05
7.10805657e-05
7.218307125e-05
7.282239651e-05
6.732474793e-05
6.814451865e-05
6.93062984e-05
7.071717335e-05
7.226557026e-05
7.382167008e-05
7.523924205e-05
7.635805311e-05
7.700681593e-05
7.144626269e-05
7.227790763e-05
7.345630024e-05
7.488701876e-05
7.645679607e-05
7.803399713e-05
7.947050074e-05
8.06041117e-05
8.126145082e-05
7.56457627e-05
7.648812173e-05
7.76815001e-05
7.913011322e-05
8.071916621e-05
8.231538956e-05
8.376896317e-05
8.491592745e-05
8.558101452e-05
7.991751594e-05
8.076947854e-05
8.197628533e-05
8.344092795e-05
8.504724259e-05
8.666049877e-05
8.812936032e-05
8.928829236e-05
8.996033314e-05
8.425590658e-05
8.511641319e-05
8.633516266e-05
8.781405552e-05
8.943571047e-05
9.106410131e-05
9.254654991e-05
9.371612635e-05
9.439436144e-05
8.865545511e-05
8.952349781e-05
9.07527767e-05
9.224422737e-05
9.387939495e-05
9.552111437e-05
9.701553099e-05
9.819449128e-05
9.88781965e-05
9.311083525e-05
9.398545794e-05
9.522392565e-05
9.672632865e-05
9.837327481e-05
0.0001000266088
0.0001015314563
0.0001027186027
0.0001034070892
9.76168879e-05
9.849718602e-05
9.974357415e-05
0.0001012554103
0.000102912494
0.00010457582
0.0001060896422
0.0001072838394
0.0001079764535
0.0001021686325
0.0001030537523
0.0001043068637
0.000105826699
0.0001074923707
0.0001091641562
0.0001106855772
0.0001118857513
0.0001125818742
0.0001067612756
0.0001076504133
0.0001089091206
0.0001104356046
0.0001121084046
0.0001137872052
0.0001153149275
0.0001165200653
0.0001172191122
0.0001113902177
0.0001122826181
0.0001135458622
0.0001150777255
0.0001167562818
0.0001184407392
0.000119973542
0.0001211826891
0.0001218841087
0.0001160510576
0.0001169460127
0.0001182128005
0.0001197488529
0.0001214318783
0.0001231207179
0.0001246574547
0.0001258697143
0.000126572988
0.000120739595
0.0001216364426
0.0001229058449
0.0001244449726
0.0001261312622
0.0001278232901
0.0001293628865
0.0001305774174
0.0001312820584
0.0001254518319
0.0001263499537
0.0001276211029
0.0001291622657
0.0001308506937
0.000132544794
0.0001340862451
0.00013530226
0.0001360078119
0.0001301839721
0.000131082792
0.0001323548796
0.0001338971078
0.0001355866246
0.0001372817564
0.0001388241243
0.0001400408876
0.0001407469238
0.0001349324196
0.000135831402
0.0001371036762
0.0001386460678
0.0001403356966
0.0001420308907
0.0001435733015
0.0001447901275
0.0001454962497
0.0001396937762
0.0001405924239
0.0001418641869
0.0001434059046
0.0001450947382
0.0001467890942
0.0001483307355
0.000149546986
0.0001502528234
0.0001444648376
0.0001453626905
0.0001466332959
0.0001481735637
0.0001498607614
0.0001515534443
0.0001530935623
0.0001543086448
0.0001550138525
0.0001492425897
0.0001501392222
0.0001514080726
0.0001529461732
0.0001546309573
0.0001563211943
0.0001578590911
0.0001590724566
0.0001597767148
0.0001540242028
0.0001549192227
0.0001561857669
0.0001577210386
0.0001594026914
0.000161089769
0.0001626247995
0.0001638359402
0.000164538953
0.000158807027
0.0001597000732
0.0001609638041
0.0001624956374
0.0001641734979
0.0001658567588
0.0001673883284
0.0001685967758
0.0001692982697
0.0001635885855
0.0001644793265
0.0001657397783
0.0001672676137
0.0001689410745
0.0001706199142
0.0001721474761
0.0001733527988
0.0001740525219
0.0001683665687
0.0001692547009
0.000170511447
0.0001720347717
0.000173703276
0.0001753771402
0.0001769001925
0.0001781019946
0.0001787997153
0.0001731388277
0.0001740240739
0.0001752767242
0.0001767950695
0.0001784581083
0.0001801264901
0.0001816445732
0.0001828424919
0.0001835379979
0.0001779033676
0.000178785475
0.0001800336743
0.0001815466129
0.000183203722
0.0001848661588
0.0001863788535
0.0001875725573
0.0001882656543
0.0001826583407
0.0001835370796
0.0001847805051
0.0001862876485
0.0001879384059
0.000189594477
0.0001911014016
0.0001922905885
0.0001929810995
0.0001874020394
0.0001882772019
0.0001895155611
0.0001910165576
0.0001926605806
0.0001943099045
0.0001958107126
0.0001969951085
0.0001976828724
0.0001921328899
0.0001930042883
0.0001942373171
0.000195731849
0.0001973687922
0.0001990110241
0.0002005054025
0.0002016847592
0.0002023696302
0.000196849445
0.0001977169105
0.0001989443716
0.000200432153
0.0002020617055
0.0002036965349
0.0002051842016
0.0002063582953
0.0002070401416
0.0002015503778
0.0002024137592
0.0002036354399
0.0002051162148
0.000206738098
0.0002083652467
0.0002098459485
0.0002110145783
0.0002116932816
0.0002062344747
0.0002070936374
0.0002083093481
0.0002097828883
0.0002113968537
0.0002130160734
0.0002144895844
0.0002156525707
0.000216328025
0.0002109006295
0.000211755454
0.0002129650267
0.0002144311298
0.000216036957
0.0002176480275
0.0002191141468
0.0002202713299
0.0002209434409
0.0002155478369
0.000216398218
0.0002176015046
0.0002190599922
0.000220657487
0.0002222602138
0.0002237187643
0.0002248700032
0.0002255386872
0.0002201751865
0.0002210210322
0.0002222179032
0.0002236686193
0.0002252576115
0.0002268518245
0.000228302651
0.0002294478218
0.0002301130054
0.000224781857
0.0002256230876
0.0002268134306
0.0002282562399
0.0002298365821
0.0002314221335
0.000232865101
0.0002340040958
0.0002346657149
0.000229367111
0.0002302036579
0.0002313873766
0.0002328221628
0.0002343937283
0.0002359704912
0.0002374054835
0.0002385382095
0.0002391962087
0.0002339302889
0.0002347620941
0.0002359391067
0.0002373657715
0.0002389284529
0.0002404963195
0.000241923238
0.000243049616
0.0002437039481
0.0002384708043
0.0002392978195
0.000240468058
0.0002418865193
0.000243440227
0.0002449991074
0.0002464178696
0.0002475378334
0.0002481884584
0.0002429881393
0.0002438103249
0.0002449737338
0.0002463839245
0.0002479285854
0.0002494784061
0.0002508889446
0.0002520024395
0.0002526493245
0.0002474818391
0.0002482991639
0.0002494556991
0.0002508575663
0.0002523931224
0.0002539338251
0.0002553360859
0.0002564430684
0.000257086187
0.0002519515083
0.0002527639486
0.0002539135768
0.0002553070801
0.0002568334874
0.0002583650277
0.0002597589698
0.0002608594062
0.0002614987377
0.0002563968063
0.0002572043453
0.0002583470428
0.0002597321538
0.0002612493812
0.0002627717275
0.0002641573213
0.0002652511873
0.0002658867166
0.0002608174433
0.0002616200706
0.0002627558228
0.0002641325238
0.0002656405519
0.0002671536844
0.0002685309113
0.0002696181911
0.0002702499078
0.000265213177
0.0002660108879
0.0002671396882
0.0002685079715
0.0002700067916
0.0002715107013
0.0002728795524
0.0002739602379
0.0002745881366
0.0002695838085
0.0002703766036
0.0002714984532
0.0002728583199
0.0002743479332
0.0002758426211
0.0002772030964
0.0002782771868
0.0002789012659
0.0002739291794
0.0002747170643
0.0002758319709
0.0002771834304
0.0002786638473
0.000280149323
0.0002815014309
0.0002825689317
0.0002831891937
0.0002782491687
0.0002790321532
0.0002801401308
0.0002814832002
0.0002829544389
0.0002844307206
0.0002857744767
0.0002868353995
0.0002874518503
0.0002825436892
0.0002833217873
0.0002844228555
0.0002857575585
0.0002872196449
0.000288686758
0.0002900221849
0.0002910765468
0.0002916891955
0.0002868126854
0.0002875859145
0.0002886800982
0.0002900064648
0.0002914594314
0.0002929174083
0.0002942445348
0.0002952923575
0.0002959012162
0.0002910561306
0.0002918245117
0.0002929118402
0.0002942299059
0.0002956737915
0.0002971226706
0.000298441531
0.0002994828409
0.0003000879241
0.0002952740246
0.0002960375813
0.0002971180883
0.0002984278937
0.0002998627425
0.0003013025678
0.0003026132015
0.000303648029
0.0003042493539
0.0002994663913
0.0003002251502
0.000301298873
0.0003026004633
0.0003040263245
0.0003054571448
0.0003067595958
0.0003077879749
0.0003083855606
0.0003036332769
0.0003043872667
0.000305454246
0.0003067476703
0.0003081645976
0.0003095864664
0.0003108807827
0.0003119027507
0.0003124966183
0.0003077747473
0.000308523999
0.0003095842786
0.0003108695898
0.0003122776407
0.0003136906154
0.0003149768487
0.0003159924457
0.000316582618
0.000311890887
0.0003126354334
0.0003136890596
0.0003149663137
0.0003163655493
0.0003177696908
0.000319047896
0.0003200571648
0.0003206436662
0.0003159817967
0.0003167216723
0.0003177686938
0.0003190379496
0.0003204284342
0.0003218238064
0.0003230940412
0.0003240970268
0.0003246798829
0.000320047592
0.0003207828327
0.0003218233002
0.0003230846191
0.0003244664195
0.0003258530891
0.0003271154137
0.0003281121631
0.0003286914009
0.0003240884017
0.0003248190447
0.0003258530107
0.0003271064562
0.0003284796415
0.0003298576776
0.0003311121543
0.0003321027161
0.0003326783634
0.0003281043665
0.00032883045
0.0003298579685
0.0003311036057
0.000332468247
0.0003338377206
0.0003350844135
0.0003360688378
0.0003366409234
0.0003320956375
0.0003328172005
0.0003338383266
0.0003350762221
0.0003364323923
0.0003377933758
0.0003390323505
0.0003400106885
0.0003405792417
0.0003360623745
0.0003367794568
0.0003377942466
0.0003390244683
0.0003403722412
0.0003417248084
0.0003429561314
0.0003439284354
0.0003444934862
0.0003400047451
0.0003407173869
0.0003417258973
0.0003429485137
0.0003442879641
0.0003456321895
0.0003468559283
0.000347822251
0.0003483838296
0.0003439229231
0.0003446311649
0.000345633453
0.0003468485332
0.0003481797363
0.0003495156951
0.0003507319175
0.0003516923117
0.0003522504487
0.0003478170869
0.0003485209694
0.0003495170925
0.0003507247056
0.0003520477368
0.0003533755039
0.0003545842775
0.0003555387963
0.0003560935221
0.0003516874183
0.0003523869819
0.000353376997
0.0003545772118
0.0003558921457
0.0003572117957
0.0003584131878
0.0003593618838
0.0003599132285
0.0003555341001
0.0003562293848
0.0003572133483
0.0003584062327
0.0003597131434
0.0003610247496
0.0003622188263
0.000363161751
0.0003637097443
0.0003593573149
0.0003600483599
0.0003610263269
0.0003622119474
0.0003635109069
0.0003648145409
0.0003660013666
0.0003669385703
0.0003674832408
0.0003631572417
0.0003638440851
0.0003648161092
0.0003659945299
0.0003672856078
0.0003685813386
0.0003697609751
0.0003706925056
0.0003712338809
0.0003669340536
0.0003676167318
0.0003685828641
0.0003697541462
0.0003710374085
0.000372325301
0.0003734978063
0.0003744237086
0.0003749618142
0.000370687914
0.000371366461
0.0003723267491
0.0003734909495
0.0003747664571
0.0003760465712
0.0003772119982
0.000378132313
0.000378667172
0.0003744189714
0.0003750934182
0.0003760479051
0.0003772050748
0.0003784728821
0.0003797452704
0.0003809036654
0.0003818184278
0.0003823500598
0.0003781273541
0.0003787977274
0.0003797464501
0.0003808966323
0.0003821567847
0.0003834214905
0.0003845728906
0.0003854821282
0.0003860105484
0.0003818131619
0.000382479483
0.0003834224704
0.0003845656983
0.0003858182294
0.0003870752835
0.0003882197141
0.0003891234446
0.000389648662
0.0003854764572
0.00038613874
0.0003870760104
0.0003882123036
0.0003894572318
0.0003907066489
0.0003918441195
0.0003927423478
0.0003932643639
0.0003891172519
0.000389775501
0.0003907070589
0.0003918364198
0.0003930737434
0.0003943155171
0.0003954460175
0.0003963387318
0.0003968575378
0.0003927354927
0.0003933897006
0.0003943155327
0.0003954379413
0.000396667633
0.0003979017297
0.0003990252235
0.0003999123906
0.000400427965
0.0003963310419
0.0003969811852
0.0003979012557
0.0003990166632
0.0004002386628
0.0004014650144
0.0004025814321
0.0004034629914
0.0004039752959
0.000399903654
0.0004005496896
0.0004014639334
0.0004025722546
0.00040378646
0.0004050049544
0.0004061141845
0.0004069900409
0.0004074990165
0.0004034529473
0.0004040948069
0.0004050031225
0.0004061042262
0.0004073104828
0.0004085209525
0.0004096228309
0.0004104928457
0.0004109984074
0.0004069783702
0.0004076159542
0.0004085181944
0.0004096118918
0.0004108099795
0.0004120121883
0.0004131064855
0.0004139704663
0.0004144724964
0.0004104791617
0.0004111123314
0.0004120082924
0.0004130943241
0.0004142839418
0.0004154775689
0.0004165639748
0.000417421663
0.0004179200043
0.0004139543053
0.0004145828745
0.0004154722834
0.0004165503033
0.0004177310516
0.000418915673
0.0004199937799
0.0004208448369
0.0004213392841
0.0004174024773
0.0004180262023
0.000418908703
0.0004199782607
0.0004211496213
0.0004223246896
0.0004233939728
0.000424237964
0.0004247282545
0.0004208219904
0.0004214405587
0.0004223156955
0.0004233762164
0.0004245375307
0.0004257023518
0.0004267621481
0.0004275985263
0.00042808433
0.0004242107314
0.0004248237499
0.0004256909505
0.0004267417147
0.0004278921595
0.0004290458685
0.000430095354
0.0004309234406
0.0004314043492
0.0004275660985
0.0004281730805
0.0004290316377
0.0004300717576
0.0004312103204
0.0004323518565
0.0004333900233
0.0004342089904
0.0004346845066
0.0004308849371
0.0004314852895
0.0004323343428
0.0004333627407
0.0004344881951
0.0004356162769
0.0004366419104
0.0004374507628
0.0004379202903
0.0004341634796
0.0004347564903
0.0004355950085
0.0004366103954
0.0004377212783
0.0004388343807
0.0004398460394
0.0004406435986
0.0004411064324
0.0004373972928
0.0004379821199
0.0004388088849
0.0004398097417
0.0004409043335
0.0004420006688
0.0004429966673
0.0004437815591
0.000444236879
0.0004405812367
0.0004411568995
0.0004419704954
0.0004429550596
0.0004440313691
0.0004451088735
0.0004460872719
0.0004468579185
0.0004473047852
0.0004437094425
0.000444274816
0.0004450736214
0.0004460398797
0.0004470956391
0.0004481519682
0.0004491105687
0.0004498651882
0.0004503025432
0.0004467753136
0.0004473291282
0.0004481113164
0.0004490570062
0.0004500896743
0.0004511222096
0.0004520585658
0.0004527951798
0.0004532218512
0.0004497715573
0.000450312404
0.0004510759522
0.0004519985744
0.0004530053535
0.0004540112222
0.0004549226591
0.0004556391121
0.0004560538265
0.0004526902512
0.0004532165947
0.000453959303
0.0004548561485
0.000455834016
0.0004568101264
0.0004576937769
0.0004583877672
0.0004587891691
0.0004555229503
0.0004560331494
0.0004567526732
0.0004576208634
0.0004585666208
0.0004595097156
0.0004603625725
0.0004610316961
0.0004614183755
0.000458260836
0.0004587531744
0.000459447068
0.0004602836124
0.0004611939517
0.0004621006791
0.0004629196643
0.0004635614731
0.0004639320001
0.0004608949093
0.0004613676347
0.0004620334093
0.000462835278
0.000463706866
0.000464573869
0.0004653559188
0.0004659679909
0.0004663209584
0.0004634162247
0.0004638675965
0.00046450279
0.0004652670019
0.0004660965802
0.0004669206012
0.0004676627657
0.0004682427868
0.0004685768594
0.0004658161582
0.0004662445033
0.0004668467606
0.0004675704831
0.0004683549811
0.0004691329789
0.0004698325316
0.0004703783839
0.0004706923502
0.000468086701
0.0004684904746
0.000469057635
0.0004697382918
0.0004704749471
0.0004712042204
0.0004718587727
0.0004723686266
0.0004726614535
0.0004702207643
0.0004705986132
0.0004711288002
0.0004717641817
0.0004724506621
0.0004731289724
0.000473736586
0.0004742089891
0.000474479873
0.0004722124789
0.0004725633031
0.0004730550124
0.0004736433814
0.0004742778997
0.0004749035853
0.0004754628748
0.0004758968314
0.0004761452441
0.0004740574697
0.0004743804795
0.0004748326577
0.0004753728427
0.0004759542564
0.0004765263295
0.0004770365467
0.0004774315814
0.000477657305
0.0004757530878
0.0004760478501
0.0004764599583
0.0004769514281
0.0004774793155
0.0004779975324
0.0004784586247
0.0004788148241
0.000479017973
0.0004772985784
0.0004775650493
0.0004779371071
0.0004783800175
0.0004788547231
0.0004793196217
0.0004797322586
0.0004800502859
0.0004802313121
0.0004786951716
0.0004789337124
0.0004792663154
0.0004796615256
0.0004800841687
0.0004804970677
0.0004808626306
0.0004811437109
0.000481303392
0.0004799460849
0.0004801574577
0.0004804517681
0.0004808008213
0.0004811732659
0.0004815362244
0.0004818567604
0.0004821026366
0.0004822420464
0.0004810564322
0.0004812417767
0.0004814994851
0.0004818045554
0.0004821293425
0.0004824450814
0.0004827232221
0.0004829360839
0.0004830565478
0.0004820330462
0.0004821938367
0.0004824170978
0.0004826809055
0.0004829611517
0.0004832329433
0.000483471796
0.0004836541878
0.0004837572264
0.0004828842219
0.0004830222092
0.0004832135562
0.0004834392582
0.0004836785291
0.0004839100626
0.0004841130819
0.0004842677975
0.0004843550638
0.000483619402
0.000483736544
0.0004838987871
0.0004840898512
0.0004842920194
0.0004844872545
0.0004846581059
0.000484788079
0.0004848612939
0.0004842488256
0.0004843472116
0.0004844833306
0.0004846434033
0.0004848125022
0.0004849755223
0.000485117949
0.000485226149
0.0004852870421
0.0004847831662
0.0004848649411
0.0004849779784
0.000485110756
0.0004852508413
0.0004853857173
0.0004855034213
0.0004855927655
0.0004856430301
0.0004852331833
0.0004853004765
0.000485393438
0.0004855025502
0.0004856175763
0.0004857282499
0.0004858247953
0.0004858980835
0.0004859393751
0.0004856094096
0.0004856642733
0.0004857400433
0.0004858289531
0.0004859226699
0.0004860128544
0.0004860915952
0.0004861514147
0.0004861851162
0.0004859218924
0.000485966251
0.0004860275246
0.0004860994481
0.0004861753219
0.00048624839
0.0004863121894
0.0004863606756
0.0004863880142
0.0004861800007
0.000486215612
0.0004862648539
0.0004863226842
0.0004863836963
0.0004864424672
0.0004864938191
0.0004865328791
0.0004865549396
0.0004863923091
0.0004864207065
0.0004864599689
0.0004865061018
0.0004865548143
0.0004866017865
0.0004866429093
0.000486674262
0.0004866920065
0.000486566122
0.0004865885794
0.0004866196521
0.0004866562011
0.0004866948767
0.0004867322637
0.0004867650762
0.0004867901677
0.0004868044127
0.0004867078049
0.0004867254366
0.0004867498864
0.0004867787153
0.000486809297
0.0004868389556
0.0004868650799
0.000486885136
0.0004868965681
0.0004868229339
0.0004868367273
0.0004868558851
0.0004868785403
0.0004869026593
0.0004869261502
0.0004869469397
0.0004869629792
0.0004869721666
0.0004869163298
0.0004869270806
0.0004869420516
0.0004869598225
0.0004869788299
0.0004869974414
0.0004870140079
0.0004870268649
0.0004870342714
0.0004869920318
0.0004870003983
0.0004870120892
0.0004870260319
0.0004870410297
0.0004870558091
0.0004870690534
0.0004870794014
0.0004870854002
0.0004870534142
0.0004870599305
0.0004870690741
0.0004870800401
0.0004870919144
0.0004871037013
0.0004871143436
0.0004871227195
0.0004871276076
0.0004871032617
0.0004871083541
0.0004871155343
0.0004871242005
0.0004871336542
0.0004871431132
0.0004871517221
0.0004871585493
0.0004871625606
0.0004871438489
0.0004871478525
0.000487153528
0.0004871604254
0.000487168009
0.0004871756597
0.0004871826794
0.0004871882881
0.000487191605
0.0004871770164
0.0004871801913
0.0004871847174
0.0004871902572
0.0004871963968
0.000487202641
0.000487208415
0.0004872130605
0.0004872158241
0.0004872042421
0.0004872067874
0.000487210436
0.0004872149328
0.000487219954
0.0004872250995
0.0004872298908
0.0004872337693
0.0004872360883
0.0004872267045
0.0004872287704
0.000487231747
0.0004872354386
0.0004872395884
0.0004872438686
0.0004872478775
0.000487251139
0.0004872530967
0.0004872453382
0.0004872470367
0.0004872494948
0.0004872525593
0.000487256023
0.000487259614
0.0004872629926
0.0004872657515
0.0004872674123
0.0004872608809
0.0004872622948
0.0004872643478
0.0004872669175
0.0004872698337
0.0004872728682
0.0004872757321
0.0004872780764
0.0004872794902
0.0004872739139
0.0004872751036
0.000487276835
0.0004872790079
0.0004872814801
0.0004872840585
0.0004872864966
0.0004872884953
0.0004872897019
0.0004872848946
0.0004872859042
0.0004872873753
0.0004872892241
0.0004872913305
0.00048729353
0.0004872956122
0.0004872973214
0.0004872983557
0.0004872941838
0.0004872950456
0.0004872963019
0.0004872978814
0.0004872996819
0.0004873015633
0.0004873033465
0.0004873048145
0.0004873057051
0.0004873020677
0.0004873028057
0.0004873038814
0.0004873052338
0.0004873067755
0.0004873083877
0.000487309919
0.0004873111783
0.0004873119389
0.0004873087752
0.0004873094078
0.0004873103296
0.0004873114882
0.0004873128095
0.0004873141932
0.0004873155029
0.0004873165744
0.0004873172194
0.0004873144916
0.0004873150337
0.0004873158233
0.0004873168156
0.0004873179488
0.0004873191281
0.0004873202382
0.0004873211433
0.000487321687
0.0004873193701
0.0004873198341
0.0004873205112
0.0004873213592
0.0004873223197
0.0004873233144
0.0004873242475
0.0004873250069
0.0004873254629
0.0004873235412
0.0004873239365
0.0004873245093
0.000487325223
0.0004873260277
0.0004873268588
0.0004873276373
0.0004873282708
0.0004873286518
0.0004873270999
0.00048732743
0.0004873279069
0.0004873284994
0.0004873291663
0.0004873298546
0.0004873304997
0.0004873310259
0.0004873313434
0.0004873301225
0.0004873303935
0.0004873307846
0.0004873312704
0.0004873318173
0.0004873323827
0.0004873329142
0.0004873333492
0.0004873336126
0.0004873326797
0.0004873328987
0.0004873332148
0.0004873336082
0.0004873340523
0.0004873345131
0.0004873349482
0.0004873353057
0.0004873355232
0.0004873348356
0.0004873350096
0.0004873352615
0.0004873355761
0.0004873359332
0.0004873363057
0.0004873366592
0.0004873369514
0.0004873371302
0.0004873366473
0.0004873367832
0.0004873369809
0.0004873372296
0.0004873375135
0.0004873378116
0.0004873380967
0.0004873383342
0.0004873384809
0.0004873381658
0.0004873382701
0.0004873384227
0.000487338616
0.0004873388386
0.0004873390747
0.000487339303
0.0004873394953
0.0004873396153
0.0004873394356
0.0004873395135
0.0004873396284
0.0004873397757
0.0004873399478
0.0004873401329
0.0004873403146
0.0004873404698
0.0004873405677
0.000487340494
0.0004873405501
0.0004873406342
0.000487340744
0.0004873408749
0.0004873410188
0.0004873411626
0.0004873412875
0.0004873413674
0.0004873413734
0.0004873414121
0.0004873414715
0.0004873415513
0.0004873416493
0.0004873417599
0.0004873418732
0.0004873419736
0.0004873420388
0.0004873421024
0.0004873421273
0.0004873421673
0.0004873422236
0.0004873422957
0.00048734238
0.0004873424689
0.0004873425495
0.0004873426027
0.0004873427055
0.0004873427199
0.0004873427451
0.0004873427832
0.0004873428351
0.0004873428988
0.0004873429684
0.0004873430331
0.0004873430767
0.0004873432038
0.0004873432105
0.0004873432245
0.0004873432489
0.0004873432854
0.0004873433332
0.0004873433875
0.0004873434395
0.0004873434753
0.0004873436154
0.0004873436165
0.0004873436224
0.0004873436367
0.0004873436616
0.000487343697
0.0004873437395
0.0004873437815
0.0004873438109
0.0004873439554
0.0004873439526
0.0004873439528
0.0004873439597
0.0004873439761
0.0004873440022
0.0004873440354
0.0004873440694
0.0004873440937
0.0004873442364
0.0004873442311
0.0004873442274
0.0004873442292
0.0004873442393
0.0004873442585
0.0004873442846
0.0004873443123
0.0004873443325
0.000487344469
0.0004873444621
0.000487344456
0.0004873444543
0.00048734446
0.000487344474
0.0004873444947
0.0004873445174
0.0004873445343
0.0004873446618
0.0004873446541
0.0004873446466
0.0004873446428
0.0004873446454
0.0004873446557
0.0004873446722
0.0004873446909
0.0004873447051
0.0004873448219
0.000487344814
0.0004873448059
0.0004873448008
0.0004873448015
0.000487344809
0.0004873448224
0.000487344838
0.0004873448501
0.0004873449553
0.0004873449476
0.0004873449393
0.0004873449337
0.0004873449332
0.0004873449389
0.0004873449498
0.000487344963
0.0004873449733
0.0004873450668
0.0004873450594
0.0004873450515
0.0004873450458
0.0004873450447
0.000487345049
0.0004873450581
0.0004873450694
0.0004873450782
0.0004873451602
0.0004873451534
0.000487345146
0.0004873451406
0.0004873451392
0.0004873451427
0.0004873451504
0.0004873451601
0.0004873451678
0.0004873452389
0.0004873452327
0.000487345226
0.0004873452211
0.0004873452196
0.0004873452225
0.0004873452292
0.0004873452377
0.0004873452444
0.0004873453054
0.0004873452999
0.000487345294
0.0004873452896
0.0004873452883
0.0004873452909
0.0004873452968
0.0004873453042
0.0004873453101
0.0004873453618
0.0004873453571
0.0004873453519
0.0004873453481
0.0004873453471
0.0004873453495
0.0004873453547
0.0004873453613
0.0004873453665
0.00048734541
0.0004873454059
0.0004873454015
0.0004873453983
0.0004873453976
0.0004873453999
0.0004873454047
0.0004873454106
0.0004873454152
0.0004873454512
0.0004873454478
0.0004873454441
0.0004873454416
0.0004873454412
0.0004873454434
0.0004873454478
0.0004873454531
0.0004873454572
0.0004873454868
0.0004873454839
0.0004873454809
0.0004873454789
0.0004873454788
0.000487345481
0.0004873454851
0.0004873454899
0.0004873454936
0.0004873455176
0.0004873455152
0.0004873455128
0.0004873455113
0.0004873455115
0.0004873455137
0.0004873455174
0.0004873455218
0.0004873455252
0.0004873455443
0.0004873455424
0.0004873455405
0.0004873455394
0.0004873455399
0.0004873455421
0.0004873455456
0.0004873455496
0.0004873455527
0.0004873455676
0.0004873455661
0.0004873455647
0.000487345564
0.0004873455647
0.0004873455669
0.0004873455702
0.0004873455739
0.0004873455767
0.0004873455881
0.000487345587
0.0004873455859
0.0004873455856
0.0004873455865
0.0004873455886
0.0004873455917
0.0004873455951
0.0004873455976
0.0004873456062
0.0004873456053
0.0004873456046
0.0004873456045
0.0004873456055
0.0004873456077
0.0004873456106
0.0004873456138
0.000487345616
0.0004873456221
0.0004873456215
0.000487345621
0.0004873456212
0.0004873456223
0.0004873456244
0.0004873456272
0.0004873456302
0.0004873456322
0.0004873456362
0.0004873456358
0.0004873456356
0.000487345636
0.0004873456372
0.0004873456393
0.0004873456419
0.0004873456446
0.0004873456465
0.0004873456488
0.0004873456485
0.0004873456485
0.0004873456491
0.0004873456504
0.0004873456524
0.0004873456549
0.0004873456574
0.0004873456591
0.00048734566
0.0004873456599
0.0004873456601
0.0004873456607
0.000487345662
0.000487345664
0.0004873456664
0.0004873456687
0.0004873456703
0.00048734567
0.0004873456701
0.0004873456703
0.0004873456711
0.0004873456724
0.0004873456744
0.0004873456766
0.0004873456788
0.0004873456803
0.000487345679
0.0004873456792
0.0004873456796
0.0004873456804
0.0004873456817
0.0004873456836
0.0004873456857
0.0004873456878
0.0004873456891
0.0004873456872
0.0004873456874
0.0004873456878
0.0004873456887
0.0004873456901
0.0004873456919
0.0004873456939
0.0004873456958
0.0004873456971
0.0004873456945
0.0004873456947
0.0004873456953
0.0004873456962
0.0004873456975
0.0004873456993
0.0004873457012
0.000487345703
0.0004873457042
0.0004873457011
0.0004873457014
0.000487345702
0.0004873457029
0.0004873457043
0.0004873457059
0.0004873457078
0.0004873457095
0.0004873457106
0.0004873457071
0.0004873457074
0.0004873457081
0.000487345709
0.0004873457103
0.000487345712
0.0004873457137
0.0004873457153
0.0004873457163
0.0004873457126
0.0004873457129
0.0004873457136
0.0004873457145
0.0004873457158
0.0004873457174
0.000487345719
0.0004873457205
0.0004873457214
0.0004873457175
0.0004873457179
0.0004873457186
0.0004873457196
0.0004873457208
0.0004873457223
0.0004873457238
0.0004873457252
0.0004873457261
0.0004873457221
0.0004873457225
0.0004873457231
0.0004873457241
0.0004873457253
0.0004873457268
0.0004873457282
0.0004873457295
0.0004873457303
0.0004873457262
0.0004873457266
0.0004873457273
0.0004873457283
0.0004873457294
0.0004873457308
0.0004873457321
0.0004873457333
0.0004873457341
0.00048734573
0.0004873457304
0.0004873457311
0.000487345732
0.0004873457332
0.0004873457344
0.0004873457357
0.0004873457368
0.0004873457375
0.0004873457335
0.0004873457339
0.0004873457346
0.0004873457355
0.0004873457366
0.0004873457377
0.0004873457389
0.0004873457399
0.0004873457405
0.0004873457367
0.0004873457371
0.0004873457378
0.0004873457386
0.0004873457396
0.0004873457407
0.0004873457418
0.0004873457427
0.0004873457433
0.0004873457397
0.0004873457401
0.0004873457407
0.0004873457415
0.0004873457424
0.0004873457434
0.0004873457444
0.0004873457452
0.0004873457458
0.0004873457423
0.0004873457427
0.0004873457433
0.000487345744
0.0004873457449
0.0004873457458
0.0004873457467
0.0004873457475
0.0004873457479
0.0004873457447
0.0004873457451
0.0004873457456
0.0004873457463
0.0004873457471
0.0004873457479
0.0004873457487
0.0004873457493
0.0004873457497
0.0004873457468
0.0004873457471
0.0004873457476
0.0004873457482
0.0004873457488
0.0004873457495
0.0004873457502
0.0004873457507
0.0004873457511
0.0004873457482
0.0004873457485
0.0004873457489
0.0004873457494
0.00048734575
0.0004873457506
0.0004873457512
0.0004873457516
0.0004873457518
1.144197493e-22
4.285145793e-22
9.559210092e-22
1.811391082e-21
3.197259277e-21
5.463401555e-21
9.217568243e-21
1.551028823e-20
2.615969359e-20
4.431223329e-20
7.541650255e-20
1.289116415e-19
2.211565643e-19
3.805130308e-19
6.56166704e-19
1.133438484e-18
1.960361799e-18
3.393818988e-18
5.879627768e-18
1.019155011e-17
1.767253406e-17
3.065324309e-17
5.3177774e-17
9.226138922e-17
1.600680402e-16
2.776755404e-16
4.815759261e-16
8.348755881e-16
1.446547298e-15
2.504428844e-15
4.331597843e-15
7.482320111e-15
1.290466014e-14
2.221477251e-14
3.815718455e-14
6.537283167e-14
1.116727815e-13
1.901366683e-13
3.225452823e-13
5.449527725e-13
9.166583792e-13
1.534526181e-12
2.555630468e-12
4.232721424e-12
6.969212459e-12
1.140355989e-11
1.853740626e-11
2.992818501e-11
4.797569769e-11
7.634434367e-11
1.205792905e-10
1.889969497e-10
2.939532736e-10
4.536338651e-10
6.945732722e-10
1.055146562e-09
1.590364754e-09
2.378395396e-09
3.5293373e-09
5.196892975e-09
7.593678062e-09
1.101094094e-08
1.584341539e-08
2.261999294e-08
3.204109133e-08
4.502389665e-08
6.275636885e-08
8.675988534e-08
1.189595108e-07
1.61760282e-07
2.181270066e-07
2.916639562e-07
3.866895264e-07
5.082996116e-07
6.624124158e-07
8.55786801e-07
1.096006408e-06
1.391422928e-06
1.751054237e-06
2.184436688e-06
2.701435308e-06
3.312020574e-06
4.026024896e-06
4.852895168e-06
5.801458935e-06
6.879720553e-06
8.094700402e-06
9.452325221e-06
1.095736646e-05
1.261344769e-05
1.442308378e-05
1.638776223e-05
1.850790472e-05
2.078278884e-05
2.321081259e-05
2.578959817e-05
2.851608753e-05
3.138663089e-05
3.439706834e-05
3.754280543e-05
4.081888297e-05
4.422004188e-05
4.774078334e-05
5.13754245e-05
5.511815011e-05
5.896305991e-05
6.2904212e-05
6.693566205e-05
7.105149859e-05
7.524587431e-05
7.951303356e-05
8.384733623e-05
8.824327813e-05
9.269550824e-05
9.719884286e-05
0.0001017482771
0.0001063389937
0.0001109663699
0.0001156259819
0.0001203136077
0.0001250252281
0.0001297570268
0.0001345053885
0.0001392668964
0.0001440383289
0.000148816655
0.0001535990293
0.0001583827869
0.000163165437
0.0001679446565
0.0001727182842
0.0001774843133
0.000182240885
0.0001869862815
0.0001917189193
0.0001964373422
0.0002011402148
0.0002058263158
0.0002104945316
0.00021514385
0.0002197733546
0.0002243822181
0.0002289696976
0.0002335351288
0.0002380779205
0.0002425975506
0.0002470935604
0.000251565551
0.0002560131783
0.0002604361497
0.0002648342199
0.0002692071877
0.0002735548922
0.0002778772104
0.0002821740533
0.0002864453635
0.0002906911128
0.0002949112997
0.0002991059467
0.0003032750988
0.000307418821
0.0003115371969
0.0003156303264
0.0003196983244
0.0003237413192
0.000327759451
0.0003317528702
0.0003357217366
0.0003396662175
0.0003435864864
0.000347482722
0.0003513551057
0.000355203821
0.0003590290503
0.0003628309737
0.0003666097648
0.000370365588
0.0003740985934
0.0003778089112
0.0003814966439
0.0003851618571
0.0003888045671
0.0003924247265
0.0003960222047
0.0003995967654
0.0004031480389
0.0004066754882
0.0004101783705
0.0004136556914
0.0004171061546
0.0004205281045
0.0004239194661
0.0004272776816
0.0004305996461
0.0004338816482
0.0004371193159
0.0004403075747
0.0004434406241
0.0004465119361
0.0004495142843
0.000452439807
0.0004552801098
0.0004580264113
0.0004606697311
0.0004632011197
0.0004656119236
0.0004678940753
0.0004700403978
0.0004720449038
0.0004739030736
0.0004756120908
0.0004771710169
0.0004785808905
0.0004798447382
0.000480967494
0.0004819558295
0.0004828179058
0.0004835630644
0.0004842014788
0.0004847437929
0.0004852007707
0.0004855829791
0.0004859005244
0.0004861628539
0.0004863786372
0.0004865553138
0.0004866993236
0.0004868163091
0.0004869111746
0.0004869880279
0.0004870503033
0.0004871008375
0.000487141949
0.0004871755148
0.0004872030423
0.0004872257338
0.0004872445422
0.0004872602198
0.0004872733584
0.0004872844235
0.0004872937818
0.0004873017234
0.00048730848
0.0004873142386
0.0004873191536
0.0004873233562
0.000487326945
0.0004873299953
0.000487332577
0.0004873347541
0.0004873365839
0.0004873381173
0.0004873393996
0.0004873404682
0.000487341356
0.0004873420914
0.0004873426995
0.0004873432015
0.0004873436158
0.0004873439576
0.0004873442397
0.000487344473
0.0004873446661
0.0004873448263
0.0004873449595
0.0004873450707
0.0004873451639
0.0004873452422
0.0004873453083
0.0004873453644
0.0004873454122
0.0004873454531
0.0004873454884
0.0004873455189
0.0004873455454
0.0004873455685
0.0004873455888
0.0004873456067
0.0004873456225
0.0004873456365
0.000487345649
0.0004873456601
0.0004873456701
0.000487345679
0.0004873456871
0.0004873456944
0.000487345701
0.000487345707
0.0004873457124
0.0004873457174
0.0004873457219
0.000487345726
0.0004873457298
0.0004873457333
0.0004873457365
0.0004873457395
0.0004873457422
0.0004873457446
0.0004873457466
0.000487345748
)
;

boundaryField
{
    outlet
    {
        type            inletOutlet;
        inletValue      uniform 0;
        value           nonuniform List<scalar> 10(0.0004873457482 0.0004873457485 0.0004873457489 0.0004873457494 0.00048734575 0.0004873457506 0.0004873457512 0.0004873457516 0.0004873457518 0.000487345748);
    }
    inlet
    {
        type            fixedValue;
        value           uniform 0;
    }
    front
    {
        type            wedge;
    }
    wall
    {
        type            zeroGradient;
    }
    back
    {
        type            wedge;
    }
}


// ************************************************************************* //
