/*--------------------------------*- C++ -*----------------------------------*\
| =========                 |                                                 |
| \\      /  F ield         | OpenFOAM: The Open Source CFD Toolbox           |
|  \\    /   O peration     | Version:  2212                                  |
|   \\  /    A nd           | Website:  www.openfoam.com                      |
|    \\/     M anipulation  |                                                 |
\*---------------------------------------------------------------------------*/
FoamFile
{
    version     2.0;
    format      ascii;
    arch        "LSB;label=32;scalar=64";
    class       volScalarField;
    location    "20.00000000";
    object      CH3CO;
}
// * * * * * * * * * * * * * * * * * * * * * * * * * * * * * * * * * * * * * //

dimensions      [0 0 0 0 0 0 0];

internalField   nonuniform List<scalar> 
3000
(
7.417480226e-45
9.440275922e-45
1.29586803e-44
1.854463165e-44
2.696502679e-44
3.907896377e-44
5.548742844e-44
7.552471678e-44
9.447305464e-44
7.698948442e-44
9.876739579e-44
1.369231001e-43
1.981912784e-43
2.922337503e-43
4.317728032e-43
6.311405773e-43
8.970552995e-43
1.181058442e-42
3.681840926e-43
4.804963794e-43
6.814586378e-43
1.014081645e-42
1.545083342e-42
2.369938611e-42
3.60096581e-42
5.281803118e-42
7.00525773e-42
1.32531435e-42
1.76869136e-42
2.584609107e-42
3.985748969e-42
6.31742063e-42
1.00836411e-41
1.585084229e-41
2.368212241e-41
3.125493436e-41
4.195029997e-42
5.7435947e-42
8.680366888e-42
1.390765468e-41
2.292183121e-41
3.788941725e-41
6.102222364e-41
9.177367017e-41
1.199836704e-40
1.250703662e-41
1.757923297e-41
2.747620217e-41
4.565324709e-41
7.788476015e-41
1.323452052e-40
2.165220982e-40
3.259430235e-40
4.222702937e-40
3.6403364e-41
5.246231418e-41
8.458117402e-41
1.45088972e-40
2.545804254e-40
4.414194967e-40
7.289840993e-40
1.095606889e-39
1.407919495e-39
1.053302657e-40
1.552230501e-40
2.570543895e-40
4.526880801e-40
8.1175829e-40
1.427685431e-39
2.370564438e-39
3.554508399e-39
4.539425364e-39
3.056504874e-40
4.590524304e-40
7.77158057e-40
1.397240656e-39
2.546317738e-39
4.522093985e-39
7.530955575e-39
1.126600996e-38
1.432057054e-38
8.9258135e-40
1.361404192e-39
2.345373659e-39
4.283685603e-39
7.898394695e-39
1.411890858e-38
2.354942714e-38
3.515619801e-38
4.452924615e-38
2.624895745e-39
4.052562552e-39
7.075767295e-39
1.307554037e-38
2.431011498e-38
4.364357591e-38
7.284503988e-38
1.085562577e-37
1.371222959e-37
7.768375676e-39
1.210591303e-38
2.135052037e-38
3.979202664e-38
7.441237242e-38
1.339648221e-37
2.23642356e-37
3.327830222e-37
4.194497119e-37
2.311060293e-38
3.626812328e-38
6.444029835e-38
1.208375191e-37
2.268752073e-37
4.091586919e-37
6.829755739e-37
1.014991339e-36
1.277144396e-36
6.903106636e-38
1.088973108e-37
1.945342894e-37
3.663737401e-37
6.897375898e-37
1.245185413e-36
2.07782869e-36
3.084551641e-36
3.876006659e-36
2.068145925e-37
3.275009376e-37
5.873370796e-37
1.109539083e-36
2.092608122e-36
3.779894065e-36
6.304798731e-36
9.350656721e-36
1.173793923e-35
6.209469073e-37
9.860450922e-37
1.773351041e-36
3.357317411e-36
6.339949312e-36
1.145613901e-35
1.910215196e-35
2.830858837e-35
3.550967156e-35
1.867123986e-36
2.970922316e-36
5.353820782e-36
1.015149112e-35
1.918759933e-35
3.468356838e-35
5.782544072e-35
8.563364745e-35
1.073674354e-34
5.619648245e-36
8.954541752e-36
1.615876423e-35
3.066801436e-35
5.798966159e-35
1.048090053e-34
1.746462946e-34
2.584395287e-34
3.239750741e-34
1.692359585e-35
2.699274e-35
4.8752013e-35
9.257545096e-35
1.750624892e-34
3.162985998e-34
5.267545819e-34
7.792260264e-34
9.768071823e-34
5.097881768e-35
8.136060002e-35
1.470204193e-34
2.792305211e-34
5.279372999e-34
9.533867323e-34
1.586659111e-33
2.345952548e-33
2.943272787e-33
1.535605573e-34
2.451613115e-34
4.430926625e-34
8.414503967e-34
1.59020049e-33
2.869584451e-33
4.771408144e-33
7.04972221e-33
8.855972978e-33
4.624191513e-34
7.383230749e-34
1.334241243e-33
2.532641484e-33
4.782487285e-33
8.620872422e-33
1.431637915e-32
2.112609784e-32
2.651436434e-32
1.391583068e-33
2.221511352e-33
4.01270165e-33
7.610456219e-33
1.435337548e-32
2.583261726e-32
4.282316672e-32
6.308156325e-32
7.906286117e-32
4.183214554e-33
6.675072162e-33
1.204682091e-32
2.281728343e-32
4.295476037e-32
7.71337489e-32
1.275431056e-31
1.87409011e-31
2.34421868e-31
1.255433323e-32
2.00170197e-32
3.607685037e-32
6.819541295e-32
1.280434495e-31
2.291913973e-31
3.776209493e-31
5.528824128e-31
6.895783747e-31
3.758712049e-32
5.985797193e-32
1.076683532e-31
2.029455491e-31
3.796396099e-31
6.764992096e-31
1.109050314e-30
1.615599178e-30
2.006688397e-30
1.121573163e-31
1.783015232e-31
3.198180898e-31
6.004533077e-31
1.117519599e-30
1.979171509e-30
3.222426712e-30
4.661574422e-30
5.756343372e-30
3.331363095e-31
5.283207184e-31
9.440059622e-31
1.7628818e-30
3.258453383e-30
5.7234153e-30
9.2330293e-30
1.323121226e-29
1.62089918e-29
9.834353847e-31
1.554519158e-30
2.763335543e-30
5.12376276e-30
9.384948011e-30
1.630649273e-29
2.59885667e-29
3.67832875e-29
4.458843611e-29
2.879824204e-30
4.532384105e-30
8.00246859e-30
1.470116587e-29
2.661284279e-29
4.559877685e-29
7.155203748e-29
9.967553668e-29
1.191965699e-28
8.34599424e-30
1.306121205e-29
2.286100815e-29
4.150326447e-29
7.402145072e-29
1.246200064e-28
1.917830465e-28
2.619235638e-28
3.079630026e-28
2.387252561e-29
3.709136948e-29
6.421014707e-29
1.148570844e-28
2.01102334e-28
3.31333373e-28
4.979513051e-28
6.639358765e-28
7.648417033e-28
6.718361533e-29
1.034471601e-28
1.766543134e-28
3.103049436e-28
5.312747729e-28
8.529051998e-28
1.24617919e-27
1.615260327e-27
1.816795643e-27
1.853702937e-28
2.822790328e-28
4.741114328e-28
8.148220077e-28
1.358444313e-27
2.115508793e-27
2.991750519e-27
3.754455305e-27
4.110227082e-27
4.995159391e-28
7.5054602e-28
1.235916177e-27
2.070185118e-27
3.346400604e-27
5.033183108e-27
6.861091817e-27
8.30680204e-27
8.828964754e-27
1.309192998e-27
1.936217835e-27
3.115477787e-27
5.06619945e-27
7.907510028e-27
1.144084197e-26
1.498056148e-26
1.745039356e-26
1.79770964e-26
3.323252592e-27
4.825377649e-27
7.56141441e-27
1.189220903e-26
1.785567552e-26
2.476845155e-26
3.107206276e-26
3.476783314e-26
3.469603075e-26
8.135989032e-27
1.156908344e-26
1.759872412e-26
2.667905446e-26
3.841443522e-26
5.096653344e-26
6.117192674e-26
6.572707914e-26
6.357678468e-26
1.913556188e-26
2.658390431e-26
3.914449861e-26
5.704076107e-26
7.859096402e-26
9.961171755e-26
1.143812879e-25
1.181356564e-25
1.109589451e-25
4.309005199e-26
5.836332608e-26
8.299608989e-26
1.160269743e-25
1.52810546e-25
1.850534853e-25
2.035682252e-25
2.025777881e-25
1.852811517e-25
9.265876683e-26
1.221584898e-25
1.675018003e-25
2.244466282e-25
2.826205735e-25
3.274952563e-25
3.460575052e-25
3.329678401e-25
2.976382227e-25
1.899833647e-25
2.435371744e-25
3.217593059e-25
4.133434743e-25
4.983534612e-25
5.541042449e-25
5.645501211e-25
5.274879674e-25
4.627687627e-25
3.713744538e-25
4.62708139e-25
5.89182207e-25
7.266072642e-25
8.410067962e-25
9.006122703e-25
8.887483871e-25
8.102724608e-25
7.007245987e-25
6.931545175e-25
8.397032919e-25
1.031742968e-24
1.224397609e-24
1.365300285e-24
1.414359413e-24
1.358391279e-24
1.214257266e-24
1.039466831e-24
1.239340942e-24
1.461429174e-24
1.736418094e-24
1.989349005e-24
2.145931685e-24
2.160425196e-24
2.028765281e-24
1.78572798e-24
1.518604969e-24
2.133368876e-24
2.453436493e-24
2.827392413e-24
3.139469422e-24
3.290727401e-24
3.233864816e-24
2.980768376e-24
2.59161404e-24
2.194532437e-24
3.558304474e-24
4.001741565e-24
4.49020064e-24
4.854374267e-24
4.967353974e-24
4.784298306e-24
4.340714898e-24
3.732896344e-24
3.148387904e-24
5.792116503e-24
6.392309702e-24
7.016623829e-24
7.425023467e-24
7.455335002e-24
7.066140411e-24
6.323993117e-24
5.37769699e-24
4.508699293e-24
9.265210215e-24
1.007657362e-23
1.088060557e-23
1.134030338e-23
1.12415339e-23
1.05399136e-23
9.339416962e-24
7.869289669e-24
6.569437982e-24
1.464547529e-23
1.576941148e-23
1.685396754e-23
1.742359955e-23
1.71805576e-23
1.606473466e-23
1.424183585e-23
1.211319226e-23
1.049194407e-23
2.295161024e-23
2.458191897e-23
2.616764657e-23
2.703188899e-23
2.674953473e-23
2.526474092e-23
2.298558702e-23
2.078855253e-23
1.875846718e-23
3.569068071e-23
3.819111301e-23
4.073650624e-23
4.237617805e-23
4.257229183e-23
4.159565674e-23
4.051868634e-23
3.865611322e-23
3.616368725e-23
5.502484221e-23
5.908042725e-23
6.356678104e-23
6.732520819e-23
7.029369526e-23
7.359604612e-23
7.57868884e-23
7.557809435e-23
7.293121205e-23
8.410861755e-23
9.113478308e-23
1.000716155e-22
1.106923706e-22
1.234174776e-22
1.362459069e-22
1.466032131e-22
1.516407618e-22
1.50274916e-22
1.287580822e-22
1.42481804e-22
1.645052585e-22
1.925997517e-22
2.249593829e-22
2.582556131e-22
2.873824381e-22
3.058541789e-22
3.095130244e-22
2.074490895e-22
2.388947199e-22
2.861147825e-22
3.470602258e-22
4.18299367e-22
4.934569754e-22
5.618458156e-22
6.089523759e-22
6.240193554e-22
3.576796237e-22
4.204385546e-22
5.148786408e-22
6.383451844e-22
7.846125706e-22
9.405355702e-22
1.082942144e-21
1.181064398e-21
1.214505233e-21
6.442059744e-22
7.647449036e-22
9.474938028e-22
1.188235213e-21
1.474033941e-21
1.775734477e-21
2.043981598e-21
2.22159347e-21
2.281640605e-21
1.195864208e-21
1.423329992e-21
1.769062075e-21
2.223471686e-21
2.756105358e-21
3.303169329e-21
3.771580397e-21
4.076450641e-21
4.196013234e-21
2.264411565e-21
2.685890308e-21
3.322847956e-21
4.148528768e-21
5.093023939e-21
6.034472778e-21
6.832339687e-21
7.396258042e-21
7.712118824e-21
4.319772179e-21
5.078246665e-21
6.209319005e-21
7.645674006e-21
9.251878994e-21
1.084395813e-20
1.227110201e-20
1.348700652e-20
1.443543766e-20
8.175232225e-21
9.487635192e-21
1.141634805e-20
1.382947862e-20
1.652554407e-20
1.93101987e-20
2.21241168e-20
2.505499331e-20
2.782554319e-20
1.513945024e-20
1.733260827e-20
2.053659042e-20
2.456369786e-20
2.921253712e-20
3.442528479e-20
4.046399683e-20
4.774341995e-20
5.526986269e-20
2.728128287e-20
3.090236315e-20
3.624098085e-20
4.313674966e-20
5.157380844e-20
6.197753154e-20
7.546418849e-20
9.316779031e-20
1.121211091e-19
4.803344885e-20
5.410077187e-20
6.324230648e-20
7.554700794e-20
9.162628666e-20
1.131851002e-19
1.433310627e-19
1.845831854e-19
2.290596871e-19
8.337715472e-20
9.38357014e-20
1.100351967e-19
1.328331162e-19
1.644587011e-19
2.095686292e-19
2.75428017e-19
3.668437697e-19
4.646746393e-19
1.438891565e-19
1.624341786e-19
1.919813496e-19
2.352837542e-19
2.982201644e-19
3.915754377e-19
5.304933642e-19
7.228845022e-19
9.256563736e-19
2.482921176e-19
2.818915618e-19
3.367888517e-19
4.198810544e-19
5.445033369e-19
7.330956427e-19
1.014470549e-18
1.399461617e-18
1.797346134e-18
4.296722015e-19
4.912996749e-19
5.939982069e-19
7.529428074e-19
9.955157721e-19
1.364669677e-18
1.911007536e-18
2.645212387e-18
3.387488548e-18
7.461095472e-19
8.594057851e-19
1.050743934e-18
1.350636479e-18
1.811107905e-18
2.508733143e-18
3.526001197e-18
4.864124631e-18
6.185823551e-18
1.298142778e-18
1.504964572e-18
1.856776586e-18
2.410681155e-18
3.2592229e-18
4.530500575e-18
6.349508498e-18
8.687150798e-18
1.094160864e-17
2.256211828e-18
2.628211341e-18
3.262286035e-18
4.258931744e-18
5.773437915e-18
8.007850878e-18
1.113776337e-17
1.506387081e-17
1.876024858e-17
3.901725772e-18
4.557168164e-18
5.672243159e-18
7.414406637e-18
1.003074358e-17
1.38226426e-17
1.901676811e-17
2.537468129e-17
3.121882251e-17
6.685470259e-18
7.812358006e-18
9.720522629e-18
1.267544746e-17
1.705136138e-17
2.327409415e-17
3.160682909e-17
4.156181246e-17
5.049824546e-17
1.130645733e-17
1.319262271e-17
1.636579755e-17
2.122794377e-17
2.832013382e-17
3.821216028e-17
5.116443418e-17
6.627446152e-17
7.952691912e-17
1.88128829e-17
2.188300869e-17
2.700905239e-17
3.477393473e-17
4.592593807e-17
6.118539463e-17
8.073426078e-17
1.030197708e-16
1.221272896e-16
3.072459776e-17
3.558315819e-17
4.362968377e-17
5.567565407e-17
7.271202259e-17
9.559408596e-17
1.243005354e-16
1.563085485e-16
1.831560065e-16
4.917361328e-17
5.665158747e-17
6.893391048e-17
8.71066912e-17
1.124267209e-16
1.458360005e-16
1.869231514e-16
2.31778714e-16
2.686113249e-16
7.705603963e-17
8.825810913e-17
1.065061698e-16
1.331991499e-16
1.698617472e-16
2.174309477e-16
2.748454463e-16
3.362836933e-16
3.857217792e-16
1.181860296e-16
1.345340584e-16
1.609519986e-16
1.991741833e-16
2.509645345e-16
3.171103224e-16
3.955555809e-16
4.779445948e-16
5.429882351e-16
1.774403971e-16
2.007086098e-16
2.380203299e-16
2.914443195e-16
3.629129596e-16
4.528556452e-16
5.578026555e-16
6.661234071e-16
7.500707027e-16
2.608822538e-16
2.932202416e-16
3.446940086e-16
4.176712789e-16
5.141402601e-16
6.339002964e-16
7.715423253e-16
9.112574739e-16
1.01767122e-15
3.758532954e-16
4.197877816e-16
4.892376825e-16
5.867951746e-16
7.143341372e-16
8.706474637e-16
1.047718382e-15
1.22469995e-15
1.357329884e-15
5.310256757e-16
5.89457392e-16
6.812212018e-16
8.0902228e-16
9.743118873e-16
1.174417591e-15
1.398086608e-15
1.618470784e-15
1.781155154e-15
7.364432274e-16
8.126246414e-16
9.314992288e-16
1.095625437e-15
1.305754741e-15
1.557266984e-15
1.834942053e-15
2.10494974e-15
2.301498904e-15
1.003437666e-15
1.100814485e-15
1.251840592e-15
1.458688951e-15
1.721016664e-15
2.031699732e-15
2.37079266e-15
2.696522356e-15
2.930588593e-15
1.344230905e-15
1.466405127e-15
1.654805975e-15
1.910906395e-15
2.232822815e-15
2.610327653e-15
3.017989853e-15
3.405191588e-15
3.680130498e-15
1.771830546e-15
1.922447737e-15
2.153453943e-15
2.465247588e-15
2.853909595e-15
3.305486349e-15
3.788328331e-15
4.24216965e-15
4.560899683e-15
2.299696609e-15
2.482316772e-15
2.760974737e-15
3.134570894e-15
3.596620682e-15
4.128821738e-15
4.692630927e-15
5.217467107e-15
5.582334421e-15
2.941339701e-15
3.159298546e-15
3.490268936e-15
3.931193794e-15
4.472475826e-15
5.090865143e-15
5.740337298e-15
6.339498355e-15
6.75215433e-15
3.709866222e-15
3.966134088e-15
4.353490492e-15
4.866441505e-15
5.491733144e-15
6.200617945e-15
6.939117149e-15
7.614723529e-15
8.076021867e-15
4.6174929e-15
4.914539103e-15
5.36157788e-15
5.950197407e-15
6.662968283e-15
7.465168095e-15
8.294528708e-15
9.047346025e-15
9.557265271e-15
5.675057434e-15
6.014727686e-15
6.523799688e-15
7.190480618e-15
7.992694143e-15
8.889359909e-15
9.809741269e-15
1.063908196e-14
1.119667778e-14
6.891553681e-15
7.274967487e-15
7.847341064e-15
8.593075124e-15
9.48504282e-15
1.047553551e-14
1.148533672e-14
1.238901349e-14
1.29924032e-14
8.273718633e-15
8.701192263e-15
9.336954862e-15
1.016123145e-14
1.114152728e-14
1.222336157e-14
1.331919984e-14
1.429353255e-14
1.493991228e-14
9.825694621e-15
1.029669352e-14
1.099469663e-14
1.189545671e-14
1.296089474e-14
1.412974922e-14
1.530650146e-14
1.634637588e-14
1.703206911e-14
1.154878452e-14
1.206190712e-14
1.28197565e-14
1.379340268e-14
1.49390775e-14
1.618886909e-14
1.743977272e-14
1.853874692e-14
1.925928124e-14
1.344131095e-14
1.399430385e-14
1.480839435e-14
1.584985489e-14
1.706924097e-14
1.839225769e-14
1.970906404e-14
2.085951583e-14
2.160972364e-14
1.549858356e-14
1.608838635e-14
1.695397804e-14
1.805681994e-14
1.934192287e-14
2.072900678e-14
2.210217805e-14
2.329548541e-14
2.406962336e-14
1.771297177e-14
1.83357883e-14
1.924711883e-14
2.040370277e-14
2.174525366e-14
2.318602361e-14
2.460496294e-14
2.583170849e-14
2.662358997e-14
2.007407507e-14
2.072546673e-14
2.167589335e-14
2.287756181e-14
2.426524431e-14
2.574834743e-14
2.720165122e-14
2.845184128e-14
2.925497626e-14
2.256897812e-14
2.324397411e-14
2.422613774e-14
2.546342689e-14
2.688612605e-14
2.839950641e-14
2.987522784e-14
3.113851717e-14
3.194625363e-14
2.518257517e-14
2.587579428e-14
2.688179793e-14
2.814466345e-14
2.959072549e-14
3.112189873e-14
3.26078122e-14
3.387372588e-14
3.467938799e-14
2.789794617e-14
2.860372469e-14
2.962531839e-14
3.090336587e-14
3.23608586e-14
3.389718247e-14
3.538103954e-14
3.663918473e-14
3.743620316e-14
3.069676658e-14
3.140928703e-14
3.243805205e-14
3.372076339e-14
3.517772809e-14
3.670665974e-14
3.817642884e-14
3.941669009e-14
4.019872096e-14
3.355973299e-14
3.427314914e-14
3.53006751e-14
3.657762338e-14
3.802231029e-14
3.953164303e-14
4.097572632e-14
4.218843977e-14
4.294946937e-14
3.646698822e-14
3.71755423e-14
3.819359172e-14
3.945463833e-14
4.08757195e-14
4.235379323e-14
4.376121606e-14
4.493731904e-14
4.567175256e-14
3.939853118e-14
4.009666013e-14
4.109731615e-14
4.233278548e-14
4.371954038e-14
4.515542165e-14
4.651599149e-14
4.764714541e-14
4.834987841e-14
4.233459931e-14
4.301702769e-14
4.399282187e-14
4.519365027e-14
4.653612111e-14
4.791975054e-14
4.922418366e-14
5.030286943e-14
5.0969342e-14
4.525601398e-14
4.591783193e-14
4.686185021e-14
4.80197073e-14
4.930882264e-14
5.06311287e-14
5.187114464e-14
5.289073085e-14
5.351696462e-14
4.814448179e-14
4.87812073e-14
4.968717332e-14
5.079455509e-14
5.202222152e-14
5.32752013e-14
5.444358588e-14
5.539837096e-14
5.598098999e-14
5.098284751e-14
5.159047286e-14
5.245280861e-14
5.350310282e-14
5.466226588e-14
5.58390343e-14
5.69296733e-14
5.781490351e-14
5.835114034e-14
5.375529654e-14
5.433031946e-14
5.514418429e-14
5.613170951e-14
5.721638576e-14
5.83111958e-14
5.931908185e-14
6.013094769e-14
6.06186362e-14
5.64475071e-14
5.698694755e-14
5.774825706e-14
5.866827762e-14
5.967356056e-14
6.068179743e-14
6.160301332e-14
6.233862709e-14
6.277618409e-14
5.904675402e-14
5.954815796e-14
6.025358473e-14
6.110230414e-14
6.202434714e-14
6.294250002e-14
6.3774182e-14
6.443153956e-14
6.481793692e-14
6.154196738e-14
6.200339913e-14
6.265035764e-14
6.342489349e-14
6.426087323e-14
6.508648824e-14
6.582677273e-14
6.640470255e-14
6.673943189e-14
6.39237504e-14
6.434377524e-14
6.493039356e-14
6.562873699e-14
6.637680096e-14
6.710841901e-14
6.775637646e-14
6.82544788e-14
6.853751062e-14
6.618436157e-14
6.656202042e-14
6.708710103e-14
6.7708064e-14
6.836726549e-14
6.90043487e-14
6.955990786e-14
6.997848711e-14
7.021022602e-14
6.831766637e-14
6.865244425e-14
6.911541669e-14
6.965856992e-14
7.022879391e-14
7.077164395e-14
7.123550975e-14
7.157550233e-14
7.175674001e-14
7.031906417e-14
7.061085411e-14
7.101172159e-14
7.147732609e-14
7.195920911e-14
7.240888051e-14
7.278244836e-14
7.304534845e-14
7.317721579e-14
7.218539557e-14
7.243445949e-14
7.277374172e-14
7.316267646e-14
7.355752308e-14
7.391573424e-14
7.420100317e-14
7.438878841e-14
7.447270784e-14
7.391483533e-14
7.412176329e-14
7.440043738e-14
7.471412523e-14
7.502382364e-14
7.529286788e-14
7.549235468e-14
7.560741317e-14
7.56450524e-14
7.550677553e-14
7.567244444e-14
7.589188546e-14
7.613221946e-14
7.635915808e-14
7.654181666e-14
7.66584726e-14
7.670353287e-14
7.669676055e-14
7.696170302e-14
7.708723587e-14
7.724915854e-14
7.74184299e-14
7.756541676e-14
7.766487537e-14
7.770200696e-14
7.768007168e-14
7.763091581e-14
7.828107483e-14
7.836780131e-14
7.847420374e-14
7.857503298e-14
7.864521903e-14
7.866498898e-14
7.862618372e-14
7.854046801e-14
7.845107739e-14
7.946719453e-14
7.951661349e-14
7.956972402e-14
7.960499613e-14
7.960180346e-14
7.954564853e-14
7.943470631e-14
7.928858109e-14
7.916119017e-14
8.052309198e-14
8.053683638e-14
8.053906397e-14
8.051186825e-14
8.043892399e-14
8.031079326e-14
8.013166398e-14
7.992860478e-14
7.976550191e-14
8.145240838e-14
8.143221295e-14
8.138610165e-14
8.129967675e-14
8.11607529e-14
8.096472017e-14
8.072144763e-14
8.046498882e-14
8.026848814e-14
8.225928813e-14
8.220696002e-14
8.211514768e-14
8.197283199e-14
8.17717915e-14
8.15120012e-14
8.120867345e-14
8.090236792e-14
8.067478468e-14
8.294827848e-14
8.286567088e-14
8.27308523e-14
8.253603984e-14
8.227678883e-14
8.195740846e-14
8.159811436e-14
8.124549855e-14
8.09891278e-14
8.352423761e-14
8.341322643e-14
8.323812082e-14
8.299422249e-14
8.268066859e-14
8.230584748e-14
8.189463927e-14
8.149920319e-14
8.121630169e-14
8.399225146e-14
8.385471499e-14
8.364203767e-14
8.33524477e-14
8.298846416e-14
8.256229821e-14
8.210315981e-14
8.166832187e-14
8.136109299e-14
8.43575594e-14
8.419536078e-14
8.394779892e-14
8.36158663e-14
8.320526163e-14
8.273176367e-14
8.222858425e-14
8.175767044e-14
8.142825173e-14
8.462548852e-14
8.444046092e-14
8.416065312e-14
8.378965762e-14
8.333615027e-14
8.281922563e-14
8.227577802e-14
8.177200515e-14
8.142245853e-14
8.480139638e-14
8.459533065e-14
8.428584994e-14
8.387898237e-14
8.338618015e-14
8.282960698e-14
8.224953053e-14
8.171599307e-14
8.134829718e-14
8.489062157e-14
8.466525615e-14
8.43285963e-14
8.388894267e-14
8.336032637e-14
8.276774021e-14
8.215452759e-14
8.159418776e-14
8.121023238e-14
8.489844175e-14
8.46554547e-14
8.429401935e-14
8.38245485e-14
8.326345931e-14
8.263834147e-14
8.1995329e-14
8.141100972e-14
8.101259188e-14
8.48300385e-14
8.457104133e-14
8.418713576e-14
8.369069009e-14
8.310032035e-14
8.244598969e-14
8.177635068e-14
8.117073102e-14
8.075955269e-14
8.469046844e-14
8.441700158e-14
8.401282676e-14
8.349211569e-14
8.287550266e-14
8.219511021e-14
8.150185108e-14
8.087746381e-14
8.045513087e-14
8.448463985e-14
8.419816957e-14
8.377581814e-14
8.323341395e-14
8.259343605e-14
8.188996223e-14
8.11759208e-14
8.053515184e-14
8.010317418e-14
8.421729439e-14
8.391921091e-14
8.348066495e-14
8.291900061e-14
8.225837585e-14
8.15346298e-14
8.08024756e-14
8.014756503e-14
7.970735759e-14
8.389299323e-14
8.358460996e-14
8.313174017e-14
8.255310895e-14
8.187439523e-14
8.113301595e-14
8.038525213e-14
7.97182964e-14
7.927118096e-14
8.351610702e-14
8.319866067e-14
8.273322688e-14
8.21397834e-14
8.144538036e-14
8.068883934e-14
7.992780586e-14
7.925076107e-14
7.879796869e-14
8.30908091e-14
8.276546059e-14
8.228911328e-14
8.168287582e-14
8.097502795e-14
8.0205633e-14
7.943351096e-14
7.874819701e-14
7.829087089e-14
8.262107123e-14
8.22889074e-14
8.180319021e-14
8.118604408e-14
8.046684488e-14
7.968674505e-14
7.890556181e-14
7.821366717e-14
7.775286595e-14
8.21106611e-14
8.177269744e-14
8.12790507e-14
8.065275253e-14
7.992414962e-14
7.913534081e-14
7.834697585e-14
7.765006283e-14
7.718676416e-14
8.156314072e-14
8.122032591e-14
8.072009125e-14
8.008627414e-14
7.935007504e-14
7.855440627e-14
7.776059749e-14
7.706010787e-14
7.659521216e-14
8.098187059e-14
8.063509014e-14
8.012951522e-14
7.948969426e-14
7.874757257e-14
7.794675262e-14
7.714910295e-14
7.644636384e-14
7.598069814e-14
8.037002303e-14
8.00200955e-14
7.951033832e-14
7.886591591e-14
7.811941752e-14
7.731502168e-14
7.651500583e-14
7.581123558e-14
7.534555748e-14
7.973059099e-14
7.937826726e-14
7.886539674e-14
7.821766646e-14
7.746821527e-14
7.666169196e-14
7.58606632e-14
7.515697731e-14
7.469197881e-14
7.906638705e-14
7.871235743e-14
7.819735254e-14
7.754750373e-14
7.679640773e-14
7.59890852e-14
7.51882819e-14
7.448569887e-14
7.402201025e-14
7.838004439e-14
7.802494167e-14
7.750869976e-14
7.685782257e-14
7.610627981e-14
7.529937272e-14
7.449992507e-14
7.379937222e-14
7.333756584e-14
7.767402461e-14
7.731842826e-14
7.680176703e-14
7.61508607e-14
7.539996613e-14
7.459458236e-14
7.379751892e-14
7.309983802e-14
7.264043197e-14
7.695062627e-14
7.659506717e-14
7.607873634e-14
7.542870864e-14
7.467945873e-14
7.387660548e-14
7.308285939e-14
7.238881215e-14
7.193227384e-14
7.621199127e-14
7.585695382e-14
7.534163574e-14
7.469331309e-14
7.394661293e-14
7.314720337e-14
7.235761869e-14
7.166789214e-14
7.121464169e-14
7.546011242e-14
7.510603758e-14
7.459235296e-14
7.394648434e-14
7.320315401e-14
7.240801386e-14
7.162335178e-14
7.093856342e-14
7.048897708e-14
7.46968412e-14
7.434412914e-14
7.383264033e-14
7.318990234e-14
7.24506841e-14
7.16605581e-14
7.088150282e-14
7.020220567e-14
6.975661895e-14
7.392389614e-14
7.357290948e-14
7.306412595e-14
7.242513176e-14
7.169069157e-14
7.09062479e-14
7.013341179e-14
6.946009895e-14
6.90188096e-14
7.314286986e-14
7.279393585e-14
7.228831643e-14
7.165361612e-14
7.092455376e-14
7.014639099e-14
6.938032022e-14
6.87134294e-14
6.827670031e-14
7.235523677e-14
7.200864988e-14
7.150660683e-14
7.087669373e-14
7.015354586e-14
6.938219776e-14
6.862337725e-14
6.796329501e-14
6.753135689e-14
7.156236042e-14
7.121838495e-14
7.072028791e-14
7.009560375e-14
6.937884754e-14
6.861478748e-14
6.786364539e-14
6.721071106e-14
6.678376495e-14
7.076550024e-14
7.042437257e-14
6.993055166e-14
6.931149031e-14
6.86015481e-14
6.784519374e-14
6.710210588e-14
6.645661526e-14
6.603483491e-14
6.996581793e-14
6.962774846e-14
6.913849673e-14
6.85254059e-14
6.782265148e-14
6.707436965e-14
6.633966376e-14
6.570187265e-14
6.528540677e-14
6.916438371e-14
6.882955889e-14
6.834513549e-14
6.773832204e-14
6.704308277e-14
6.630319319e-14
6.557715281e-14
6.494728031e-14
6.453625463e-14
6.836218223e-14
6.803076639e-14
6.755139922e-14
6.695113194e-14
6.626369288e-14
6.553247209e-14
6.48153402e-14
6.419357177e-14
6.378809102e-14
6.756011823e-14
6.723225535e-14
6.675814343e-14
6.616465607e-14
6.548526355e-14
6.47629485e-14
6.405493092e-14
6.344142126e-14
6.304157097e-14
6.675902189e-14
6.64348372e-14
6.596615308e-14
6.53796472e-14
6.470851202e-14
6.399530339e-14
6.329657198e-14
6.269144767e-14
6.229729587e-14
6.595965395e-14
6.563925548e-14
6.517614738e-14
6.459679503e-14
6.393409545e-14
6.323016079e-14
6.254085635e-14
6.194421837e-14
6.155581715e-14
6.516271047e-14
6.484619048e-14
6.438878434e-14
6.381673055e-14
6.316261511e-14
6.246809167e-14
6.178832675e-14
6.120025274e-14
6.081763971e-14
6.436882727e-14
6.40562636e-14
6.360466501e-14
6.304003013e-14
6.239462023e-14
6.17096177e-14
6.103947909e-14
6.04600255e-14
6.008322516e-14
6.357858418e-14
6.327004148e-14
6.282433741e-14
6.22672193e-14
6.163061165e-14
6.095521463e-14
6.029476577e-14
5.97239699e-14
5.935299492e-14
6.279250882e-14
6.248803975e-14
6.204830025e-14
6.14987763e-14
6.087104517e-14
6.020531554e-14
5.955459877e-14
5.899248063e-14
5.862733302e-14
6.201108018e-14
6.171072647e-14
6.127700623e-14
6.073513528e-14
6.011633465e-14
5.946031379e-14
5.881935247e-14
5.826591657e-14
5.790658881e-14
6.123473175e-14
6.093852523e-14
6.051086504e-14
5.99766892e-14
5.936685477e-14
5.872056566e-14
5.808936615e-14
5.754460322e-14
5.719107939e-14
6.046385422e-14
6.017181784e-14
5.975024595e-14
5.922379228e-14
5.862294341e-14
5.798639264e-14
5.736494631e-14
5.682883493e-14
5.648109176e-14
5.969879771e-14
5.941094636e-14
5.899547982e-14
5.847676196e-14
5.788490349e-14
5.725808322e-14
5.664636829e-14
5.611887659e-14
5.577688452e-14
5.893987313e-14
5.865621456e-14
5.824686041e-14
5.773588011e-14
5.715300416e-14
5.6535894e-14
5.593387746e-14
5.541496476e-14
5.507868905e-14
5.818735278e-14
5.790788835e-14
5.750464477e-14
5.700139335e-14
5.642748094e-14
5.582004981e-14
5.52276893e-14
5.471730777e-14
5.438670967e-14
5.744146956e-14
5.716619493e-14
5.676905227e-14
5.627351189e-14
5.570853457e-14
5.511074243e-14
5.452798805e-14
5.40260845e-14
5.370112245e-14
5.670241457e-14
5.643132025e-14
5.604026184e-14
5.555240663e-14
5.499632779e-14
5.440812728e-14
5.38349234e-14
5.334144095e-14
5.302207187e-14
5.597033239e-14
5.57034041e-14
5.531840683e-14
5.483820368e-14
5.429097962e-14
5.371231736e-14
5.314860412e-14
5.266348384e-14
5.234966436e-14
5.524531348e-14
5.498253223e-14
5.460356667e-14
5.413097548e-14
5.359255589e-14
5.302337322e-14
5.246908768e-14
5.199226993e-14
5.168395754e-14
5.452738275e-14
5.426872445e-14
5.389575433e-14
5.343072748e-14
5.290105507e-14
5.234128804e-14
5.179636444e-14
5.132778956e-14
5.102494347e-14
5.381648347e-14
5.356191786e-14
5.319489862e-14
5.273737906e-14
5.221638811e-14
5.166596597e-14
5.113033479e-14
5.066994279e-14
5.037252412e-14
5.31124554e-14
5.286194421e-14
5.250082042e-14
5.205073897e-14
5.153835106e-14
5.099719262e-14
5.047077755e-14
5.001850607e-14
4.972647704e-14
5.241500606e-14
5.216849994e-14
5.18132008e-14
5.137047042e-14
5.086658837e-14
5.03345957e-14
4.98173078e-14
4.937308764e-14
4.908640914e-14
5.172367438e-14
5.148110818e-14
5.113154065e-14
5.069604755e-14
5.020054629e-14
4.967759468e-14
4.916932281e-14
4.873306997e-14
4.845169687e-14
5.103778579e-14
5.079907206e-14
5.045511121e-14
5.002670247e-14
4.953941539e-14
4.902533856e-14
4.852593473e-14
4.809753805e-14
4.782141149e-14
5.035639868e-14
5.012141911e-14
4.978289568e-14
4.936136376e-14
4.888206257e-14
4.837663151e-14
4.788589012e-14
4.746519325e-14
4.719422909e-14
4.967824179e-14
4.944683596e-14
4.911351979e-14
4.869858117e-14
4.822695093e-14
4.772984645e-14
4.724747661e-14
4.683425353e-14
4.656832636e-14
4.900164366e-14
4.877359504e-14
4.844517413e-14
4.803644199e-14
4.757205061e-14
4.708282896e-14
4.660841921e-14
4.620234267e-14
4.59412647e-14
4.832445604e-14
4.80994753e-14
4.777553126e-14
4.737248519e-14
4.691474479e-14
4.643279528e-14
4.59657704e-14
4.556637286e-14
4.530986766e-14
4.764397359e-14
4.742167934e-14
4.710165901e-14
4.670360872e-14
4.625173252e-14
4.577622896e-14
4.531579965e-14
4.492242742e-14
4.467009858e-14
4.695685449e-14
4.673675227e-14
4.641993694e-14
4.602598272e-14
4.557893722e-14
4.510878394e-14
4.465389076e-14
4.426565253e-14
4.401694831e-14
4.625904675e-14
4.604050691e-14
4.572598432e-14
4.533497454e-14
4.489142853e-14
4.442520338e-14
4.397445748e-14
4.359016971e-14
4.334434517e-14
4.554572902e-14
4.532797128e-14
4.501460435e-14
4.4625093e-14
4.418336711e-14
4.371926505e-14
4.327088964e-14
4.288902241e-14
4.264510155e-14
4.481129026e-14
4.459336371e-14
4.427975524e-14
4.38899625e-14
4.344798333e-14
4.298376587e-14
4.253554375e-14
4.215417213e-14
4.19109137e-14
4.40493277e-14
4.383008658e-14
4.35145547e-14
4.312233674e-14
4.267760205e-14
4.221055899e-14
4.175979321e-14
4.137656058e-14
4.113243184e-14
4.325267067e-14
4.303076571e-14
4.271133102e-14
4.231416453e-14
4.186372626e-14
4.139065773e-14
4.093415324e-14
4.05462541e-14
4.029941807e-14
4.241346518e-14
4.218734533e-14
4.186173381e-14
4.145672057e-14
4.099719181e-14
4.051441842e-14
4.004849429e-14
3.965268524e-14
3.940100721e-14
4.152331939e-14
4.129124645e-14
4.095691204e-14
4.054081031e-14
4.006840546e-14
3.957181536e-14
3.90923551e-14
3.868500235e-14
3.842608223e-14
4.057351794e-14
4.033359708e-14
3.998776861e-14
3.955705654e-14
3.906767065e-14
3.855281201e-14
3.805536244e-14
3.763253356e-14
3.736376912e-14
3.95553094e-14
3.930553855e-14
3.894529495e-14
3.849627146e-14
3.798560501e-14
3.744783013e-14
3.692775446e-14
3.648536119e-14
3.620404686e-14
3.84602683e-14
3.819860833e-14
3.782098499e-14
3.734991126e-14
3.681364417e-14
3.624830901e-14
3.570099792e-14
3.523499265e-14
3.493845591e-14
3.728072748e-14
3.700519387e-14
3.66073209e-14
3.611060325e-14
3.55446181e-14
3.494733674e-14
3.436847612e-14
3.387510033e-14
3.356087407e-14
3.601026993e-14
3.571904497e-14
3.529831549e-14
3.477272651e-14
3.41733764e-14
3.354032406e-14
3.292621172e-14
3.240228836e-14
3.206831315e-14
3.464426161e-14
3.433582378e-14
3.389008683e-14
3.333301681e-14
3.269742737e-14
3.202567883e-14
3.137357491e-14
3.081682927e-14
3.046167413e-14
3.318039785e-14
3.285366245e-14
3.23814312e-14
3.179115692e-14
3.111754524e-14
3.04054276e-14
2.971391523e-14
2.912330127e-14
2.874638586e-14
3.161922748e-14
3.127368989e-14
3.077435155e-14
3.01503036e-14
2.943829037e-14
2.868572203e-14
2.795504696e-14
2.733104862e-14
2.69328449e-14
2.996461128e-14
2.960048135e-14
2.907449139e-14
2.841749665e-14
2.766838204e-14
2.687716327e-14
2.610951537e-14
2.545438762e-14
2.503657565e-14
2.822406595e-14
2.784238021e-14
2.729142053e-14
2.660389263e-14
2.582086294e-14
2.499488054e-14
2.419457758e-14
2.35124902e-14
2.30780424e-14
2.640894368e-14
2.601164078e-14
2.543872031e-14
2.472477035e-14
2.391300224e-14
2.30583117e-14
2.223184811e-14
2.152889902e-14
2.108207022e-14
2.453440132e-14
2.412434692e-14
2.35338245e-14
2.279926664e-14
2.196590018e-14
2.109065511e-14
2.024658708e-14
1.953066106e-14
1.907686942e-14
2.26191242e-14
2.220007386e-14
2.159758751e-14
2.084982083e-14
2.000378189e-14
1.911799283e-14
1.826664558e-14
1.754710959e-14
1.709270502e-14
2.068478722e-14
2.026128066e-14
1.9653575e-14
1.89013337e-14
1.80530006e-14
1.716812293e-14
1.632112562e-14
1.560837127e-14
1.516030202e-14
1.875526033e-14
1.83324471e-14
1.772710093e-14
1.698007911e-14
1.614080599e-14
1.526917729e-14
1.443885364e-14
1.374371861e-14
1.330912199e-14
1.685559397e-14
1.643899827e-14
1.584406622e-14
1.511243921e-14
1.429396782e-14
1.344813633e-14
1.264680051e-14
1.197991988e-14
1.156567583e-14
1.501084901e-14
1.460608972e-14
1.402968383e-14
1.332356291e-14
1.253737128e-14
1.172937479e-14
1.096859879e-14
1.03397509e-14
9.952045054e-15
1.324486063e-14
1.285734949e-14
1.230719617e-14
1.163606495e-14
1.089271351e-14
1.013337862e-14
9.423305218e-15
8.840821076e-15
8.484765302e-15
1.157904151e-14
1.121368676e-14
1.069670031e-14
1.006888665e-14
9.377425889e-15
8.675758675e-15
8.024531735e-15
7.494830935e-15
7.174182742e-15
1.003133238e-14
9.692276305e-15
9.214190189e-15
8.636425574e-15
8.00392464e-15
7.366654581e-15
6.780025079e-15
6.307326306e-15
6.02433606e-15
8.61539644e-15
8.305811921e-15
7.870903713e-15
7.348013064e-15
6.779255663e-15
6.210577867e-15
5.691724685e-15
5.2779593e-15
5.03335998e-15
7.340128618e-15
7.06209385e-15
6.673029306e-15
6.207780303e-15
5.705156601e-15
5.206698225e-15
4.756285176e-15
4.401230833e-15
4.194381987e-15
6.209516881e-15
5.963978522e-15
5.621787798e-15
5.214912521e-15
4.778518812e-15
4.349542081e-15
3.966031219e-15
3.667705936e-15
3.496966508e-15
5.222856903e-15
5.009683371e-15
4.713869696e-15
4.364256641e-15
3.992200015e-15
3.630049434e-15
3.310311972e-15
3.065749856e-15
2.929604804e-15
4.375294826e-15
4.193414853e-15
3.942187064e-15
3.647230146e-15
3.336114701e-15
3.036899929e-15
2.777162703e-15
2.583163002e-15
2.477998445e-15
3.658672107e-15
3.506293596e-15
3.296915857e-15
3.053020877e-15
2.798520894e-15
2.557947763e-15
2.352230161e-15
2.201403513e-15
2.122628101e-15
3.062705846e-15
2.937618781e-15
2.766871101e-15
2.570398008e-15
2.367439406e-15
2.177193933e-15
2.017296445e-15
1.902984659e-15
1.846015346e-15
2.576756614e-15
2.476766143e-15
2.340830372e-15
2.184918498e-15
2.025270877e-15
1.877724948e-15
1.756053767e-15
1.672307665e-15
1.633736727e-15
2.187680469e-15
2.108656956e-15
2.001766266e-15
1.880175147e-15
1.756875493e-15
1.644738587e-15
1.555045976e-15
1.496776924e-15
1.473568327e-15
1.879081047e-15
1.817607723e-15
1.734927608e-15
1.641634854e-15
1.548542628e-15
1.465939466e-15
1.402792517e-15
1.365673521e-15
1.355300088e-15
1.636547578e-15
1.58963632e-15
1.527024963e-15
1.457266604e-15
1.389141347e-15
1.330927494e-15
1.28971915e-15
1.270184809e-15
1.270641697e-15
1.448264029e-15
1.413341861e-15
1.367237404e-15
1.316831098e-15
1.269216478e-15
1.231078213e-15
1.208042959e-15
1.203278114e-15
1.213065652e-15
1.304067567e-15
1.278945016e-15
1.246332903e-15
1.211760851e-15
1.180977802e-15
1.159429718e-15
1.151616692e-15
1.159515258e-15
1.177602897e-15
1.195401771e-15
1.178261391e-15
1.156660696e-15
1.135064565e-15
1.118181965e-15
1.110521707e-15
1.115734351e-15
1.134835159e-15
1.160614203e-15
1.115232918e-15
1.104612109e-15
1.092047663e-15
1.081188705e-15
1.075965454e-15
1.080200225e-15
1.096913831e-15
1.126322646e-15
1.159553644e-15
1.057926036e-15
1.052688842e-15
1.047646507e-15
1.045843347e-15
1.050648718e-15
1.065402274e-15
1.092666215e-15
1.13196757e-15
1.172722916e-15
1.019088208e-15
1.018387156e-15
1.019755198e-15
1.025804926e-15
1.039520866e-15
1.063921089e-15
1.101239815e-15
1.150386643e-15
1.198975511e-15
9.95390764e-16
9.986205644e-16
1.005618804e-15
1.018700731e-15
1.04059865e-15
1.074125787e-15
1.121280623e-15
1.180406461e-15
1.237229296e-15
9.843808035e-16
9.911236866e-16
1.003217183e-15
1.022768015e-15
1.052331481e-15
1.09456534e-15
1.151260668e-15
1.220231257e-15
1.285367013e-15
9.842875668e-16
9.942469149e-16
1.01103483e-15
1.036572039e-15
1.073210891e-15
1.123353093e-15
1.188415582e-15
1.265579451e-15
1.337294907e-15
9.938211247e-16
1.006737675e-15
1.027805812e-15
1.058677248e-15
1.101288928e-15
1.157354406e-15
1.227169797e-15
1.306221762e-15
1.374569158e-15
1.011944424e-15
1.027486585e-15
1.052214289e-15
1.087279186e-15
1.133730347e-15
1.191720884e-15
1.259003362e-15
1.327426963e-15
1.388774682e-15
1.037559517e-15
1.055164637e-15
1.082452581e-15
1.119669601e-15
1.166245102e-15
1.219584743e-15
1.273600534e-15
1.333787614e-15
1.39569582e-15
1.068964051e-15
1.087571311e-15
1.115379896e-15
1.151162102e-15
1.191916683e-15
1.230942115e-15
1.277533573e-15
1.338569161e-15
1.40479446e-15
1.1027753e-15
1.120367847e-15
1.144816975e-15
1.172786981e-15
1.199753991e-15
1.23364836e-15
1.282044864e-15
1.348817463e-15
1.421178919e-15
1.131717916e-15
1.144958283e-15
1.158784416e-15
1.17653436e-15
1.2010202e-15
1.238021528e-15
1.293161044e-15
1.367962129e-15
1.447245089e-15
1.139666312e-15
1.147010679e-15
1.158181293e-15
1.176203474e-15
1.205062688e-15
1.249575267e-15
1.313676228e-15
1.397184685e-15
1.483921809e-15
1.134974573e-15
1.142752318e-15
1.156723514e-15
1.180145265e-15
1.216915214e-15
1.270770535e-15
1.344111774e-15
1.435959506e-15
1.530089868e-15
1.131044862e-15
1.142122714e-15
1.161697451e-15
1.192859737e-15
1.238789704e-15
1.301887403e-15
1.383367613e-15
1.482235824e-15
1.583849063e-15
1.134800278e-15
1.150414456e-15
1.176721838e-15
1.216177783e-15
1.270798934e-15
1.341611511e-15
1.428998879e-15
1.533726288e-15
1.643413104e-15
1.149567659e-15
1.170005984e-15
1.202990115e-15
1.249933838e-15
1.3114845e-15
1.387296545e-15
1.478466234e-15
1.588765779e-15
1.70772574e-15
1.176401793e-15
1.201241105e-15
1.239899407e-15
1.292426973e-15
1.358003831e-15
1.436182963e-15
1.530051905e-15
1.646811116e-15
1.776803508e-15
1.214681198e-15
1.242858102e-15
1.285201941e-15
1.340510393e-15
1.407374987e-15
1.486363599e-15
1.58333879e-15
1.708542145e-15
1.851732236e-15
1.261979801e-15
1.291793756e-15
1.335431946e-15
1.391002197e-15
1.457467993e-15
1.537302421e-15
1.639227951e-15
1.775600197e-15
1.934383271e-15
1.314462039e-15
1.344262443e-15
1.387236482e-15
1.441600501e-15
1.507558974e-15
1.589864259e-15
1.699576302e-15
1.850125055e-15
2.02699744e-15
1.368239266e-15
1.39691183e-15
1.43829143e-15
1.491470901e-15
1.558405008e-15
1.645947118e-15
1.766651724e-15
1.934278161e-15
2.131787055e-15
1.420412854e-15
1.447723193e-15
1.487877795e-15
1.541352607e-15
1.611906612e-15
1.707915364e-15
1.84261052e-15
2.029904259e-15
2.250678363e-15
1.469840542e-15
1.496490607e-15
1.536957805e-15
1.593236189e-15
1.670543457e-15
1.77804369e-15
1.92917021e-15
2.138444536e-15
2.385306114e-15
1.517343127e-15
1.544753596e-15
1.587806225e-15
1.649788972e-15
1.736792203e-15
1.858166935e-15
2.027624467e-15
2.261224544e-15
2.537432099e-15
1.565357447e-15
1.595291851e-15
1.643381304e-15
1.713736436e-15
1.812733814e-15
1.949723896e-15
2.13937759e-15
2.400414322e-15
2.710283124e-15
1.617238495e-15
1.651398584e-15
1.706648883e-15
1.787406981e-15
1.900049801e-15
2.054396091e-15
2.26738139e-15
2.561608484e-15
2.912569229e-15
1.676447178e-15
1.716149897e-15
1.780060696e-15
1.872619233e-15
2.00054328e-15
2.175543995e-15
2.419255255e-15
2.760615501e-15
3.171566279e-15
1.745828793e-15
1.791865493e-15
1.865353041e-15
1.970983138e-15
2.117085653e-15
2.320185826e-15
2.612014513e-15
3.037388125e-15
3.578543396e-15
1.827180325e-15
1.879941609e-15
1.963773452e-15
2.084549403e-15
2.25451921e-15
2.499508244e-15
2.869453046e-15
3.438632735e-15
4.149537531e-15
1.921299757e-15
1.981209532e-15
2.076851831e-15
2.217047282e-15
2.421474555e-15
2.73150783e-15
3.225277647e-15
4.007282477e-15
4.948791828e-15
2.028629141e-15
2.096877511e-15
2.207777431e-15
2.376000566e-15
2.634238278e-15
3.049825754e-15
3.746885054e-15
4.787346903e-15
5.978946509e-15
2.150498096e-15
2.230039428e-15
2.36333877e-15
2.575357846e-15
2.920158225e-15
3.505594578e-15
4.440189742e-15
5.775535585e-15
7.253990357e-15
2.291103114e-15
2.388053376e-15
2.557106284e-15
2.840008713e-15
3.323188882e-15
4.113266028e-15
5.331532925e-15
6.985421557e-15
8.797348072e-15
2.460983871e-15
2.586924416e-15
2.815888985e-15
3.216001868e-15
3.877764853e-15
4.919462948e-15
6.427915815e-15
8.436886664e-15
1.063745252e-14
2.684395952e-15
2.85995337e-15
3.191987557e-15
3.742445296e-15
4.617116721e-15
5.916750742e-15
7.741085211e-15
1.015294475e-14
1.280684305e-14
3.018466537e-15
3.273554524e-15
3.721529299e-15
4.449289892e-15
5.545606154e-15
7.115248927e-15
9.289338853e-15
1.216059126e-14
1.534147088e-14
3.50806894e-15
3.845953689e-15
4.438171805e-15
5.347467688e-15
6.668546728e-15
8.529647194e-15
1.109472763e-14
1.449051028e-14
1.828088824e-14
4.186787119e-15
4.623129634e-15
5.349594335e-15
6.438267164e-15
7.996741598e-15
1.017793954e-14
1.318274555e-14
1.717639285e-14
2.166779146e-14
5.066538999e-15
5.59217358e-15
6.452642267e-15
7.728564656e-15
9.54417169e-15
1.208076069e-14
1.558130037e-14
2.025444806e-14
2.554744783e-14
6.136042808e-15
6.751094329e-15
7.751564126e-15
9.22885165e-15
1.132725346e-14
1.426112702e-14
1.832046204e-14
2.376295493e-14
2.996708154e-14
7.394501351e-15
8.103622418e-15
9.254619717e-15
1.095230068e-14
1.336498951e-14
1.674406377e-14
2.143215928e-14
2.774183278e-14
3.497523295e-14
8.846382804e-15
9.657206894e-15
1.097296981e-14
1.291491165e-14
1.567845165e-14
1.955644283e-14
2.494989247e-14
3.223218083e-14
4.062105731e-14
1.049967084e-14
1.142240345e-14
1.292083026e-14
1.513494596e-14
1.829066234e-14
2.27267562e-14
2.890839074e-14
3.727572173e-14
4.69534854e-14
1.236579527e-14
1.341288148e-14
1.511481882e-14
1.76327514e-14
2.12263846e-14
2.628483451e-14
3.334314875e-14
4.291403672e-14
5.402008164e-14
1.445903449e-14
1.564477228e-14
1.757376055e-14
2.043055435e-14
2.451186042e-14
3.026144219e-14
3.828973034e-14
4.918737319e-14
6.186519998e-14
1.679609692e-14
1.813646374e-14
2.031845788e-14
2.355219996e-14
2.81744654e-14
3.468771062e-14
4.378271955e-14
5.613261923e-14
7.052637439e-14
1.939587625e-14
2.090833083e-14
2.337142508e-14
2.702286182e-14
3.22423232e-14
3.959452425e-14
4.985454194e-14
6.378042548e-14
8.00255796e-14
2.227915511e-14
2.398246209e-14
2.675661749e-14
3.086875831e-14
3.674401104e-14
4.501234388e-14
5.653607311e-14
7.21594137e-14
9.038742073e-14
2.546832148e-14
2.738237925e-14
3.049915004e-14
3.511685863e-14
4.170825321e-14
5.097088205e-14
6.385603716e-14
8.129327643e-14
1.016488753e-13
2.898707578e-14
3.113274177e-14
3.462499043e-14
3.979456245e-14
4.716363189e-14
5.749914981e-14
7.184303039e-14
9.121257351e-14
1.138383947e-13
3.286011266e-14
3.525901055e-14
3.916058099e-14
4.492921743e-14
5.313776746e-14
6.462320243e-14
8.051656286e-14
1.019489946e-13
1.269809807e-13
3.711275041e-14
3.978704511e-14
4.413238663e-14
5.054766576e-14
5.965737542e-14
7.23697928e-14
8.990936823e-14
1.135298961e-13
1.410964363e-13
4.177045279e-14
4.474254506e-14
4.95661292e-14
5.667482943e-14
6.67443681e-14
8.075221064e-14
1.000481819e-13
1.259772636e-13
1.561982193e-13
4.68581762e-14
5.015034765e-14
5.548610471e-14
6.333355234e-14
7.441876859e-14
8.980573394e-14
1.109597346e-13
1.393097726e-13
1.722945282e-13
5.23992728e-14
5.603319467e-14
6.191379361e-14
7.054329859e-14
8.270172478e-14
9.955558957e-14
1.226655211e-13
1.535411276e-13
1.893880698e-13
5.841333109e-14
6.240910004e-14
6.886410807e-14
7.831334725e-14
9.161825153e-14
1.100230065e-13
1.351819002e-13
1.686799094e-13
2.074770365e-13
6.491186268e-14
6.928655988e-14
7.634050747e-14
8.666661811e-14
1.011869573e-13
1.212224467e-13
1.485183971e-13
1.847294587e-13
2.265576693e-13
7.188903502e-14
7.665959326e-14
8.435593643e-14
9.561320232e-14
1.114137416e-13
1.331554325e-13
1.62673116e-13
2.016869331e-13
2.466291835e-13
7.93334483e-14
8.452770556e-14
9.290364003e-14
1.05139324e-13
1.222780557e-13
1.457963912e-13
1.776210896e-13
2.195390767e-13
2.67702273e-13
8.72103104e-14
9.284729938e-14
1.019295402e-13
1.151785144e-13
1.337011415e-13
1.590594008e-13
1.932846356e-13
2.382469457e-13
2.898113529e-13
9.539535827e-14
1.014802621e-13
1.112756019e-13
1.25547904e-13
1.454742754e-13
1.727196785e-13
2.094564315e-13
2.576935391e-13
3.130214743e-13
1.035727445e-13
1.100852991e-13
1.205615036e-13
1.358149131e-13
1.571049914e-13
1.862355495e-13
2.256046135e-13
2.775138689e-13
3.373760295e-13
1.110241054e-13
1.178973078e-13
1.289485087e-13
1.450377907e-13
1.6751824e-13
1.983817916e-13
2.404019922e-13
2.965328015e-13
3.624562734e-13
1.162462129e-13
1.233410712e-13
1.347454821e-13
1.513525485e-13
1.745931684e-13
2.066474236e-13
2.507596498e-13
3.110096667e-13
3.846745666e-13
6.564705439e-45
6.782311391e-44
3.214375413e-43
1.144006423e-42
3.574530845e-42
1.05155711e-41
3.021270931e-41
8.639359227e-41
2.48152415e-40
7.185654112e-40
2.098881677e-39
6.178974774e-39
1.830852438e-38
5.452296969e-38
1.6298476e-37
4.885481116e-37
1.467257538e-36
4.412358532e-36
1.327989907e-35
3.998690054e-35
1.204208092e-34
3.625852948e-34
1.091168793e-33
3.280659359e-33
9.848772601e-33
2.950187527e-32
8.809821114e-32
2.619546775e-31
7.744378039e-31
2.272259672e-30
6.60214882e-30
1.894694153e-29
5.354429406e-29
1.485018488e-28
4.026882456e-28
1.063362115e-27
2.723064528e-27
6.73425124e-27
1.601966249e-26
3.652764622e-26
7.961239708e-26
1.655625708e-25
3.283767154e-25
6.218746682e-25
1.127710499e-24
1.967167113e-24
3.320689658e-24
5.461147513e-24
8.807469002e-24
1.400344627e-23
2.202194169e-23
3.428847876e-23
5.282037823e-23
8.047962802e-23
1.222429803e-22
1.929270641e-22
3.288767535e-22
5.892093342e-22
1.092421917e-21
2.072502325e-21
3.97226551e-21
7.568689075e-21
1.411985137e-20
2.560048048e-20
4.52429712e-20
7.863228873e-20
1.356016789e-19
2.334923121e-19
4.028563412e-19
6.972552374e-19
1.209460259e-18
2.097103882e-18
3.621383164e-18
6.202574585e-18
1.049563115e-17
1.748783466e-17
2.861834767e-17
4.591671514e-17
7.215425882e-17
1.109993933e-16
1.671657716e-16
2.465415221e-16
3.562897516e-16
5.049056112e-16
7.022615663e-16
9.595890693e-16
1.289029125e-15
1.703558805e-15
2.216667001e-15
2.841957963e-15
3.59269831e-15
4.481329691e-15
5.518973872e-15
6.714959026e-15
8.076395038e-15
9.607822066e-15
1.131095103e-14
1.318450793e-14
1.522418695e-14
1.742271049e-14
1.976998859e-14
2.225336572e-14
2.485793922e-14
2.756693223e-14
3.036210261e-14
3.322417006e-14
3.613324455e-14
3.906924118e-14
4.201226874e-14
4.494298206e-14
4.784289072e-14
5.069461939e-14
5.348211758e-14
5.619081873e-14
5.880775016e-14
6.13215973e-14
6.37227262e-14
6.600316962e-14
6.815658173e-14
7.017816728e-14
7.206459052e-14
7.381386893e-14
7.542525673e-14
7.689912214e-14
7.823682224e-14
7.94405784e-14
8.051335499e-14
8.14587431e-14
8.228085105e-14
8.298420264e-14
8.357364373e-14
8.405425775e-14
8.443128996e-14
8.471008053e-14
8.489600603e-14
8.499442896e-14
8.501065479e-14
8.494989596e-14
8.481724213e-14
8.461763619e-14
8.435585537e-14
8.403649685e-14
8.366396729e-14
8.324247564e-14
8.277602847e-14
8.226842679e-14
8.172326287e-14
8.114392757e-14
8.053362725e-14
7.989538686e-14
7.92320467e-14
7.854626676e-14
7.784053381e-14
7.711716959e-14
7.637833788e-14
7.562605207e-14
7.486218295e-14
7.408846691e-14
7.33065133e-14
7.251781207e-14
7.172374111e-14
7.092557312e-14
7.012448213e-14
6.932154974e-14
6.851777109e-14
6.77140606e-14
6.691125737e-14
6.611013033e-14
6.531138302e-14
6.451565815e-14
6.37235418e-14
6.293556734e-14
6.215221894e-14
6.137393481e-14
6.060110992e-14
5.98340982e-14
5.9073214e-14
5.831873269e-14
5.757088993e-14
5.68298793e-14
5.609584771e-14
5.536888794e-14
5.464902739e-14
5.393621234e-14
5.32302864e-14
5.253096245e-14
5.18377869e-14
5.115009573e-14
5.046696185e-14
4.978713373e-14
4.910896614e-14
4.843034478e-14
4.774860719e-14
4.70604642e-14
4.636192667e-14
4.564824513e-14
4.491388551e-14
4.41525348e-14
4.335711768e-14
4.251987447e-14
4.163250107e-14
4.068635593e-14
3.9672739e-14
3.85832441e-14
3.741018136e-14
3.614705949e-14
3.478911053e-14
3.333383071e-14
3.178150307e-14
3.013565946e-14
2.840343427e-14
2.65957604e-14
2.472736138e-14
2.281650348e-14
2.088448855e-14
1.895489156e-14
1.705257494e-14
1.520254035e-14
1.342870415e-14
1.175269951e-14
1.01928128e-14
8.763151767e-15
7.47311934e-15
6.327234192e-15
5.32530345e-15
4.462925377e-15
3.732295716e-15
3.123340084e-15
2.625347532e-15
2.226186219e-15
1.90912729e-15
1.659566367e-15
1.465492179e-15
1.316561398e-15
1.2040423e-15
1.120733289e-15
1.060843961e-15
1.01984322e-15
9.942852797e-16
9.816246814e-16
9.800270818e-16
9.881745223e-16
1.005048069e-15
1.029634815e-15
1.060428212e-15
1.094422409e-15
1.124897206e-15
1.136259557e-15
1.131756474e-15
1.126459513e-15
1.128144171e-15
1.140617641e-15
1.165276555e-15
1.201791933e-15
1.248103755e-15
1.30042749e-15
1.354685416e-15
1.407588961e-15
1.457534001e-15
1.504951494e-15
1.552055584e-15
1.602176701e-15
1.658927233e-15
1.725410578e-15
1.803672156e-15
1.894600235e-15
1.998421991e-15
2.115823188e-15
2.24977195e-15
2.408654345e-15
2.612877962e-15
2.910989899e-15
3.365616845e-15
3.998267407e-15
4.837000886e-15
5.866216635e-15
7.082845212e-15
8.489859284e-15
1.009406112e-14
1.190575231e-14
1.393834106e-14
1.620774583e-14
1.873216492e-14
2.153176608e-14
2.462840003e-14
2.804530687e-14
3.180680395e-14
3.593792856e-14
4.046398804e-14
4.540993641e-14
5.079934187e-14
5.665240413e-14
6.298191621e-14
6.978462198e-14
7.704163668e-14
8.472210292e-14
9.270811468e-14
1.006952507e-13
1.079859965e-13
1.131091613e-13
)
;

boundaryField
{
    outlet
    {
        type            inletOutlet;
        inletValue      uniform 0;
        value           nonuniform List<scalar> 10(1.162462129e-13 1.233410712e-13 1.347454821e-13 1.513525485e-13 1.745931684e-13 2.066474236e-13 2.507596498e-13 3.110096667e-13 3.846745666e-13 1.131091613e-13);
    }
    inlet
    {
        type            fixedValue;
        value           uniform 0;
    }
    front
    {
        type            wedge;
    }
    wall
    {
        type            zeroGradient;
    }
    back
    {
        type            wedge;
    }
}


// ************************************************************************* //
