/*--------------------------------*- C++ -*----------------------------------*\
| =========                 |                                                 |
| \\      /  F ield         | OpenFOAM: The Open Source CFD Toolbox           |
|  \\    /   O peration     | Version:  2212                                  |
|   \\  /    A nd           | Website:  www.openfoam.com                      |
|    \\/     M anipulation  |                                                 |
\*---------------------------------------------------------------------------*/
FoamFile
{
    version     2.0;
    format      ascii;
    arch        "LSB;label=32;scalar=64";
    class       volScalarField;
    location    "30.00000000";
    object      A2CH2-2_0;
}
// * * * * * * * * * * * * * * * * * * * * * * * * * * * * * * * * * * * * * //

dimensions      [0 0 0 0 0 0 0];

internalField   nonuniform List<scalar> 
3000
(
5.970240986e-23
6.703805241e-23
7.809867487e-23
9.282162986e-23
1.110450438e-22
1.322634179e-22
1.551946141e-22
1.770551997e-22
1.925084175e-22
2.241802e-22
2.527424695e-22
2.957887185e-22
3.532115835e-22
4.248985395e-22
5.103948679e-22
6.081825527e-22
7.133483743e-22
8.065277808e-22
5.022925459e-22
5.707542985e-22
6.749219232e-22
8.161911375e-22
9.969342241e-22
1.219542283e-21
1.482884862e-21
1.772054753e-21
2.018950963e-21
9.571452868e-22
1.099087385e-21
1.318261867e-21
1.621872071e-21
2.020290701e-21
2.522964911e-21
3.126107597e-21
3.780434644e-21
4.306955845e-21
1.700496495e-21
1.976873223e-21
2.410488779e-21
3.02315132e-21
3.843228992e-21
4.892757686e-21
6.152410051e-21
7.485507338e-21
8.505699765e-21
2.925547697e-21
3.44495361e-21
4.271821036e-21
5.459029592e-21
7.070276782e-21
9.147140123e-21
1.163004695e-20
1.42097306e-20
1.612508525e-20
4.968396568e-21
5.923157844e-21
7.460911444e-21
9.693912487e-21
1.274718839e-20
1.668273832e-20
2.133978041e-20
2.607593198e-20
2.949573733e-20
8.41040347e-21
1.013865704e-20
1.294682086e-20
1.70557336e-20
2.269497909e-20
2.994630945e-20
3.844637641e-20
4.695763577e-20
5.2996149e-20
1.425944133e-20
1.735408486e-20
2.241460757e-20
2.985593244e-20
4.008548882e-20
5.320141822e-20
6.846250518e-20
8.358247274e-20
9.41911297e-20
2.426250679e-20
2.976006867e-20
3.879052984e-20
5.211136235e-20
7.04331444e-20
9.38613383e-20
1.209692206e-19
1.476298194e-19
1.661979248e-19
4.145152312e-20
5.116136345e-20
6.71604181e-20
9.080600753e-20
1.233264274e-19
1.648140201e-19
2.126183835e-19
2.593950223e-19
2.918131592e-19
7.109364826e-20
8.817146741e-20
1.163689856e-19
1.580885825e-19
2.154432095e-19
2.884680866e-19
3.723492513e-19
4.54139273e-19
5.106464331e-19
1.223508115e-19
1.523015567e-19
2.01819485e-19
2.751205104e-19
3.758235586e-19
5.038031839e-19
6.50433121e-19
7.93068629e-19
8.915151259e-19
2.111760238e-19
2.63613133e-19
3.503822568e-19
4.788414652e-19
6.551532638e-19
8.78744683e-19
1.134175426e-18
1.382142395e-18
1.554081497e-18
3.653553372e-19
4.570926459e-19
6.090001211e-19
8.339161476e-19
1.142306908e-18
1.532318883e-18
1.975467354e-18
2.402729962e-18
2.70748845e-18
6.332288343e-19
7.936810555e-19
1.059620949e-18
1.453671094e-18
1.994063193e-18
2.676293885e-18
3.443990922e-18
4.148311055e-18
4.726084826e-18
1.09867218e-18
1.37911021e-18
1.84446106e-18
2.53518819e-18
3.485585661e-18
4.695198973e-18
6.089147309e-18
7.481495183e-18
8.351852356e-18
1.906901758e-18
2.396088074e-18
3.208173837e-18
4.413837477e-18
6.072225351e-18
8.178882844e-18
1.058847557e-17
1.292382524e-17
1.45088149e-17
3.309635172e-18
4.161350041e-18
5.575281925e-18
7.673867597e-18
1.055820725e-17
1.421669464e-17
1.839125023e-17
2.242717629e-17
2.518884511e-17
5.743678881e-18
7.224787921e-18
9.683450705e-18
1.333177723e-17
1.834383382e-17
2.469709809e-17
3.194183388e-17
3.894379515e-17
4.373853789e-17
9.967349514e-18
1.25412944e-17
1.681398803e-17
2.315331027e-17
3.186029278e-17
4.289406546e-17
5.54725318e-17
6.762704603e-17
7.594983992e-17
1.729723508e-17
2.176892507e-17
2.919179968e-17
4.020418286e-17
5.532735382e-17
7.448806443e-17
9.632623957e-17
1.174237214e-16
1.318678187e-16
3.001911195e-17
3.778639888e-17
5.067964028e-17
6.980619093e-17
9.606848602e-17
1.293350742e-16
1.672405172e-16
2.038504906e-16
2.289089013e-16
5.210087663e-17
6.559090272e-17
8.798238553e-17
1.211952329e-16
1.667903174e-16
2.245305253e-16
2.903013949e-16
3.53803182e-16
3.972549285e-16
9.042912682e-17
1.138553163e-16
1.527354423e-16
2.103952941e-16
2.895306698e-16
3.897104911e-16
5.037767961e-16
6.138602408e-16
6.891560777e-16
1.569521865e-16
1.976266016e-16
2.651223201e-16
3.651935963e-16
5.024865975e-16
6.762093846e-16
8.73906236e-16
1.064591668e-15
1.194949336e-15
2.723894547e-16
3.42995258e-16
4.601313928e-16
6.337382203e-16
8.718009909e-16
1.172845989e-15
1.51519075e-15
1.845144121e-15
2.07054798e-15
4.726427478e-16
5.95163523e-16
7.983594396e-16
1.09936713e-15
1.511859965e-15
2.033055888e-15
2.625193059e-15
3.195323258e-15
3.584427569e-15
8.198557718e-16
1.032355748e-15
1.384620282e-15
1.906113529e-15
2.620135811e-15
3.521356591e-15
4.543977024e-15
5.527289337e-15
6.197530015e-15
1.421445015e-15
1.789737238e-15
2.399901028e-15
3.302423006e-15
4.536761076e-15
6.092557172e-15
7.855106046e-15
9.547003867e-15
1.069831704e-14
2.462749478e-15
3.100406474e-15
4.156034741e-15
5.715766709e-15
7.845890593e-15
1.052603678e-14
1.355618454e-14
1.645853828e-14
1.842937555e-14
4.26284554e-15
5.365369382e-15
7.188816901e-15
9.879330784e-15
1.354715159e-14
1.815186671e-14
2.334469794e-14
2.83050161e-14
3.166442132e-14
7.369565818e-15
9.272429555e-15
1.241575515e-14
1.704582278e-14
2.334364495e-14
3.122864526e-14
4.009300582e-14
4.853232403e-14
5.422949236e-14
1.272048831e-14
1.599710402e-14
2.140167149e-14
2.934576559e-14
4.012188462e-14
5.356924415e-14
6.863002419e-14
8.291154107e-14
9.251558048e-14
2.191423375e-14
2.754008774e-14
3.680276817e-14
5.038313424e-14
6.874441878e-14
9.156686533e-14
1.170138556e-13
1.410313512e-13
1.571102902e-13
3.766492377e-14
4.729021476e-14
6.310327062e-14
8.621676149e-14
1.173458581e-13
1.558592579e-13
1.985797591e-13
2.386836215e-13
2.653948408e-13
6.455845903e-14
8.095656218e-14
1.078269171e-13
1.469616478e-13
1.994292461e-13
2.639966739e-13
3.35195628e-13
4.016289927e-13
4.4562554e-13
1.103020595e-13
1.380991821e-13
1.835108615e-13
2.493744817e-13
3.372183098e-13
4.446670263e-13
5.623719559e-13
6.714654088e-13
7.432672243e-13
1.877727978e-13
2.346209128e-13
3.108899159e-13
4.209823954e-13
5.66954406e-13
7.443041749e-13
9.371816159e-13
1.114659323e-12
1.230699583e-12
3.183480492e-13
3.967859138e-13
5.23979833e-13
7.066011226e-13
9.47165482e-13
1.237295728e-12
1.550383063e-12
1.836276e-12
2.021916645e-12
5.372717808e-13
6.676368055e-13
8.781048739e-13
1.178506671e-12
1.571420045e-12
2.041561271e-12
2.544759263e-12
3.000616253e-12
3.29454182e-12
9.022191347e-13
1.117137412e-12
1.462436074e-12
1.952126156e-12
2.58776977e-12
3.342054355e-12
4.142553913e-12
4.861907754e-12
5.322464603e-12
1.506828481e-12
1.858035247e-12
2.419359409e-12
3.20997112e-12
4.228059915e-12
5.42584053e-12
6.686103836e-12
7.809514458e-12
8.523779482e-12
2.501857758e-12
3.070403087e-12
3.974069088e-12
5.237750311e-12
6.851657846e-12
8.733942159e-12
1.069746648e-11
1.243396191e-11
1.353062247e-11
4.127901981e-12
5.039198761e-12
6.479305492e-12
8.478305964e-12
1.101006939e-11
1.393728786e-11
1.696520895e-11
1.962262649e-11
2.129016065e-11
6.765430905e-12
8.211134426e-12
1.048230081e-11
1.361140696e-11
1.754159049e-11
2.204709194e-11
2.666981202e-11
3.069747127e-11
3.320967345e-11
1.101047177e-11
1.327988568e-11
1.682399238e-11
2.167076295e-11
2.770886449e-11
3.457413273e-11
4.156369096e-11
4.761209432e-11
5.136374893e-11
1.778784677e-11
2.131249104e-11
2.678473547e-11
3.421425016e-11
4.339737452e-11
5.375712563e-11
6.422810818e-11
7.323207885e-11
7.878861595e-11
2.851885991e-11
3.393510117e-11
4.229653803e-11
5.356974864e-11
6.740002843e-11
8.288828084e-11
9.843788436e-11
1.117318771e-10
1.198982302e-10
4.536724869e-11
5.360360864e-11
6.624987095e-11
8.318785825e-11
1.038228213e-10
1.267749823e-10
1.496766464e-10
1.691541462e-10
1.810698811e-10
7.159682975e-11
8.399493074e-11
1.029342503e-10
1.281450184e-10
1.586600666e-10
1.923913524e-10
2.258614849e-10
2.54194606e-10
2.714651716e-10
1.120876465e-10
1.305690145e-10
1.586673422e-10
1.958576459e-10
2.406063153e-10
2.897937111e-10
3.383579774e-10
3.792992421e-10
4.041767285e-10
1.740760444e-10
2.013716657e-10
2.426876408e-10
2.970877482e-10
3.621946265e-10
4.334011589e-10
5.033975208e-10
5.621946216e-10
5.978254343e-10
2.681912471e-10
3.081530297e-10
3.683989421e-10
4.473521199e-10
5.413934558e-10
6.43788187e-10
7.440547897e-10
8.280161806e-10
8.787788142e-10
4.099366066e-10
4.679665614e-10
5.551382531e-10
6.689006164e-10
8.038290911e-10
9.501671435e-10
1.092981047e-09
1.212248904e-09
1.284216691e-09
6.217685547e-10
7.054031158e-10
8.306380616e-10
9.934695333e-10
1.185874864e-09
1.393833203e-09
1.596189672e-09
1.764793871e-09
1.866366042e-09
9.360057903e-10
1.055711443e-09
1.23445701e-09
1.466106274e-09
1.738930922e-09
2.032926404e-09
2.318280542e-09
2.555574561e-09
2.698336704e-09
1.398885864e-09
1.569141121e-09
1.822743054e-09
2.150466322e-09
2.535337917e-09
2.948999353e-09
3.349635507e-09
3.682251327e-09
3.882147916e-09
2.07620185e-09
2.316967049e-09
2.67482708e-09
3.136130027e-09
3.676529756e-09
4.256057252e-09
4.816310614e-09
5.280818015e-09
5.559747555e-09
3.061110115e-09
3.399822455e-09
3.902326925e-09
4.548686833e-09
5.304251632e-09
6.112979624e-09
6.893612914e-09
7.540131984e-09
7.928114635e-09
4.484916391e-09
4.959196863e-09
5.661690783e-09
6.563608277e-09
7.615970732e-09
8.740561578e-09
9.824704321e-09
1.072180808e-08
1.12599292e-08
6.5319438e-09
7.193269902e-09
8.171449165e-09
9.425302347e-09
1.088601206e-08
1.244485418e-08
1.394605631e-08
1.518742256e-08
1.59318293e-08
9.459990534e-09
1.037867803e-08
1.173590188e-08
1.347323756e-08
1.549449502e-08
1.764908348e-08
1.9722235e-08
2.143567133e-08
2.246299861e-08
1.362842126e-08
1.490037471e-08
1.677757122e-08
1.917768809e-08
2.19668841e-08
2.493724416e-08
2.779338245e-08
3.015307075e-08
3.15678064e-08
1.953663618e-08
2.129248677e-08
2.388156226e-08
2.718855058e-08
3.102796506e-08
3.511355886e-08
3.903994892e-08
4.228305687e-08
4.422753719e-08
2.787659693e-08
3.029407015e-08
3.385606439e-08
3.840188631e-08
4.367538079e-08
4.928344859e-08
5.467081395e-08
5.912002934e-08
6.178800251e-08
3.960433818e-08
4.292499266e-08
4.781465788e-08
5.405040419e-08
6.127958722e-08
6.896356068e-08
7.634300624e-08
8.243710259e-08
8.609212878e-08
5.603698022e-08
6.058884478e-08
6.728789671e-08
7.582609102e-08
8.571928311e-08
9.623082204e-08
1.06323878e-07
1.146591558e-07
1.196595546e-07
7.898369957e-08
8.521183713e-08
9.437386208e-08
1.060456172e-07
1.195640527e-07
1.339234479e-07
1.477098171e-07
1.590962256e-07
1.659288565e-07
1.109214061e-07
1.194290427e-07
1.319399566e-07
1.478719771e-07
1.663190579e-07
1.859102248e-07
2.047192573e-07
2.202561989e-07
2.295820738e-07
1.552283861e-07
1.668319846e-07
1.838910262e-07
2.056088262e-07
2.307498534e-07
2.574478676e-07
2.830814579e-07
3.042596608e-07
3.169752059e-07
2.164917501e-07
2.32294193e-07
2.555215832e-07
2.850867535e-07
3.193082514e-07
3.556491625e-07
3.905454634e-07
4.193826869e-07
4.367012669e-07
3.009067258e-07
3.223935019e-07
3.539719527e-07
3.941626024e-07
4.406817772e-07
4.900858763e-07
5.375345177e-07
5.76753836e-07
6.003126809e-07
4.167871767e-07
4.45950943e-07
4.888088232e-07
5.433529905e-07
6.064884664e-07
6.735485935e-07
7.379682574e-07
7.912276074e-07
8.232251293e-07
5.752064935e-07
6.147052927e-07
6.727489844e-07
7.466202129e-07
8.321341317e-07
9.229790562e-07
1.010266318e-06
1.082446035e-06
1.125813168e-06
7.907853006e-07
8.441386602e-07
9.225398531e-07
1.022321443e-06
1.137839326e-06
1.260577619e-06
1.378530851e-06
1.476081182e-06
1.534687338e-06
1.082636105e-06
1.154460756e-06
1.260000438e-06
1.394319243e-06
1.549826704e-06
1.715067862e-06
1.873880819e-06
2.005223125e-06
2.084111806e-06
1.475463718e-06
1.571746305e-06
1.713210401e-06
1.893231734e-06
2.101635519e-06
2.323071821e-06
2.535877876e-06
2.711841057e-06
2.817483373e-06
2.000802607e-06
2.129200218e-06
2.317811866e-06
2.557773813e-06
2.835498533e-06
3.13051301e-06
3.413942193e-06
3.648199582e-06
3.788736497e-06
2.698347362e-06
2.868498143e-06
3.1183587e-06
3.436107312e-06
3.803678537e-06
4.193921713e-06
4.568609738e-06
4.87805119e-06
5.063477232e-06
3.617300845e-06
3.841117087e-06
4.169613417e-06
4.587081064e-06
5.069625272e-06
5.581478629e-06
6.072433841e-06
6.47741986e-06
6.719826278e-06
4.817628543e-06
5.109534075e-06
5.537655483e-06
6.081209729e-06
6.708776524e-06
7.373589479e-06
8.010359742e-06
8.534937992e-06
8.848466942e-06
6.371070365e-06
6.748137805e-06
7.300633728e-06
8.001200511e-06
8.808787002e-06
9.662878798e-06
1.047959364e-05
1.115125203e-05
1.155198119e-05
8.361726223e-06
8.843655564e-06
9.548943373e-06
1.044179432e-05
1.146918549e-05
1.255360129e-05
1.358840798e-05
1.443765489e-05
1.494331996e-05
1.088595309e-05
1.149482462e-05
1.238466856e-05
1.35091545e-05
1.48003086e-05
1.615991986e-05
1.745418078e-05
1.851383596e-05
1.914338894e-05
1.405162011e-05
1.48116516e-05
1.59206654e-05
1.731920602e-05
1.892110693e-05
2.060345262e-05
2.220058754e-05
2.35048048e-05
2.427782586e-05
1.797676542e-05
1.891356339e-05
2.027813575e-05
2.199501185e-05
2.395626237e-05
2.601003126e-05
2.795405829e-05
2.953713366e-05
3.047313249e-05
2.278676283e-05
2.392651892e-05
2.558363765e-05
2.766348471e-05
3.003258478e-05
3.250582417e-05
3.4839691e-05
3.673473676e-05
3.785239332e-05
2.861097682e-05
2.997950233e-05
3.196536242e-05
3.445144613e-05
3.727487245e-05
4.021304621e-05
4.297687018e-05
4.521445198e-05
4.653085333e-05
3.557870079e-05
3.720036646e-05
3.954886555e-05
4.248125918e-05
4.580148486e-05
4.924552269e-05
5.247486966e-05
5.508170778e-05
5.661163787e-05
4.381461654e-05
4.571127549e-05
4.845250898e-05
5.186630744e-05
5.571990803e-05
5.97043898e-05
6.342871749e-05
6.642654552e-05
6.81818778e-05
5.343406458e-05
5.562403973e-05
5.878290798e-05
6.27066107e-05
6.712259481e-05
7.167419915e-05
7.591557208e-05
7.932022847e-05
8.130945991e-05
6.453843886e-05
6.703564916e-05
7.063067823e-05
7.508485575e-05
8.00833346e-05
8.521965328e-05
8.999180816e-05
9.381261194e-05
9.604056185e-05
7.72110091e-05
8.002429538e-05
8.406675074e-05
8.906308083e-05
9.465435721e-05
0.0001003831402
0.0001056909463
0.000109930381
0.0001123980634
9.151343369e-05
9.464612476e-05
9.913946858e-05
0.0001046801924
0.0001108643097
0.0001171831668
0.0001230224908
0.0001276761945
0.0001303808575
0.0001074831613
0.0001109328987
0.0001158726101
0.0001219504208
0.0001287171734
0.0001356137196
0.0001419716731
0.0001470287092
0.0001499640243
0.0001251318406
0.0001288906584
0.0001342644057
0.0001408627487
0.0001481921189
0.0001556445206
0.0001625000418
0.0001679434088
0.000171099783
0.0001444447769
0.0001484994132
0.0001542875417
0.0001613812745
0.0001692442361
0.0001772220892
0.000184546794
0.0001903541207
0.000193719101
0.0001653813946
0.0001697137984
0.0001758900783
0.0001834464221
0.0001918060286
0.0002002714884
0.0002080307159
0.0002141750837
0.0002177338207
0.0001878766073
0.0001924645924
0.0001989971605
0.0002069768607
0.000215789532
0.0002246986064
0.0002328525833
0.0002393034185
0.0002430391589
0.0002118429441
0.0002166609412
0.0002235133655
0.0002318719788
0.0002410888975
0.0002503928208
0.0002588978712
0.0002656218558
0.0002695164352
0.0002371732608
0.0002421931169
0.0002493255167
0.0002580147454
0.0002675832811
0.0002772298923
0.0002860396327
0.0002930015887
0.0002970359032
0.0002637438486
0.0002689356303
0.0002763057906
0.0002852747955
0.0002951398883
0.0003050749513
0.0003141414195
0.0003213051324
0.0003254595716
0.0002914177634
0.000296750525
0.0003043149555
0.0003135115922
0.0003236170402
0.0003337854585
0.0003430601381
0.000350389096
0.0003546439258
0.0003200482118
0.000325490701
0.0003332056017
0.0003425775367
0.0003528671492
0.0003632140405
0.000372648759
0.0003801067917
0.0003844424808
0.0003494818574
0.0003550031363
0.0003628252435
0.0003723209264
0.0003827395163
0.00039321113
0.0004027588152
0.0004103106266
0.0004147081151
0.000379561935
0.0003851319068
0.0003930192054
0.00040258868
0.0004130828864
0.0004236273547
0.0004332426484
0.0004408542437
0.0004452951552
0.0004101310929
0.0004157209286
0.0004236332265
0.0004332287798
0.000443747719
0.0004543156458
0.0004639553796
0.0004715943911
0.0004760611922
0.0004410339094
0.0004466163764
0.0004545157437
0.0004640923981
0.0004745881521
0.0004851330495
0.0004947565919
0.0005023925148
0.0005068686277
0.0004721190532
0.0004776687525
0.0004855198352
0.0004950356961
0.0005054636527
0.0005159422398
0.0005255117304
0.0005331160777
0.0005375859533
0.0005032410795
0.0005087345997
0.0005165048217
0.0005259212968
0.0005362403594
0.0005466127421
0.0005560932283
0.000563639619
0.0005680887764
0.0005342618695
0.0005396778695
0.0005473375378
0.000556619447
0.0005667921341
0.0005770218845
0.0005863813771
0.000593845569
0.0005982606089
0.0005650517315
0.000570370964
0.0005778932941
0.000587008889
0.0005970013436
0.0006070554984
0.0006162649631
0.000623624842
0.0006279934392
0.0005954901944
0.0006006954812
0.0006080565585
0.0006169774703
0.0006267593978
0.0006366083938
0.0006456416924
0.0006528772285
0.0006571881102
0.0006254665246
0.0006305426953
0.0006377213873
0.0006464225207
0.0006559670741
0.0006655846363
0.0006744184309
0.0006815116118
0.0006857545245
0.0006548800025
0.0006598138068
0.0006667916405
0.0006752510283
0.0006845346543
0.0006938976506
0.0007025112832
0.0007094460297
0.0007136117001
0.0006836399955
0.000688419997
0.0006951810124
0.0007033796435
0.0007123819046
0.0007214701793
0.0007298455341
0.0007366076064
0.0007406876979
0.0007116658601
0.0007162823193
0.0007228129087
0.0007307345423
0.0007394379234
0.000748234118
0.0007563554749
0.0007629323736
0.000766919441
0.000738886705
0.0007433314581
0.0007496201993
0.0007572511712
0.0007656408813
0.0007741302507
0.0007819841356
0.0007883650007
0.0007922524446
0.0007652410436
0.0007695073809
0.000775544871
0.0007828739014
0.0007909376754
0.0007991079057
0.0008066829421
0.0008128584528
0.0008166404752
0.0007906763597
0.0007947589079
0.0008005376023
0.0008075556099
0.0008152835176
0.0008231245488
0.0008304113137
0.0008363735922
0.0008400451531
0.0008151486079
0.00081904322
0.0008245572811
0.0008312572078
0.0008386414733
0.0008461453329
0.0008531362206
0.0008588787399
0.0008624355169
0.0008386216815
0.0008423253327
0.0008475704884
0.0008539471358
0.0008609819687
0.0008681426153
0.0008748317108
0.0008803492107
0.0008837875614
0.0008610668897
0.000864577576
0.0008695509861
0.0008756008634
0.0008822823024
0.0008890954796
0.0008954784371
0.000900766841
0.000904083767
0.0008824625021
0.0008857791067
0.0008904792152
0.0008962003872
0.0009025261515
0.0009089892515
0.0009150631834
0.0009201195232
0.0009233126358
0.0009027931077
0.0009059154516
0.0009103418574
0.0009157337786
0.0009217031124
0.0009278150394
0.0009335784066
0.0009384007496
0.0009414682376
0.0009220491885
0.0009249778512
0.0009291313458
0.0009341947373
0.0009398082627
0.0009455692962
0.0009510217982
0.0009556091727
0.0009585497692
0.0009402268275
0.0009429630407
0.0009468453339
0.0009515821827
0.000956841735
0.0009622533932
0.0009673958581
0.0009717481788
0.0009745611264
0.000957327197
0.0009598727721
0.0009634863913
0.0009678996675
0.0009728082622
0.0009778731925
0.0009827074732
0.000986825468
0.0009895104843
0.0009733560476
0.0009757133171
0.0009790615276
0.0009831551016
0.0009877167963
0.0009924386276
0.0009969674979
0.001000852636
0.00100340988
0.0009883232139
0.0009904949758
0.0009935817002
0.0009973602379
0.00100157996
0.00100596325
0.001010190328
0.001013844759
0.001016274796
0.001002242147
0.001004231615
0.001007061365
0.001010530245
0.001014413701
0.001018463837
0.001022393499
0.001025819988
0.001028123761
0.001015129478
0.001016940237
0.001019518047
0.001022683289
0.001026236898
0.001029960004
0.001033597293
0.001036799157
0.001038977951
0.001027004612
0.001028640572
0.001030971946
0.001033840135
0.001037070949
0.00104047381
0.001043824355
0.001046805409
0.001048860825
0.00103788935
0.001039354711
0.001041445556
0.001044023774
0.001046939384
0.001050029328
0.001053099322
0.001055863843
0.001057797769
0.001047807543
0.001049106753
0.001050963331
0.001053259091
0.001055867567
0.00105865241
0.001061448526
0.001064001188
0.00106581577
0.001056784766
0.001057922488
0.001059551363
0.001061572549
0.001063882374
0.001066370354
0.001068899669
0.001071245496
0.00107294311
0.001064848028
0.0010658291
0.001067237092
0.001068991895
0.001071011896
0.001073211612
0.00107548155
0.001077625863
0.001079209083
0.001072025489
0.001072854897
0.001074049032
0.001075545897
0.001077285184
0.001079205529
0.001081223803
0.001083172175
0.001084643748
0.001078346222
0.001079029067
0.001080016533
0.001081264105
0.001082732011
0.001084382116
0.001086156672
0.001087914889
0.001089277712
0.001083839988
0.001084381456
0.001085169562
0.001086176636
0.001087382665
0.001088771842
0.001090310815
0.00109188483
0.001093141925
0.001088537028
0.001088942365
0.001089538508
0.001090313984
0.001091267761
0.001092405454
0.001093717119
0.001095113019
0.001096267515
0.001092467889
0.001092742379
0.001093154005
0.001093706847
0.001094418072
0.001095313809
0.001096406532
0.001097630509
0.001098685619
0.001095663259
0.001095812196
0.001096046773
0.001096385969
0.001096864369
0.001097527717
0.001098409911
0.001099468233
0.001100427236
0.001098153816
0.00109818249
0.001098247472
0.001098382
0.001098637296
0.001099077822
0.00109975792
0.001100656892
0.001101523114
0.0010999701
0.001099883773
0.00109978658
0.001099725373
0.001099767242
0.001099994478
0.001100480897
0.001101226832
0.00110200363
0.001101142394
0.001100946286
0.001100694276
0.001100446195
0.001100284236
0.001100307645
0.001100608753
0.001101207951
0.001101898691
0.001101700623
0.001101399895
0.001101000342
0.001100574145
0.001100217853
0.001100046799
0.001100170889
0.00110062961
0.00110123766
0.001101674265
0.001101274002
0.001100734077
0.001100138399
0.001099597134
0.001099240857
0.001099196122
0.001099520566
0.001100049277
0.001101092269
0.001100597474
0.001099924226
0.001099167556
0.00109845052
0.001097918109
0.001097712619
0.00109790891
0.001098361611
0.001099982995
0.001099398573
0.001098598913
0.001097689575
0.001096805796
0.00109610617
0.001095747855
0.001095822022
0.001096202005
0.001098374153
0.001097704902
0.001096785594
0.001095731733
0.001094690043
0.001093831934
0.001093328564
0.001093286531
0.001093597042
0.001096292759
0.001095543366
0.001094511012
0.001093320576
0.001092129601
0.001091121538
0.001090480712
0.001090328281
0.001090572515
0.0010937651
0.001092940128
0.001091801159
0.001090481896
0.001089150036
0.001088000335
0.001087229467
0.001086972312
0.001087153404
0.001090816696
0.001089920584
0.001088681256
0.001087240695
0.001085776123
0.001084492873
0.001083599183
0.00108324284
0.001083363859
0.001087472286
0.001086509343
0.001085175725
0.001083621177
0.001082031826
0.001080622882
0.001079613387
0.001079163246
0.001079227191
0.001083755805
0.001082730206
0.001081308181
0.001079646728
0.001077940284
0.001076413261
0.001075294772
0.001074756072
0.001074765868
0.001079690375
0.00107860616
0.001077101416
0.00107533991
0.001073523811
0.001071886081
0.001070665194
0.001070043017
0.001070001512
0.0010752983
0.001074159369
0.001072577404
0.001070722463
0.001068803892
0.001067062579
0.001065745672
0.001065044944
0.001064954901
0.00107060106
0.001069411178
0.001067757291
0.001065815298
0.001063801186
0.001061963162
0.001060556397
0.00105978188
0.001059645984
0.001065619318
0.001064382108
0.001062661406
0.001060638508
0.001058535531
0.001056607419
0.001055116738
0.001054273031
0.00105409388
0.001060372923
0.001059091872
0.001057309264
0.001055211374
0.001053025953
0.001051014126
0.001049445251
0.001048536792
0.001048316899
0.001054880917
0.001053559374
0.001051719577
0.001049552376
0.001047290679
0.001045201264
0.001043559697
0.00104259076
0.001042332551
0.001049161549
0.001047802726
0.001045910267
0.001043679203
0.001041347151
0.001039186027
0.001037477055
0.00103645175
0.001036157568
0.001043232286
0.001041839264
0.001039898477
0.001037608773
0.001035212039
0.001032984843
0.001031213539
0.001030135817
0.001029807916
0.00103710983
0.001035685555
0.001033700593
0.001031357246
0.001028901262
0.001026613393
0.001024784618
0.001023658269
0.00102329882
0.001030810132
0.001029357423
0.001027332253
0.001024940043
0.001022430002
0.001020086624
0.001018205032
0.001017033692
0.00101664478
0.001024348415
0.001022869962
0.001020808373
0.001018371865
0.001015812728
0.001013418776
0.001011488818
0.001010275966
0.001009859595
0.001017739185
0.001016237556
0.001014143165
0.001011666713
0.001009063213
0.001006623398
0.001004649324
0.001003398292
0.001002956381
0.00101099626
0.001009473902
0.001007350154
0.001004837907
0.001002194557
0.0009997133702
0.0009976992398
0.0009964132085
0.0009959475976
0.001004132784
0.001002592025
0.0010004422
0.0009978981106
0.0009952192071
0.0009927009276
0.0009906506082
0.0009893326161
0.0009888450667
0.0009971612488
0.0009956043053
0.0009934315234
0.0009908593479
0.000988148978
0.0009855976782
0.0009835148535
0.0009821677982
0.0009816599941
0.0009900935175
0.0009885224938
0.0009863297183
0.0009837330272
0.0009809950744
0.000978414625
0.0009763027998
0.0009749294419
0.0009744029913
0.0009829408421
0.0009813577353
0.0009791477785
0.0009765299597
0.0009737681104
0.0009711621868
0.0009690246914
0.0009676276577
0.0009670840946
0.0009757138847
0.0009741205877
0.0009718961153
0.0009692603801
0.0009664781285
0.0009638502161
0.000961690211
0.0009602719978
0.0009597127836
0.0009684227357
0.0009668210406
0.0009645845757
0.0009619339637
0.0009591346176
0.0009564880168
0.0009543084965
0.0009528714722
0.0009522979963
0.0009610769317
0.000959468532
0.0009572224591
0.0009545598425
0.0009517465278
0.0009490843579
0.0009468881541
0.0009454345606
0.0009448481412
0.0009536854691
0.0009520719625
0.0009498185306
0.0009471466181
0.0009443222821
0.0009416474841
0.0009394372676
0.000937969221
0.0009373711044
0.0009462568165
0.0009446397063
0.0009423810311
0.0009397023698
0.0009368697831
0.0009341851209
0.0009319634014
0.000930482891
0.0009298742498
0.0009387989205
0.0009371796165
0.0009349176813
0.0009322346575
0.0009293964137
0.0009267044728
0.0009244735962
0.0009229824807
0.0009223644112
0.0009313192059
0.0009296990243
0.000927435679
0.0009247505162
0.0009219090289
0.0009192122118
0.0009169743547
0.0009154743558
0.0009148478722
0.0009238245683
0.0009222047292
0.0009199416867
0.0009172564407
0.0009144139369
0.0009117144545
0.0009094716138
0.0009079643062
0.0009073303327
0.0009163213542
0.0009147029776
0.0009124418081
0.0009097583578
0.0009069168661
0.0009042167238
0.0009019707016
0.0009004574977
0.0008998168577
0.000908815329
0.0009071994283
0.0009049415478
0.0009022615816
0.0008994229146
0.000896723892
0.0008944762738
0.0008929584035
0.0008923118053
0.0009013116271
0.0008996990988
0.0008974457546
0.0008947707495
0.0008919364792
0.0008892401021
0.0008869922277
0.0008854707113
0.0008848187292
0.0008938146824
0.0008922062916
0.0008899585407
0.0008872897349
0.0008844611594
0.0008817686625
0.000879521588
0.0008779972027
0.0008773402548
0.0008863281332
0.0008847244952
0.0008824831761
0.0008798215322
0.0008769996323
0.0008743119124
0.000872066363
0.0008705396018
0.0008698779232
0.0008788547014
0.0008772562565
0.0008750219529
0.0008723681118
0.0008695534967
0.0008668710538
0.0008646273671
0.0008630983903
0.000862432003
0.0008713960391
0.0008698030223
0.000867576018
0.0008649302412
0.0008621230827
0.0008594459501
0.0008572040085
0.0008556725884
0.0008550012681
0.0008639525435
0.0008623649469
0.0008601451713
0.0008575072723
0.0008547072258
0.0008520348882
0.0008497940425
0.0008482595024
0.0008475827442
0.0008565231378
0.0008549406661
0.0008527276297
0.0008500968937
0.0008473030079
0.0008446343086
0.000842393293
0.000840854442
0.000840171425
0.0008491050196
0.0008475270394
0.00084531976
0.0008426948527
0.000839905468
0.0008372385066
0.0008349953477
0.0008334504134
0.0008327599685
0.0008416933809
0.0008401188631
0.0008379157846
0.000835294652
0.0008325072904
0.0008298393138
0.0008275912359
0.000826037799
0.0008253383792
0.0008342811067
0.0008327085651
0.000830507469
0.0008278872309
0.0008250984806
0.0008224257714
0.0008201691039
0.0008186040369
0.0008178936957
0.0008268584623
0.0008252858895
0.0008230838049
0.0008204606465
0.0008176660465
0.0008149838151
0.0008127139063
0.0008111333213
0.0008104096986
0.0008194127842
0.0008178375881
0.0008156307033
0.0008129997713
0.0008101937043
0.000807495992
0.0008052071404
0.0008036063466
0.0008028666648
0.0008119281917
0.0008103471375
0.0008081307198
0.0008054860297
0.0008026616284
0.0007999412251
0.0007976266173
0.0007960001112
0.0007952411883
0.0008043853406
0.0008027945022
0.000800562833
0.0007978971975
0.0007950462771
0.0007922946701
0.0007899463567
0.0007882878241
0.0007875060968
0.0007967612446
0.0007951559719
0.000792902306
0.0007902072948
0.0007873203241
0.0007845276951
0.000782136591
0.0007804389337
0.0007796304935
0.0007890291953
0.0007874041033
0.0007851206597
0.0007823866009
0.0007794527187
0.0007766079644
0.0007741639166
0.0007724193148
0.0007715799574
0.0007811588169
0.0007795078073
0.0007771858067
0.0007744018444
0.0007714089437
0.0007684997593
0.000765991646
0.0007641916497
0.0007633169327
0.0007731162804
0.0007714326022
0.0007690623605
0.0007662165837
0.0007631514321
0.0007601644974
0.000757580378
0.0007557160269
0.0007548013362
0.0007648647334
0.0007631410933
0.0007607121892
0.0007577918037
0.0007546402907
0.0007515614941
0.0007488888178
0.0007469507938
0.0007459914138
0.0007563649869
0.0007545936965
0.0007520951588
0.0007490867888
0.0007458342382
0.0007426489863
0.0007398748662
0.0007378536866
0.0007368448781
0.0007475764268
0.0007457495952
0.000743170221
0.0007400602606
0.0007366918223
0.0007333854421
0.0007304970099
0.0007283832695
0.0007273203618
0.0007384582096
0.0007365680004
0.0007338967038
0.0007306717628
0.0007271729218
0.0007237311777
0.0007207160347
0.0007185007133
0.0007173792192
0.0007289706671
0.000727009603
0.0007242358663
0.0007208833393
0.000717240557
0.0007136502976
0.0007104970807
0.0007081719317
0.0007069877004
0.0007190769762
0.0007170383225
0.0007141527537
0.0007106615169
0.0007068630126
0.0007031129593
0.0006998120336
0.000697370071
0.0006961194946
0.0007087451393
0.0007066233596
0.0007036183533
0.000699979586
0.000696016256
0.0006920979302
0.0006886422127
0.0006860783068
0.0006847585959
0.0006979502543
0.0006957415312
0.0006926120192
0.0006888201332
0.0006846865876
0.0006805953599
0.0006769812596
0.0006742928376
0.0006729023726
0.0006866770251
0.0006843798262
0.00068112409
0.0006771777313
0.0006728734074
0.0006686096219
0.0006648380576
0.0006620258826
0.0006605646352
0.0006749224114
0.0006725380709
0.000669158571
0.0006650616329
0.0006605919109
0.0006561620076
0.0006522394264
0.0006493083985
0.0006477783956
0.0006626982591
0.0006602315292
0.0006567356824
0.0006524982397
0.0006478754544
0.0006432929718
0.0006392322581
0.0006361921469
0.0006345979273
0.000650033685
0.0006474931967
0.00064389401
0.0006395330571
0.0006347772676
0.0006300635778
0.0006258847078
0.000622750696
0.0006210996887
0.0006369769263
0.0006343754857
0.0006306919399
0.000626231798
0.0006213711586
0.0006165557708
0.0006122860552
0.0006090789633
0.0006073817033
0.0006235963243
0.0006209509691
0.0006172080436
0.0006126803003
0.0006077508849
0.0006028711656
0.0005985449416
0.000595291014
0.0005935611175
0.0006099801196
0.0006073118679
0.0006035401131
0.0005989829909
0.0005940279611
0.0005891281708
0.0005847858526
0.0005815160338
0.0005797698797
0.0005962347969
0.000593568049
0.0005898026587
0.0005852597632
0.0005803278468
0.0005754574758
0.0005711439655
0.0005678926658
0.0005661487741
0.0005824818629
0.0005798434577
0.0005761228546
0.0005716413418
0.0005667846871
0.000561996184
0.0005577587431
0.0005545621812
0.000552840331
0.0005688531335
0.000566271114
0.000562635141
0.0005582634336
0.0005535350122
0.0005488811037
0.0005447668886
0.0005416611767
0.0005399813555
0.000555484841
0.0005529870336
0.0005494749105
0.0005452601806
0.000540710996
0.0005362418778
0.0005322954053
0.0005293145936
0.0005276959014
0.0005425110756
0.0005401236269
0.000536771883
0.0005327575629
0.0005284339649
0.0005241946716
0.0005204555005
0.0005176298055
0.0005160894463
0.0005300572134
0.0005278032387
0.0005246438413
0.0005208674301
0.0005168088204
0.0005128370524
0.0005093379263
0.0005066923367
0.0005052448105
0.0005182340034
0.0005161324882
0.0005131913582
0.0005096827395
0.0005059198861
0.0005022444881
0.0004990100893
0.0004965634465
0.0004952199947
0.0005071328891
0.0005051979431
0.0005024939857
0.0004992743899
0.0004958284563
0.0004924685963
0.0004895148765
0.0004872792936
0.0004860473347
0.0004968229391
0.0004950634489
0.0004926081464
0.00048968978
0.0004865720398
0.0004835369621
0.0004808707361
0.0004788506948
0.00047773324
0.0004873495137
0.0004857691701
0.0004835666824
0.0004809529256
0.0004781649982
0.0004754541264
0.0004730729989
0.0004712663311
0.0004702640124
0.0004787344981
0.0004773320906
0.0004753796633
0.0004730655325
0.0004705997419
0.0004682037872
0.0004660998256
0.0004644992749
0.0004636063914
0.0004709775711
0.0004697473207
0.000468035591
0.0004660081825
0.0004638491253
0.0004617525189
0.0004599078879
0.0004585028403
0.0004577160924
0.0004640571756
0.0004629891534
0.0004615037329
0.0004597461722
0.0004578729357
0.000456052301
0.0004544502398
0.0004532280873
0.0004525413739
0.0004579341254
0.0004570173187
0.0004557399966
0.0004542276471
0.0004526170948
0.0004510514282
0.0004496727427
0.0004486191144
0.0004480250454
0.0004525581672
0.0004517758245
0.0004506875765
0.0004493992764
0.0004480274725
0.0004466933505
0.0004455173109
0.0004446166892
0.0004441070838
0.0004478687547
0.0004472084697
0.0004462903658
0.0004452034586
0.0004440457549
0.000442918968
0.000441924234
0.0004411605966
0.0004407268674
0.0004438073544
0.0004432558073
0.0004424888369
0.0004415805127
0.0004406123076
0.0004396687558
0.0004388341163
0.0004381914919
0.0004378249775
0.0004403131859
0.0004398571435
0.0004392226935
0.0004384707038
0.0004376681096
0.0004368844619
0.0004361894116
0.0004356523314
0.0004353445731
0.0004373256484
0.0004369524006
0.0004364326873
0.0004358158509
0.0004351562067
0.0004345103948
0.0004339355713
0.0004334894162
0.000433232376
0.0004347859624
0.000434483584
0.0004340619718
0.0004335605364
0.0004330227778
0.0004324943484
0.0004320218427
0.0004316530936
0.0004314393129
0.0004326383495
0.0004323958664
0.0004320570827
0.0004316529653
0.0004312178679
0.0004307882107
0.000430401767
0.000430098165
0.0004299208691
0.0004308308495
0.0004306383365
0.0004303685975
0.0004300455224
0.0004296958373
0.000429348307
0.000429033426
0.000428784055
0.0004286372089
0.0004293158357
0.0004291644602
0.000428951525
0.0004286950777
0.0004284155761
0.0004281355254
0.0004278794856
0.0004276747876
0.0004275531086
0.0004280502839
0.0004279323074
0.0004277654734
0.0004275630854
0.0004273405314
0.0004271152707
0.0004269070818
0.0004267388091
0.0004266377293
0.0004269958417
0.0004269045882
0.0004267746422
0.0004266155237
0.0004264385898
0.0004262572906
0.0004260875866
0.0004259486835
0.0004258641818
0.0004261187451
0.0004260485457
0.0004259476803
0.0004258227135
0.0004256818551
0.0004255354145
0.0004253963198
0.0004252807983
0.0004252096919
0.0004253896186
0.000425335737
0.0004252574434
0.0004251590458
0.0004250463455
0.0004249272219
0.0004248121967
0.0004247154535
0.0004246553745
0.00042478319
0.0004247417353
0.0004246806756
0.0004246026417
0.0004245116238
0.0004244136325
0.000424317708
0.000424236175
0.0004241851092
0.0004242779425
0.0004242457705
0.0004241976337
0.0004241349595
0.0004240603737
0.0004239789364
0.0004238982496
0.0004238289815
0.0004237852766
0.0004238557152
0.0004238303183
0.0004237916299
0.0004237403604
0.0004236785137
0.0004236100719
0.0004235414971
0.0004234821247
0.0004234444433
0.0004235012252
0.0004234806667
0.0004234489837
0.0004234064162
0.0004233543684
0.0004232960877
0.0004232371556
0.0004231857903
0.0004231530125
0.0004232022029
0.0004231852181
0.0004231587405
0.0004231227266
0.0004230782008
0.0004230278988
0.0004229767046
0.0004229318694
0.0004229032049
0.00042294884
0.0004229344323
0.0004229117766
0.0004228806927
0.0004228419841
0.0004227980245
0.0004227531243
0.0004227137693
0.0004226886051
0.0004227330088
0.0004227204467
0.0004227006056
0.000422673275
0.0004226391454
0.0004226003242
0.0004225607092
0.0004225260329
0.0004225038661
0.0004225480908
0.0004225368673
0.0004225191425
0.0004224947449
0.0004224643152
0.000422429826
0.000422394747
0.0004223640955
0.0004223445058
0.0004223887505
0.0004223785341
0.0004223624627
0.0004223404475
0.0004223131784
0.000422282443
0.0004222512933
0.0004222241164
0.0004222067491
0.0004222507044
0.0004222412931
0.0004222266131
0.0004222066921
0.000422182207
0.0004221547594
0.0004221270244
0.0004221028527
0.0004220874086
0.0004221305609
0.0004221218939
0.0004221084917
0.0004220904636
0.0004220684572
0.0004220438953
0.000422019129
0.0004219975629
0.0004219837914
0.0004220257162
0.0004220177619
0.0004220055535
0.0004219892473
0.0004219694456
0.0004219474112
0.0004219252279
0.0004219059311
0.0004218936224
0.0004219340406
0.0004219267685
0.0004219156686
0.0004219009162
0.0004218830629
0.0004218632385
0.0004218433101
0.0004218260012
0.0004218149797
0.0004218537484
0.0004218471145
0.0004218370245
0.0004218236561
0.0004218075154
0.0004217896258
0.0004217716767
0.0004217561205
0.0004217462373
0.000421783307
0.0004217772529
0.0004217680647
0.0004217559167
0.0004217412793
0.000421725092
0.0004217088918
0.0004216948897
0.000421686017
0.0004217213838
0.0004217158443
0.0004217074507
0.0004216963757
0.0004216830636
0.000421668384
0.0004216537392
0.000421641121
0.0004216331472
0.0004216668193
0.0004216617316
0.0004216540367
0.0004216439093
0.0004216317743
0.0004216184401
0.0004216051855
0.000421593803
0.0004215866292
0.0004216186126
0.0004216139228
0.0004216068468
0.0004215975642
0.0004215864838
0.0004215743575
0.0004215623496
0.0004215520713
0.0004215456097
0.0004215759085
0.0004215715736
0.0004215650528
0.0004215565315
0.0004215464033
0.0004215353659
0.0004215244777
0.0004215151862
0.0004215093578
0.0004215379814
0.0004215339681
0.000421527952
0.0004215201232
0.0004215108592
0.0004215008059
0.0004214909235
0.0004214825132
0.0004214772471
0.0004215042168
0.0004215004994
0.0004214949468
0.0004214877519
0.0004214792749
0.0004214701114
0.0004214611325
0.0004214535088
0.0004214487426
0.0004214740937
0.000421470651
0.0004214655268
0.000421458914
0.0004214511539
0.0004214427949
0.0004214346267
0.0004214277049
0.0004214233834
0.0004214471672
0.0004214439808
0.0004214392534
0.000421433175
0.0004214260674
0.0004214184342
0.0004214109923
0.0004214046964
0.0004214007689
0.0004214230555
0.0004214201079
0.0004214157473
0.0004214101585
0.000421403643
0.000421396663
0.0004213898706
0.0004213841307
0.0004213805518
0.0004214014276
0.0004213987018
0.0004213946791
0.000421389537
0.0004213835568
0.0004213771629
0.0004213709494
0.0004213657019
0.0004213624307
0.0004213819953
0.0004213794743
0.000421375761
0.0004213710244
0.0004213655263
0.0004213596565
0.0004213539564
0.0004213491437
0.000421346144
0.0004213645059
0.0004213621724
0.0004213587407
0.0004213543703
0.0004213493045
0.0004213439004
0.0004213386542
0.0004213342252
0.000421331465
0.0004213487368
0.000421346574
0.0004213433969
0.0004213393555
0.0004213346745
0.0004213296823
0.0004213248364
0.0004213207457
0.000421318197
0.0004213344924
0.0004213324839
0.0004213295355
0.0004213257869
0.0004213214458
0.0004213168164
0.0004213123231
0.0004213085309
0.0004213061691
0.0004213216009
0.0004213197302
0.0004213169844
0.0004213134936
0.0004213094513
0.0004213051409
0.0004213009582
0.0004212974295
0.0004212952329
0.0004213099087
0.0004213081588
0.0004213055903
0.0004213023252
0.0004212985446
0.0004212945145
0.0004212906056
0.0004212873098
0.0004212852595
0.0004212992766
0.0004212976316
0.0004212952175
0.0004212921491
0.0004212885977
0.0004212848141
0.0004212811468
0.0004212780572
0.0004212761371
0.0004212895806
0.0004212880263
0.000421285746
0.0004212828492
0.0004212794987
0.0004212759323
0.0004212724787
0.0004212695724
0.0004212677684
0.0004212807107
0.0004212792347
0.0004212770706
0.0004212743237
0.0004212711498
0.0004212677752
0.0004212645115
0.0004212617686
0.0004212600685
0.0004212725703
0.0004212711622
0.0004212690993
0.0004212664837
0.0004212634656
0.0004212602612
0.0004212571668
0.0004212545704
0.0004212529637
0.0004212650746
0.0004212637256
0.0004212617514
0.0004212592517
0.0004212563717
0.000421253319
0.0004212503764
0.0004212479118
0.0004212463894
0.0004212581499
0.0004212568528
0.0004212549567
0.0004212525597
0.0004212498029
0.0004212468865
0.0004212440807
0.0004212417353
0.0004212402894
0.000421251732
0.0004212504806
0.000421248654
0.0004212463487
0.0004212437027
0.0004212409093
0.0004212382277
0.0004212359906
0.0004212346142
0.0004212457646
0.0004212445541
0.0004212427898
0.0004212405673
0.0004212380216
0.0004212353402
0.0004212327717
0.0004212306336
0.0004212293208
0.000421240199
0.0004212390255
0.0004212373177
0.0004212351705
0.0004212327165
0.0004212301375
0.0004212276728
0.0004212256256
0.0004212243712
0.000421234993
0.0004212338533
0.0004212321972
0.0004212301193
0.0004212277497
0.0004212252651
0.000421222896
0.0004212209326
0.000421219732
0.0004212301098
0.0004212290014
0.0004212273933
0.0004212253794
0.000421223088
0.000421220691
0.0004212184105
0.0004212165247
0.0004212153739
0.0004212255175
0.0004212244383
0.000421222875
0.000421220921
0.0004212187027
0.0004212163872
0.0004212141894
0.0004212123757
0.0004212112713
0.0004212211883
0.0004212201366
0.0004212186155
0.000421216718
0.0004212145682
0.0004212123293
0.0004212102088
0.0004212084626
0.0004212074013
0.0004212170978
0.0004212160725
0.0004212145915
0.0004212127475
0.0004212106625
0.0004212084958
0.000421206448
0.0004212047652
0.0004212037444
0.000421213225
0.0004212122249
0.0004212107824
0.0004212089894
0.0004212069661
0.0004212048679
0.0004212028889
0.000421201266
0.0004212002833
0.0004212095514
0.0004212085757
0.0004212071703
0.0004212054264
0.0004212034623
0.0004212014295
0.0004211995162
0.0004211979502
0.0004211970039
0.000421206061
0.0004212051092
0.0004212037399
0.0004212020436
0.0004212001368
0.0004211981672
0.0004211963173
0.0004211948061
0.0004211938947
0.0004212027402
0.000421201812
0.0004212004783
0.0004211988289
0.0004211969782
0.0004211950707
0.0004211932828
0.0004211918255
0.0004211909484
0.0004211995778
0.0004211986733
0.0004211973755
0.0004211957729
0.0004211939786
0.0004211921334
0.000421190408
0.0004211890051
0.0004211881627
0.0004211965662
0.0004211956861
0.0004211944251
0.000421192871
0.000421191135
0.0004211893545
0.0004211876945
0.000421186349
0.0004211855435
0.0004211937032
0.0004211928492
0.0004211916276
0.0004211901255
0.0004211884525
0.0004211867426
0.0004211851549
0.0004211838734
0.0004211831095
0.0004211909988
0.0004211901739
0.0004211889963
0.0004211875528
0.0004211859515
0.0004211843229
0.0004211828195
0.0004211816142
0.0004211809005
0.0004211884925
0.0004211877011
0.0004211865746
0.0004211851997
0.0004211836831
0.0004211821519
0.0004211807512
0.00042117964
0.0004211789895
0.0004211863005
0.0004211855478
0.0004211844804
0.0004211831848
0.0004211817668
0.0004211803499
0.000421179071
0.0004211780736
0.0004211775014
0.0004211847495
0.000421184034
0.0004211830234
0.0004211818038
0.0004211804799
0.000421179172
0.0004211780099
0.0004211771233
0.0004211766303
5.631806305e-23
2.109405307e-22
4.706691781e-22
8.921623745e-22
1.575337825e-21
2.692883256e-21
4.54467614e-21
7.649117128e-21
1.290397022e-20
2.186460918e-20
3.722903133e-20
6.368273763e-20
1.093726413e-19
1.884773939e-19
3.256769284e-19
5.638851518e-19
9.775671248e-19
1.695734592e-18
2.94202711e-18
5.104454159e-18
8.856519096e-18
1.536746582e-17
2.666717279e-17
4.627924084e-17
8.031903787e-17
1.393966413e-16
2.419108483e-16
4.197431496e-16
7.28081532e-16
1.262329968e-15
2.187131615e-15
3.786016463e-15
6.545998592e-15
1.130108621e-14
1.947451866e-14
3.348539295e-14
5.742710354e-14
9.819181025e-14
1.673207847e-13
2.84025523e-13
4.800789064e-13
8.076621423e-13
1.351831244e-12
2.250117712e-12
3.723011226e-12
6.120833756e-12
9.995000428e-12
1.620513913e-11
2.607837621e-11
4.164380707e-11
6.597448116e-11
1.036821094e-10
1.61627077e-10
2.499188574e-10
3.833417478e-10
5.833613868e-10
8.8093578e-10
1.320438747e-09
1.965116249e-09
2.90464992e-09
4.265612204e-09
6.22588546e-09
9.034510882e-09
1.303895688e-08
1.872247777e-08
2.675513875e-08
3.806329659e-08
5.392387213e-08
7.609163955e-08
1.069699984e-07
1.498381446e-07
2.091501138e-07
2.909233926e-07
4.032362443e-07
5.568529145e-07
7.659936034e-07
1.04926043e-06
1.430720177e-06
1.941127937e-06
2.619251789e-06
3.513227677e-06
4.681837776e-06
6.195567596e-06
8.13726252e-06
1.060213601e-05
1.369701873e-05
1.753925083e-05
2.22538839e-05
2.797041365e-05
3.481876711e-05
4.29247744e-05
5.24054128e-05
6.33641388e-05
7.588661796e-05
9.00371245e-05
0.0001058558196
0.0001233570387
0.0001425286348
0.0001633323464
0.0001857050934
0.000209561055
0.000234794355
0.0002612821671
0.0002888880594
0.0003174654095
0.0003468607502
0.0003769169288
0.0004074759979
0.0004383817786
0.0004694820658
0.0005006304644
0.000531687863
0.0005625235653
0.0005930161064
0.0006230537873
0.0006525349656
0.0006813681365
0.0007094718409
0.0007367744307
0.0007632137211
0.0007887365547
0.0008132982981
0.0008368623079
0.0008593994072
0.0008808874348
0.0009013105268
0.0009206588136
0.0009389280693
0.0009561191897
0.0009722376783
0.0009872931482
0.001001298853
0.001014271248
0.001026229582
0.001037195522
0.001047192798
0.001056246887
0.001064384709
0.001071634359
0.001078024854
0.001083585913
0.001088347751
0.001092340896
0.00109559603
0.001098143834
0.00110001486
0.001101239412
0.001101847444
0.001101868466
0.001101331471
0.001100264863
0.001098696402
0.001096653159
0.001094161477
0.001091246937
0.001087934339
0.001084247682
0.001080210153
0.00107584412
0.001071171131
0.001066211914
0.001060986382
0.001055513645
0.001049812015
0.001043899023
0.001037791434
0.001031505262
0.001025055788
0.001018457578
0.001011724508
0.001004869776
0.0009979059307
0.0009908448863
0.0009836979462
0.0009764758223
0.000969188653
0.0009618460217
0.0009544569705
0.0009470300128
0.0009395731394
0.00093209382
0.0009245989951
0.0009170950586
0.0009095878262
0.0009020824874
0.000894583537
0.000887094684
0.0008796187317
0.000872157428
0.0008647112836
0.0008572793557
0.0008498590001
0.0008424455937
0.0008350322357
0.0008276094361
0.0008201648061
0.000812682768
0.0008051443042
0.0007975267717
0.0007898038117
0.0007819453884
0.0007739179864
0.0007656850163
0.0007572074788
0.0007484448659
0.0007393563158
0.0007299020008
0.0007200447603
0.0007097520451
0.0006989981576
0.0006877667396
0.0006760534139
0.0006638684272
0.0006512390752
0.0006382116259
0.0006248524149
0.0006112477816
0.0005975025781
0.0005837371108
0.000570082569
0.0005566752256
0.0005436499064
0.0005311333718
0.0005192382907
0.0005080583967
0.0004976652313
0.0004881066277
0.0004794068053
0.0004715675933
0.0004645695755
0.0004583744106
0.0004529335728
0.0004481855832
0.0004440719913
0.0004405319501
0.0004375046157
0.0004349308424
0.0004327544034
0.0004309228416
0.000429388011
0.000428106366
0.0004270390468
0.0004261518077
0.0004254148261
0.0004248024237
0.0004242927237
0.0004238672557
0.000423510487
0.0004232097937
0.0004229552393
0.0004227385699
0.0004225530585
0.0004223932843
0.0004222549039
0.0004221344515
0.000422029306
0.000421937336
0.0004218567627
0.0004217860622
0.0004217239075
0.0004216691396
0.0004216207545
0.0004215778919
0.0004215398213
0.0004215059249
0.0004214756791
0.0004214486377
0.0004214244182
0.0004214026898
0.0004213831642
0.0004213655889
0.0004213497415
0.0004213354259
0.0004213224705
0.0004213107221
0.0004213000413
0.0004212903032
0.0004212813972
0.0004212732255
0.0004212657028
0.0004212587544
0.0004212523155
0.0004212463295
0.0004212407472
0.000421235526
0.0004212306287
0.0004212260231
0.0004212216814
0.000421217579
0.0004212136948
0.0004212100101
0.0004212065088
0.0004212031772
0.000421200004
0.0004211969811
0.0004211941062
0.0004211913886
0.000421188867
0.0004211866575
0.0004211850895
)
;

boundaryField
{
    outlet
    {
        type            inletOutlet;
        inletValue      uniform 0;
        value           nonuniform List<scalar> 10(0.0004211847495 0.000421184034 0.0004211830234 0.0004211818038 0.0004211804799 0.000421179172 0.0004211780099 0.0004211771233 0.0004211766303 0.0004211850895);
    }
    inlet
    {
        type            fixedValue;
        value           uniform 0;
    }
    front
    {
        type            wedge;
    }
    wall
    {
        type            zeroGradient;
    }
    back
    {
        type            wedge;
    }
}


// ************************************************************************* //
