/*--------------------------------*- C++ -*----------------------------------*\
| =========                 |                                                 |
| \\      /  F ield         | OpenFOAM: The Open Source CFD Toolbox           |
|  \\    /   O peration     | Version:  2212                                  |
|   \\  /    A nd           | Website:  www.openfoam.com                      |
|    \\/     M anipulation  |                                                 |
\*---------------------------------------------------------------------------*/
FoamFile
{
    version     2.0;
    format      ascii;
    arch        "LSB;label=32;scalar=64";
    class       volScalarField;
    location    "30.00000000";
    object      AC3H4;
}
// * * * * * * * * * * * * * * * * * * * * * * * * * * * * * * * * * * * * * //

dimensions      [0 0 0 0 0 0 0];

internalField   nonuniform List<scalar> 
3000
(
2.633470413e-22
2.957041411e-22
3.444917806e-22
4.09433529e-22
4.898153407e-22
5.834076045e-22
6.845552712e-22
7.809814376e-22
8.491461414e-22
9.888579013e-22
1.114844568e-21
1.304718846e-21
1.558006856e-21
1.874212306e-21
2.251330535e-21
2.682669199e-21
3.146562923e-21
3.557596475e-21
2.215611226e-21
2.517593194e-21
2.977071466e-21
3.600202161e-21
4.397450793e-21
5.379372923e-21
6.541010921e-21
7.816667548e-21
8.905952856e-21
4.221969023e-21
4.848072225e-21
5.814844737e-21
7.154061258e-21
8.911485506e-21
1.112883778e-20
1.378958586e-20
1.667670498e-20
1.900064871e-20
7.500900371e-21
8.719996794e-21
1.063267276e-20
1.333512837e-20
1.695252418e-20
2.158219983e-20
2.713940956e-20
3.302236539e-20
3.752669598e-20
1.290462368e-20
1.519572874e-20
1.884304977e-20
2.407983815e-20
3.118704992e-20
4.03479903e-20
5.129946824e-20
6.267621889e-20
7.112080221e-20
2.191567515e-20
2.612714702e-20
3.291021146e-20
4.276002887e-20
5.622808869e-20
7.358780887e-20
9.412974758e-20
1.1501991e-19
1.301031548e-19
3.709845079e-20
4.472182194e-20
5.710870744e-20
7.523323525e-20
1.001081061e-19
1.320939158e-19
1.695878701e-19
2.071310508e-19
2.337668309e-19
6.289870692e-20
7.654926618e-20
9.88713761e-20
1.31695277e-19
1.768181538e-19
2.346729099e-19
3.019900118e-19
3.686846123e-19
4.154796845e-19
1.070224997e-19
1.312724042e-19
1.711060324e-19
2.298646182e-19
3.106825447e-19
4.140250091e-19
5.335986887e-19
6.511993831e-19
7.331038457e-19
1.828437383e-19
2.256741297e-19
2.962464323e-19
4.005478278e-19
5.439963648e-19
7.269993668e-19
9.378658279e-19
1.144198961e-18
1.287196314e-18
3.135960214e-19
3.889267873e-19
5.133068727e-19
6.973332431e-19
9.50326184e-19
1.272441046e-18
1.642443298e-18
2.003221446e-18
2.252476154e-18
5.396929018e-19
6.718065235e-19
8.902315592e-19
1.213564517e-18
1.657768571e-18
2.222290369e-18
2.869079206e-18
3.498248488e-18
3.932498785e-18
9.315036038e-19
1.16280524e-18
1.545546385e-18
2.11218368e-18
2.889900102e-18
3.876168265e-18
5.002880588e-18
6.096670008e-18
6.855098357e-18
1.611593283e-18
2.016249281e-18
2.686317646e-18
3.678428852e-18
5.038749542e-18
6.759103824e-18
8.713844808e-18
1.059851288e-17
1.194281174e-17
2.793191601e-18
3.500951212e-18
4.674020123e-18
6.412187215e-18
8.795873133e-18
1.18052135e-17
1.519154871e-17
1.829832664e-17
2.084690483e-17
4.846276819e-18
6.083297646e-18
8.135974661e-18
1.118279347e-17
1.537502635e-17
2.071066862e-17
2.685941876e-17
3.300110948e-17
3.684028282e-17
8.41140301e-18
1.056921923e-17
1.415135512e-17
1.946957552e-17
2.678477699e-17
3.607731022e-17
4.670610065e-17
5.700740281e-17
6.3998843e-17
1.459890447e-17
1.835584577e-17
2.459274421e-17
3.384967236e-17
4.657258644e-17
6.271029107e-17
8.112438915e-17
9.892698794e-17
1.111087973e-16
2.533554831e-17
3.186876739e-17
4.271400718e-17
5.880689168e-17
8.091523303e-17
1.089396843e-16
1.408964449e-16
1.717823193e-16
1.929320823e-16
4.396629334e-17
5.532004618e-17
7.41670338e-17
1.021299861e-16
1.405367634e-16
1.892070865e-16
2.446911025e-16
2.983050522e-16
3.350171613e-16
7.629865139e-17
9.602341839e-17
1.287659547e-16
1.773419279e-16
2.440507172e-16
3.285692229e-16
4.248981102e-16
5.179597759e-16
5.8167315e-16
1.324152554e-16
1.666770056e-16
2.235495045e-16
3.079173296e-16
4.237611515e-16
5.705011344e-16
7.377032544e-16
8.99191017e-16
1.009724467e-15
2.298186239e-16
2.893235593e-16
3.880931049e-16
5.345960354e-16
7.3571741e-16
9.90411313e-16
1.280528722e-15
1.560637137e-15
1.75230418e-15
3.988857599e-16
5.022194301e-16
6.737209088e-16
9.280603587e-16
1.277129032e-15
1.719025429e-15
2.222175553e-15
2.707757152e-15
3.039889499e-15
6.923211039e-16
8.717372498e-16
1.169463023e-15
1.610880625e-15
2.216484449e-15
2.982781227e-15
3.854828373e-15
4.695947927e-15
5.270959775e-15
1.201518589e-15
1.512963047e-15
2.029654289e-15
2.795439566e-15
3.845542075e-15
5.173461212e-15
6.68355493e-15
8.138989832e-15
9.133253477e-15
2.084842281e-15
2.625285344e-15
3.521589044e-15
4.849343615e-15
6.668862734e-15
8.967874669e-15
1.157981073e-14
1.409467333e-14
1.581102492e-14
3.61641006e-15
4.553754263e-15
6.107604419e-15
8.407927857e-15
1.155750305e-14
1.553281682e-14
2.004362838e-14
2.438105056e-14
2.733750369e-14
6.270039502e-15
7.894588308e-15
1.058604036e-14
1.456709376e-14
2.00117986e-14
2.687446512e-14
3.46491248e-14
4.211214041e-14
4.719061977e-14
1.086326689e-14
1.367599236e-14
1.833240252e-14
2.521243028e-14
3.46084751e-14
4.643068597e-14
5.979676507e-14
7.259914062e-14
8.129256705e-14
1.880354835e-14
2.366681641e-14
3.171010193e-14
4.357804502e-14
5.975692031e-14
8.006846654e-14
1.029742119e-13
1.248543345e-13
1.396727787e-13
3.250739109e-14
4.090098411e-14
5.476629419e-14
7.518967108e-14
1.029695668e-13
1.377505563e-13
1.768515353e-13
2.140776388e-13
2.39208031e-13
5.611048156e-14
7.056373859e-14
9.440345908e-14
1.29445113e-13
1.769789199e-13
2.362956544e-13
3.027292385e-13
3.657254678e-13
4.080891935e-13
9.666438653e-14
1.214802089e-13
1.623381893e-13
2.222416197e-13
3.032338349e-13
4.03904379e-13
5.161518696e-13
6.220938136e-13
6.930185286e-13
1.66141182e-13
2.085986491e-13
2.783505454e-13
3.803048949e-13
5.176163387e-13
6.875001813e-13
8.75941683e-13
1.052841107e-12
1.17066515e-12
2.84769418e-13
3.571019763e-13
4.756279731e-13
6.482525256e-13
8.796887851e-13
1.164497782e-12
1.478558655e-12
1.771598358e-12
1.965668538e-12
4.865458755e-13
6.091598733e-13
8.094722465e-13
1.099998788e-12
1.487480735e-12
1.961440477e-12
2.480640706e-12
2.961855432e-12
3.278575544e-12
8.282716961e-13
1.034920231e-12
1.371345248e-12
1.856966711e-12
2.500853946e-12
3.283149491e-12
4.133938103e-12
4.91679799e-12
5.42865531e-12
1.404243056e-12
1.750234986e-12
2.311291445e-12
3.116839832e-12
4.17797699e-12
5.457750898e-12
6.838789288e-12
8.099872304e-12
8.918739199e-12
2.369921912e-12
2.944966204e-12
3.873347619e-12
5.198429658e-12
6.931583333e-12
9.005391643e-12
1.122501448e-11
1.323581461e-11
1.453232991e-11
3.979714279e-12
4.927725669e-12
6.450849204e-12
8.610888121e-12
1.141473304e-11
1.474190741e-11
1.827293772e-11
2.144603159e-11
2.347756323e-11
6.646659535e-12
8.195843801e-12
1.067186291e-11
1.415927733e-11
1.865010132e-11
2.39335526e-11
2.949261762e-11
3.444802085e-11
3.759866859e-11
1.103574893e-11
1.354362054e-11
1.752972099e-11
2.310386181e-11
3.022286453e-11
3.852568837e-11
4.718686604e-11
5.484661146e-11
5.968402155e-11
1.820823605e-11
2.22279953e-11
2.858035454e-11
3.73980167e-11
4.856572003e-11
6.147779513e-11
7.4834077e-11
8.655605425e-11
9.39116153e-11
2.984233462e-11
3.621937931e-11
4.623757372e-11
6.004018093e-11
7.737638431e-11
9.725035224e-11
1.176413866e-10
1.354075841e-10
1.464890276e-10
4.85670054e-11
5.857746391e-11
7.421065114e-11
9.55899657e-11
1.222243282e-10
1.525073994e-10
1.833387475e-10
2.100186187e-10
2.265673925e-10
7.846131687e-11
9.400863977e-11
1.181469379e-10
1.509189118e-10
1.914262435e-10
2.371238449e-10
2.833121693e-10
3.230294232e-10
3.475397642e-10
1.257937814e-10
1.496850084e-10
1.865677155e-10
2.362945958e-10
2.973011285e-10
3.656213743e-10
4.342124449e-10
4.928538555e-10
5.288766297e-10
2.0010643e-10
2.364373136e-10
2.92220747e-10
3.669357492e-10
4.579591022e-10
5.592045788e-10
6.602278487e-10
7.461468072e-10
7.987094097e-10
3.157904101e-10
3.704789107e-10
4.54021759e-10
5.652297608e-10
6.998373269e-10
8.486341138e-10
9.96280386e-10
1.121266684e-09
1.197452727e-09
4.943580634e-10
5.758800908e-10
6.998248258e-10
8.638784735e-10
1.061277846e-09
1.278262446e-09
1.492502315e-09
1.673116089e-09
1.782864647e-09
7.676967504e-10
8.880985775e-10
1.070349262e-09
1.310323828e-09
1.597539823e-09
1.911676393e-09
2.220485449e-09
2.479893471e-09
2.637096446e-09
1.182617508e-09
1.358889e-09
1.624644706e-09
1.972940389e-09
2.387822591e-09
2.839588439e-09
3.281995245e-09
3.652481166e-09
3.876484909e-09
1.807337742e-09
2.063303469e-09
2.447835903e-09
2.949708718e-09
3.545019876e-09
4.190746433e-09
4.821000346e-09
5.347405877e-09
5.665077189e-09
2.740544603e-09
3.109435666e-09
3.661869708e-09
4.380245273e-09
5.229235018e-09
6.147029436e-09
7.040289728e-09
7.784718257e-09
8.233270301e-09
4.124010638e-09
4.651959764e-09
5.440412175e-09
6.462429852e-09
7.666414845e-09
8.964216964e-09
1.022429683e-08
1.127251706e-08
1.190335441e-08
6.160060263e-09
6.910840276e-09
8.029387025e-09
9.475273785e-09
1.117391793e-08
1.300042702e-08
1.477029089e-08
1.624040661e-08
1.712432304e-08
9.135612933e-09
1.019704305e-08
1.177513873e-08
1.381020493e-08
1.619541222e-08
1.875484329e-08
2.12307674e-08
2.328490248e-08
2.451908761e-08
1.345507786e-08
1.494765493e-08
1.716282031e-08
2.001360966e-08
2.334821309e-08
2.692012767e-08
3.037072224e-08
3.323073345e-08
3.494821663e-08
1.968504967e-08
2.177352279e-08
2.486834958e-08
2.884426688e-08
3.348703599e-08
3.845287463e-08
4.324456424e-08
4.721312607e-08
4.959546395e-08
2.861453238e-08
3.152332816e-08
3.582812724e-08
4.135023026e-08
4.77891702e-08
5.466762662e-08
6.129867469e-08
6.678745945e-08
7.008169806e-08
4.133525427e-08
4.536888653e-08
5.133165536e-08
5.897077419e-08
6.786726952e-08
7.736125037e-08
8.65069679e-08
9.407411601e-08
9.861536519e-08
5.934751375e-08
6.491740181e-08
7.314323015e-08
8.367014688e-08
9.591713371e-08
1.089756945e-07
1.215481284e-07
1.319477952e-07
1.381891306e-07
8.469791233e-08
9.235735342e-08
1.03659839e-07
1.181107979e-07
1.349087568e-07
1.528081005e-07
1.700342349e-07
1.842816576e-07
1.928334824e-07
1.201560271e-07
1.306453134e-07
1.461128987e-07
1.658741551e-07
1.888292738e-07
2.132775542e-07
2.368007352e-07
2.562568631e-07
2.679382566e-07
1.694371434e-07
1.837409356e-07
2.048212686e-07
2.317366552e-07
2.629858516e-07
2.962568839e-07
3.282665345e-07
3.547465871e-07
3.706513682e-07
2.374774932e-07
2.568965226e-07
2.855018809e-07
3.220072619e-07
3.64374546e-07
4.094752411e-07
4.528695909e-07
4.887795576e-07
5.103595488e-07
3.307670336e-07
3.570058879e-07
3.956421632e-07
4.449298229e-07
5.021173951e-07
5.629923669e-07
6.215773702e-07
6.700809782e-07
6.992479498e-07
4.577426512e-07
4.930146312e-07
5.449351543e-07
6.111494476e-07
6.879646088e-07
7.697385427e-07
8.484629634e-07
9.136786102e-07
9.529243479e-07
6.29241926e-07
6.763907384e-07
7.457742493e-07
8.342370135e-07
9.368522542e-07
1.046106104e-06
1.151327777e-06
1.238550279e-06
1.291081154e-06
8.590146616e-07
9.216509639e-07
1.013800285e-06
1.131260681e-06
1.267499383e-06
1.412570603e-06
1.552342597e-06
1.668278882e-06
1.738157601e-06
1.164286227e-06
1.246934904e-06
1.36848957e-06
1.523388546e-06
1.703023173e-06
1.894313864e-06
2.0786728e-06
2.231675049e-06
2.32395876e-06
1.566362971e-06
1.674614651e-06
1.833767217e-06
2.036502254e-06
2.271546665e-06
2.521818031e-06
2.763051728e-06
2.963327464e-06
3.084189105e-06
2.091264399e-06
2.231922341e-06
2.438624762e-06
2.701796628e-06
3.006770153e-06
3.331398244e-06
3.644267515e-06
3.904045008e-06
4.060864491e-06
2.770357951e-06
2.951569234e-06
3.217712852e-06
3.556333231e-06
3.948472026e-06
4.365639039e-06
4.767529528e-06
5.101159216e-06
5.302573155e-06
3.640959352e-06
3.872317395e-06
4.211867853e-06
4.643504943e-06
5.142895652e-06
5.673692654e-06
6.184676493e-06
6.608654604e-06
6.864557834e-06
4.746845414e-06
5.039449305e-06
5.468516018e-06
6.013354008e-06
6.642964915e-06
7.311383909e-06
7.954175432e-06
8.487081513e-06
8.808577221e-06
6.138610406e-06
6.505065347e-06
7.041883702e-06
7.722670688e-06
8.508254476e-06
9.341047372e-06
1.014083917e-05
1.080319112e-05
1.120252487e-05
7.873786723e-06
8.328129388e-06
8.992932828e-06
9.834789468e-06
1.080462576e-05
1.183099578e-05
1.281514017e-05
1.362914864e-05
1.411959452e-05
1.001665115e-05
1.057418517e-05
1.138894552e-05
1.241900557e-05
1.360344654e-05
1.485452619e-05
1.605198422e-05
1.704095523e-05
1.763606231e-05
1.263765086e-05
1.331468103e-05
1.430270241e-05
1.55495712e-05
1.698038804e-05
1.848849058e-05
1.992895689e-05
2.111625228e-05
2.182961692e-05
1.581240344e-05
1.662585978e-05
1.781122326e-05
1.930425436e-05
2.10137598e-05
2.28112617e-05
2.452389624e-05
2.593237769e-05
2.677719117e-05
1.962025566e-05
2.058722349e-05
2.199407743e-05
2.376243942e-05
2.578216127e-05
2.790013664e-05
2.991274048e-05
3.156394387e-05
3.255249828e-05
2.414241103e-05
2.527953338e-05
2.693111503e-05
2.900235995e-05
3.136178563e-05
3.382901532e-05
3.616694986e-05
3.808021564e-05
3.922339383e-05
2.945919771e-05
3.078177299e-05
3.26993005e-05
3.509844459e-05
3.782396656e-05
4.066573821e-05
4.335082606e-05
4.554243617e-05
4.684921559e-05
3.564687053e-05
3.716836523e-05
3.937030997e-05
4.211876295e-05
4.523248436e-05
4.846941161e-05
5.151888749e-05
5.400126288e-05
5.547826468e-05
4.277516988e-05
4.450659283e-05
4.700779397e-05
5.012231224e-05
5.364092915e-05
5.728787631e-05
6.071345991e-05
6.349447271e-05
6.514558607e-05
5.09045174e-05
5.285383606e-05
5.566469565e-05
5.915644983e-05
6.309028871e-05
6.715547694e-05
7.096263249e-05
7.404507998e-05
7.587118701e-05
6.008333683e-05
6.225498421e-05
6.538080339e-05
6.925463224e-05
7.3606912e-05
7.809127031e-05
8.227870439e-05
8.565998078e-05
8.765880033e-05
7.03456815e-05
7.27401915e-05
7.61806965e-05
8.043460214e-05
8.520097353e-05
9.009777974e-05
9.465721134e-05
9.832919874e-05
0.000100495259
8.170932361e-05
8.432312146e-05
8.807221353e-05
9.269713366e-05
9.786552754e-05
0.0001031603627
0.0001080765792
0.0001120257631
0.0001143505029
9.417442579e-05
9.699978819e-05
0.0001010455342
0.0001060254058
0.0001115761985
0.0001172472148
0.0001224984072
0.0001267062059
0.0001291781965
0.0001077228724
0.000110748059
0.0001150729217
0.0001203850293
0.0001262915109
0.0001323099914
0.000137868342
0.0001423116245
0.0001449168952
0.0001223182905
0.0001255278367
0.0001301091265
0.0001357247087
0.0001419538187
0.0001482849886
0.0001541174698
0.0001587692268
0.0001614916721
0.0001379067448
0.0001412818935
0.0001460924096
0.000151977481
0.0001584907615
0.0001650947952
0.0001711641272
0.0001759942519
0.0001788160946
0.0001544180446
0.0001579372894
0.0001629461079
0.0001690624427
0.0001758171478
0.0001826503101
0.0001889160185
0.0001938921507
0.0001967944343
0.0001717675728
0.0001754072771
0.0001805806367
0.0001868868546
0.0001938371504
0.0002008530062
0.0002072725219
0.0002123609109
0.0002153239961
0.0001898585161
0.0001935935736
0.000198895809
0.0002053485033
0.0002124466947
0.0002195973245
0.000226127071
0.0002312934158
0.0002342974583
0.0002085843703
0.0002123888706
0.0002177833465
0.0002243381986
0.0002315359242
0.0002387730909
0.0002453695122
0.0002505797452
0.0002536051354
0.0002278315882
0.0002316794589
0.0002371294606
0.0002437422921
0.000250991638
0.000258267859
0.0002648883507
0.0002701093378
0.0002731370901
0.0002474822488
0.0002513478459
0.0002568173944
0.0002634451186
0.0002706996127
0.0002779691033
0.0002845728203
0.0002897729599
0.0002927850408
0.0002674166387
0.000271275268
0.0002767298323
0.0002833312773
0.0002905467379
0.0002977662043
0.0003043147287
0.0003094644387
0.0003124440307
0.000287515659
0.0002913440141
0.0002967511047
0.0003032876912
0.0003104229147
0.0003175521858
0.0003240100479
0.0003290821386
0.0003320138385
0.0003076629877
0.0003114394988
0.0003167691357
0.0003232054019
0.0003302226857
0.0003372251814
0.0003435602362
0.0003485301719
0.000351400126
0.0003277469544
0.0003314520463
0.0003366770995
0.0003429810756
0.0003498465802
0.0003566896235
0.0003628732907
0.0003677193477
0.0003705153292
0.0003476620997
0.0003512783626
0.0003563747715
0.0003625182122
0.0003692021727
0.0003758571591
0.0003818645384
0.0003865678706
0.0003892793064
0.0003673104111
0.0003708226907
0.0003757695735
0.0003817280613
0.0003882048657
0.0003946473052
0.0004004571845
0.0004050018091
0.0004076197629
0.0003866022429
0.0003899976593
0.0003947773249
0.0004005302611
0.0004067784132
0.0004129878651
0.0004185826383
0.000422955356
0.0004254724756
0.0004054569352
0.0004087248419
0.0004133227198
0.0004188532231
0.0004248552101
0.0004308151306
0.0004361806428
0.0004403709061
0.0004427813435
0.0004238031609
0.000426935054
0.0004313395584
0.000436634288
0.0004423763741
0.0004480738964
0.0004531992346
0.0004571989772
0.0004594982879
0.0004415790296
0.0004445684196
0.0004487707633
0.0004538196866
0.0004592916506
0.0004647173162
0.0004695945607
0.0004733980005
0.0004755830293
0.0004587319836
0.0004615742402
0.0004655682123
0.0004703643335
0.0004755591698
0.0004807066271
0.0004853305789
0.0004889340041
0.000491002763
0.0004752185225
0.000477910701
0.0004816924229
0.0004862314871
0.0004911450845
0.0004960107709
0.0005003786659
0.0005037802147
0.0005057317568
0.0004910037884
0.000493544448
0.0004971121171
0.0005013923047
0.0005060231168
0.0005106059345
0.0005147171568
0.0005179165962
0.0005197508913
0.0005060610478
0.0005084500668
0.0005118036991
0.0005158253196
0.0005201740372
0.0005244750343
0.0005283308346
0.0005313293458
0.000533047159
0.0005203710972
0.0005226094921
0.000525750671
0.000529515865
0.0005335850998
0.0005376071637
0.0005412103904
0.0005440103638
0.0005456131408
0.0005339216212
0.0005360113741
0.0005389430101
0.0005424554667
0.0005462494524
0.0005499970207
0.0005533518674
0.0005559567116
0.0005574464709
0.0005467065259
0.0005486504222
0.0005513765291
0.0005546412231
0.0005581655373
0.0005616443309
0.0005647561039
0.0005671700692
0.0005685493035
0.0005587252665
0.0005605267462
0.000563052236
0.0005660751866
0.0005693364978
0.0005725532781
0.0005754281849
0.0005776562037
0.0005789277906
0.0005699821868
0.0005716452099
0.0005739757071
0.0005767637615
0.0005797696012
0.0005827319516
0.0005853769119
0.0005874244557
0.0005885915769
0.0005804858828
0.0005820148089
0.0005841564849
0.0005867171251
0.0005894756862
0.0005921918192
0.0005946142971
0.0005964872498
0.0005975533206
0.0005902486069
0.0005916480864
0.0005936075119
0.0005959486833
0.0005984686413
0.0006009472289
0.0006031550867
0.000604859634
0.0006058282411
0.000599285723
0.0006005605972
0.0006023446084
0.0006044745685
0.0006067649253
0.0006090149504
0.0006110163197
0.0006125588524
0.0006134336993
0.0006076152132
0.0006087704154
0.0006103859873
0.0006123131702
0.0006143831186
0.0006164137482
0.0006182169209
0.0006196039518
0.0006203888122
0.0006152570493
0.0006162976166
0.0006177518027
0.0006194847046
0.0006213435138
0.0006231639915
0.0006247773271
0.0006260154219
0.0006267141005
0.000622232753
0.000623163749
0.0006244636671
0.0006260108063
0.0006276677385
0.0006292872993
0.0006307191499
0.0006318148688
0.0006324311684
0.0006285650997
0.0006293915582
0.0006305442903
0.0006319141798
0.00063337842
0.0006348062229
0.0006360648723
0.0006370247232
0.0006375624173
0.0006342777831
0.0006350046699
0.0006360172003
0.0006372182381
0.0006384988838
0.000639743963
0.0006408375794
0.0006416679802
0.0006421307915
0.000639395121
0.0006400273054
0.0006409064838
0.0006419469098
0.0006430529102
0.0006441241261
0.0006450607233
0.000645767972
0.0006461595548
0.000643941796
0.0006444840289
0.0006452365391
0.0006461243954
0.0006470644874
0.0006479705058
0.0006487579169
0.0006493481695
0.0006496720962
0.000647942631
0.0006483995286
0.0006490318659
0.0006497749688
0.0006505576441
0.0006513069114
0.0006519527639
0.0006524320142
0.0006526917639
0.0006514223991
0.0006517984317
0.0006523168876
0.0006529228115
0.0006535563052
0.0006541570238
0.000654668711
0.0006550427728
0.0006552417216
0.0006544056613
0.0006547051452
0.0006551157964
0.0006555918597
0.0006560841324
0.000656544237
0.0006569289093
0.0006572034081
0.0006573448241
0.0006569166317
0.0006571437241
0.000657452424
0.0006578056779
0.0006581644011
0.0006584915385
0.000658756105
0.0006589364758
0.0006590235158
0.0006589790665
0.0006591377628
0.0006593501386
0.0006595873633
0.0006598199156
0.0006600214421
0.000660172562
0.0006602640432
0.0006602997506
0.0006606161764
0.0006607103101
0.000660831762
0.0006609594666
0.0006610729341
0.0006611559181
0.000661199994
0.0006612076238
0.0006611949259
0.0006618505557
0.0006618837997
0.0006619195033
0.000661943928
0.0006619451068
0.0006619163302
0.0006618595079
0.0006617881232
0.0006617298304
0.0006627041282
0.0006626799975
0.0006626349069
0.0006625620269
0.0006624574273
0.0006623233897
0.000662171562
0.000662025797
0.0006619246028
0.0006631981066
0.0006631199614
0.0006629988136
0.0006628343441
0.000662630195
0.000662397117
0.0006621559251
0.0006619402161
0.0006617986986
0.0006633529635
0.0006632240131
0.0006630313332
0.0006627807348
0.0006624829894
0.0006621568177
0.0006618316554
0.0006615502441
0.0006613708689
0.0006631884127
0.0006630117195
0.0006627518264
0.0006624203121
0.0006620346544
0.0006616210684
0.0006612170889
0.0006608740263
0.0006606591481
0.0006627233994
0.0006625018837
0.0006621788962
0.0006617714381
0.0006613032903
0.000660807707
0.0006603298227
0.0006599289802
0.0006596808478
0.0006619760974
0.0006617125421
0.0006613303856
0.0006608517229
0.0006603062538
0.0006597338382
0.0006591867356
0.0006587318026
0.0006584525601
0.0006609639128
0.0006606609682
0.0006602233817
0.000659678029
0.0006590601628
0.0006584158358
0.0006578039789
0.0006572984727
0.0006569901633
0.0006597034918
0.0006593636811
0.000658874224
0.0006582664797
0.0006575809052
0.0006568693524
0.0006561969921
0.0006556442621
0.0006553088311
0.0006582107335
0.0006578364573
0.0006572985171
0.0006566324716
0.0006558836512
0.0006551093322
0.0006543805138
0.0006537837474
0.0006534230455
0.0006565008049
0.0006560943468
0.0006555111452
0.0006547906896
0.0006539828681
0.0006531500249
0.0006523685963
0.0006517308248
0.0006513466117
0.0006545881592
0.0006541516902
0.0006535262905
0.0006527551245
0.0006518923377
0.0006510050036
0.0006501746228
0.0006494987273
0.000649092675
0.0006524865554
0.0006520221388
0.0006513574525
0.0006505390922
0.0006496251759
0.0006486871835
0.0006478113263
0.0006471000438
0.0006466737401
0.0006502090795
0.0006497186757
0.0006490174689
0.0006481552546
0.0006471938526
0.0006462088425
0.0006452908098
0.000644546739
0.0006441016912
0.0006477681674
0.0006472536381
0.0006465185376
0.0006456156416
0.0006446102139
0.0006435816425
0.0006426245679
0.0006418501749
0.0006413878128
0.0006451756272
0.0006446387399
0.0006438722395
0.0006429316732
0.0006418855039
0.0006408166517
0.0006398235082
0.0006390211324
0.0006385428116
0.0006424426631
0.0006418850953
0.0006410895617
0.0006401141824
0.0006390303876
0.0006379243664
0.0006368979737
0.0006360698331
0.0006355768385
0.0006395798989
0.0006390032421
0.0006381809201
0.0006371734385
0.0006360549734
0.0006349147341
0.0006338577653
0.0006330059617
0.0006324995105
0.0006365974015
0.0006360031648
0.0006351561837
0.0006341191697
0.0006329688361
0.0006317971755
0.0006307121637
0.0006298386882
0.0006293199328
0.000633504704
0.0006328943184
0.0006320246963
0.000630960586
0.000629781039
0.000628580607
0.0006274699514
0.0006265766892
0.0006260467205
0.0006303108294
0.0006296856508
0.0006287953001
0.0006277064015
0.0006265001564
0.0006252734627
0.0006241394347
0.0006232281701
0.00062268802
0.0006270243122
0.0006263856252
0.0006254763576
0.0006243648566
0.000623134295
0.0006218837154
0.0006207284649
0.0006198008858
0.0006192515299
0.0006236532213
0.0006230022423
0.0006220757731
0.0006209437393
0.0006196911155
0.0006184188982
0.0006172444587
0.0006163021612
0.0006157445218
0.0006202051808
0.0006195430614
0.0006186010141
0.000617450406
0.0006161778529
0.0006148861244
0.0006136944187
0.0006127389114
0.0006121738598
0.000616687391
0.000616015221
0.0006150591317
0.0006138918019
0.0006126013366
0.0006112921075
0.0006100849531
0.0006091176612
0.0006085460201
0.0006131066488
0.0006124254587
0.0006114567803
0.0006102744805
0.00060896801
0.0006076431803
0.0006064222941
0.0006054445635
0.0006048671095
0.0006094693668
0.0006087801311
0.0006078002368
0.0006066046228
0.0006052839489
0.0006039453135
0.0006027123167
0.0006017254178
0.0006011428834
0.0006057815919
0.0006050852315
0.0006040954191
0.0006028880551
0.0006015548797
0.0006002041334
0.0005989605562
0.0005979656874
0.0005973787634
0.0006020490239
0.0006013464087
0.0006003479039
0.0005991302669
0.0005977861967
0.0005964249389
0.000595172225
0.0005941705164
0.0005935798539
0.0005982770321
0.0005975689835
0.0005965629434
0.0005953364278
0.0005939829789
0.0005926127183
0.0005913522289
0.0005903447457
0.000589750958
0.0005944706725
0.0005937579658
0.0005927454824
0.0005915114034
0.0005901500057
0.0005887721649
0.000587505183
0.0005864929286
0.0005858965931
0.0005906347034
0.0005899180699
0.0005889001731
0.0005876597711
0.0005862917727
0.0005849076923
0.0005836354264
0.0005826193457
0.0005820210058
0.000586773601
0.0005860537302
0.000585031391
0.0005837858351
0.0005824125062
0.000581023449
0.000579747037
0.000578728019
0.0005781281859
0.0005828915739
0.0005821691157
0.0005811432489
0.0005798936405
0.0005785161775
0.0005771233324
0.0005758438452
0.0005748227263
0.0005742218805
0.000578992577
0.0005782681436
0.0005772396111
0.0005759869874
0.0005746065165
0.0005732110022
0.0005719294474
0.0005709070139
0.0005703056068
0.0005750803257
0.0005743544936
0.0005733241067
0.0005720694439
0.0005706870248
0.000569289894
0.0005680072186
0.0005669842096
0.0005663826655
0.0005711583085
0.0005704316202
0.0005694001425
0.0005681443592
0.000566760989
0.0005653632313
0.0005640803258
0.0005630574357
0.0005624561527
0.0005672297997
0.0005665027659
0.0005654709157
0.0005642148761
0.0005628314924
0.0005614340384
0.0005601517396
0.0005591296206
0.0005585289727
0.000563297872
0.0005625709731
0.0005615394264
0.0005602839433
0.0005589014277
0.0005575051522
0.0005562242465
0.0005552035115
0.0005546038498
0.0005593654085
0.0005586390966
0.0005576084893
0.0005563543271
0.0005549735089
0.0005535792346
0.0005523004614
0.0005512816863
0.0005506833406
0.0005554351148
0.0005547098153
0.0005536807457
0.0005524286241
0.0005510502837
0.0005496587845
0.0005483828394
0.0005473665657
0.0005467698461
0.0005515095307
0.0005507856443
0.0005497586762
0.0005485092729
0.0005471341453
0.0005457461503
0.0005444736885
0.0005434604264
0.0005428656249
0.0005475910428
0.0005468689473
0.0005458446123
0.0005445985667
0.0005432273453
0.0005418435426
0.0005405751824
0.0005395654135
0.0005389728059
0.0005436818965
0.0005429619491
0.0005419407497
0.0005406986662
0.0005393320071
0.0005379530477
0.0005366893746
0.0005356835552
0.0005350934026
0.0005397842097
0.0005390667488
0.0005380491614
0.0005368116135
0.0005354501395
0.000534076642
0.0005328182129
0.0005318167771
0.0005312293284
0.000535899986
0.0005351853338
0.0005341718123
0.0005329393467
0.0005315836521
0.0005302162077
0.0005289635553
0.0005279669192
0.0005273824131
0.00053203113
0.0005313195952
0.0005303105745
0.0005290837158
0.0005277343715
0.0005263735492
0.0005251271874
0.0005241357532
0.0005235544211
0.0005281794638
0.0005274713439
0.0005264672442
0.0005252465
0.0005239040599
0.0005225504128
0.0005213108423
0.000520325003
0.0005197470711
0.0005243467441
0.0005236423293
0.0005226435608
0.0005214294274
0.0005200944345
0.0005187485063
0.0005175162211
0.0005165363657
0.000515962059
0.0005205346826
0.0005198342591
0.000518841227
0.0005176341963
0.0005163071899
0.0005149695228
0.0005137450174
0.0005127715369
0.0005122010822
0.0005167449678
0.000516048822
0.0005150619325
0.0005138624986
0.0005125440227
0.0005112151658
0.0005099989428
0.0005090322367
0.0005084658663
0.0005129792891
0.0005122877118
0.0005113073786
0.0005101160464
0.0005088066587
0.0005074871769
0.0005062797563
0.0005053202392
0.0005047581954
0.0005092393636
0.0005085526554
0.0005075793068
0.0005063966005
0.0005050968822
0.0005037873667
0.0005025892945
0.0005016374042
0.0005010799433
0.0005055269658
0.0005048454423
0.000503879529
0.0005027060019
0.0005014165683
0.0005001176474
0.0004989295063
0.0004979857116
0.0004974331085
0.0005018439587
0.0005011679566
0.0005002099603
0.0004990462051
0.0004977677174
0.0004964800682
0.0004953024877
0.0004943672965
0.0004938198495
0.0004981923284
0.0004975222119
0.0004965726545
0.0004954193144
0.0004941524916
0.0004928768519
0.0004917105197
0.0004907844878
0.0004902425228
0.0004945742195
0.0004939103871
0.0004929698399
0.0004918276206
0.0004905732526
0.0004893104344
0.0004881561075
0.0004872398457
0.0004867037203
0.0004909919719
0.0004903348629
0.0004894039572
0.0004882736385
0.0004870325999
0.0004857835032
0.0004846420225
0.0004837362
0.0004832063051
0.0004874481569
0.0004867982588
0.0004858776946
0.0004847601425
0.0004835334047
0.0004822990308
0.0004811713334
0.0004802766789
0.00047975344
0.0004839456125
0.000483303467
0.0004823940222
0.0004812901981
0.000480078838
0.0004788602925
0.0004777474058
0.0004768647214
0.0004763486031
0.0004804874767
0.0004798536858
0.0004789562241
0.0004778671939
0.0004766724025
0.0004754709029
0.0004743739403
0.0004735040997
0.0004729956055
0.0004770772172
0.0004764524483
0.0004755679267
0.0004744948698
0.0004733179635
0.0004721348556
0.0004710549978
0.0004701989325
0.000469698599
0.0004737186566
0.0004731036455
0.0004722331174
0.000471177328
0.0004700197403
0.0004688564565
0.0004677949649
0.0004669536643
0.0004664620588
0.0004704159935
0.0004698115465
0.0004689561632
0.0004679190503
0.0004667823339
0.000465640331
0.0004645985318
0.0004637730355
0.0004632907519
0.0004671738099
0.0004665807993
0.0004657417996
0.0004647248646
0.0004636105579
0.0004624913632
0.000461470642
0.0004606620332
0.0004601896877
0.0004639970635
0.0004634164151
0.0004625950876
0.0004615997833
0.0004605094535
0.000459414646
0.000458416435
0.0004576258296
0.0004571640542
0.0004608910331
0.0004603236298
0.0004595211658
0.0004585489483
0.0004574842063
0.000456415406
0.0004554411693
0.0004546697033
0.0004542191383
0.0004578609003
0.000457307593
0.000456525215
0.0004555775788
0.0004545400677
0.0004534989172
0.000452550132
0.0004517989456
0.0004513602316
0.0004549118262
0.0004543734888
0.000453612441
0.000452690897
0.0004516822664
0.0004506704047
0.0004497485366
0.0004490187574
0.0004485925257
0.0004520489582
0.0004515264677
0.0004507879902
0.0004498940341
0.0004489159068
0.0004479349371
0.0004470414143
0.0004463341375
0.0004459210019
0.0004492773351
0.0004487715481
0.0004480568454
0.0004471919228
0.0004462458588
0.000445297316
0.0004444335015
0.0004437497727
0.0004433503203
0.0004466017744
0.0004461135034
0.0004454237142
0.0004445891854
0.0004436766472
0.0004427619664
0.0004419291343
0.0004412699328
0.0004408847179
0.0004440267553
0.0004435567481
0.0004428929169
0.0004420900263
0.0004412123486
0.0004403328388
0.0004395321539
0.0004388983818
0.0004385279211
0.0004415563102
0.0004411052321
0.0004404682868
0.000439698138
0.0004388565046
0.0004380133296
0.0004372458346
0.0004366383091
0.0004362830801
0.0004391939309
0.0004387623527
0.0004381530886
0.0004374166282
0.0004366120574
0.0004358062254
0.0004350728349
0.0004344922868
0.0004341527278
0.0004369424987
0.0004365308895
0.0004359499619
0.0004352479724
0.0004344813125
0.0004337136745
0.000433015176
0.0004324622518
0.0004321387633
0.000434804242
0.000434412969
0.0004338608926
0.0004331939946
0.0004324659279
0.0004317371833
0.0004310742425
0.0004305495076
0.0004302424537
0.000432780723
0.0004324100555
0.0004318872118
0.0004312558726
0.0004305669254
0.0004298776305
0.0004292507975
0.0004287547385
0.0004284644454
0.0004308728497
0.0004305229671
0.0004300296149
0.0004294341603
0.0004287847137
0.0004281352898
0.0004275450008
0.0004270780216
0.0004268047712
0.0004290809069
0.0004287519068
0.0004282881925
0.0004277288174
0.0004271191138
0.0004265098468
0.0004259564168
0.0004255188252
0.0004252628424
0.0004274045928
0.0004270964973
0.0004266624613
0.0004261392317
0.0004255693708
0.0004250003989
0.0004244840009
0.0004240759835
0.0004238374163
0.0004258430512
0.000425555807
0.0004251513803
0.0004246642241
0.0004241341445
0.0004236054296
0.0004231260584
0.0004227476441
0.000422526537
0.0004243948852
0.0004241283558
0.0004237533452
0.0004233020279
0.0004228114721
0.000422322756
0.0004218801795
0.0004215311936
0.0004213274575
0.0004230581463
0.0004228120954
0.0004224661567
0.0004220502433
0.0004215987089
0.0004211494568
0.0004207431587
0.0004204231741
0.0004202365553
0.0004218302977
0.0004216043658
0.0004212869675
0.0004209057749
0.0004204924583
0.0004200817977
0.0004197109189
0.000419419207
0.0004192492592
0.0004207081627
0.0004205018399
0.0004202122247
0.0004198647728
0.0004194885139
0.0004191151778
0.0004187784616
0.0004185139481
0.0004183600047
0.0004196878734
0.0004195004769
0.0004192376297
0.0004189226047
0.0004185818476
0.0004182441347
0.0004179398863
0.0004177011061
0.0004175622376
0.0004187648451
0.0004185955081
0.0004183581449
0.0004180738923
0.0004177666868
0.0004174624687
0.0004171885592
0.0004169736294
0.0004168485164
0.0004179337927
0.0004177814752
0.0004175680678
0.0004173126397
0.000417036721
0.0004167635606
0.0004165175919
0.0004163244445
0.000416212177
0.0004171888033
0.0004170523301
0.0004168611765
0.0004166324476
0.0004163854281
0.0004161408431
0.000415920899
0.0004157487221
0.0004156488637
0.0004165234689
0.000416401594
0.0004162309401
0.000416026765
0.0004158064853
0.0004155890471
0.0004153941105
0.0004152420038
0.0004151540324
0.0004159311184
0.0004158225992
0.0004156708922
0.0004154898978
0.0004152952714
0.0004151037488
0.0004149326255
0.000414799452
0.0004147225923
0.0004154055545
0.000415309897
0.0004151764143
0.0004150175421
0.000414847235
0.000414680152
0.0004145312429
0.000414415601
0.0004143489623
0.000414942954
0.0004148594712
0.0004147432167
0.0004146051695
0.0004144575083
0.0004143129681
0.0004141844024
0.0004140847146
0.0004140273283
0.0004145390633
0.0004144669635
0.0004143666613
0.0004142477448
0.000414120756
0.0004139966498
0.0004138864095
0.0004138010156
0.0004137518837
0.0004141891918
0.0004141274399
0.000414041602
0.0004139399415
0.000413831499
0.0004137256233
0.000413631649
0.000413558888
0.000413517028
0.0004138881726
0.000413835665
0.0004137627138
0.000413676367
0.0004135843125
0.0004134944767
0.0004134147576
0.0004133530325
0.0004133175105
0.0004136307184
0.0004135863428
0.0004135247017
0.0004134517553
0.0004133739947
0.0004132981046
0.000413230745
0.0004131785668
0.0004131485202
0.0004134116331
0.0004133743166
0.0004133224766
0.0004132611178
0.0004131956891
0.0004131318044
0.0004130750651
0.0004130310801
0.0004130057292
0.0004132259767
0.0004131947199
0.0004131512837
0.0004130998465
0.0004130449615
0.000412991328
0.0004129436487
0.0004129066492
0.000412885302
0.0004130691782
0.0004130430756
0.0004130067827
0.0004129637725
0.0004129178364
0.0004128728992
0.0004128329035
0.0004128018291
0.0004127838795
0.0004129371001
0.0004129153493
0.0004128850859
0.0004128491872
0.0004128108025
0.000412773204
0.0004127396949
0.0004127136255
0.0004126985485
0.0004128260644
0.0004128079662
0.0004127827643
0.0004127528369
0.0004127207952
0.0004126893651
0.0004126613126
0.0004126394578
0.0004126268022
0.0004127328482
0.0004127178021
0.0004126968313
0.0004126718985
0.0004126451668
0.0004126189056
0.0004125954308
0.000412577116
0.0004125664967
0.0004126546607
0.0004126421565
0.0004126247117
0.0004126039449
0.0004125816473
0.0004125597077
0.0004125400653
0.0004125247173
0.0004125158046
0.0004125891081
0.0004125787159
0.0004125642033
0.0004125469047
0.0004125283032
0.0004125099712
0.0004124935318
0.0004124806651
0.0004124731838
0.0004125341526
0.0004125255127
0.000412513435
0.0004124990202
0.0004124834961
0.0004124681719
0.000412454406
0.0004124436179
0.0004124373395
0.0004124880699
0.0004124808826
0.0004124708255
0.0004124588065
0.0004124458427
0.0004124330238
0.0004124214935
0.0004124124479
0.0004124071784
0.0004124494076
0.0004124434241
0.0004124350431
0.0004124250138
0.0004124141783
0.0004124034515
0.0004123937918
0.0004123862047
0.0004123817804
0.0004124169464
0.0004124119603
0.0004124049684
0.0004123965916
0.0004123875327
0.0004123785537
0.0004123704575
0.0004123640908
0.0004123603743
0.0004123896636
0.0004123855043
0.0004123796684
0.0004123726702
0.0004123650935
0.0004123575738
0.0004123507846
0.000412345439
0.0004123423143
0.0004123667115
0.0004123632415
0.0004123583689
0.0004123525199
0.0004123461798
0.0004123398793
0.0004123341836
0.0004123296931
0.0004123270656
0.0004123473867
0.0004123444906
0.0004123404208
0.0004123355304
0.0004123302234
0.0004123249431
0.0004123201639
0.0004123163925
0.0004123141837
0.0004123311
0.0004123286823
0.0004123252823
0.0004123211931
0.0004123167509
0.0004123123266
0.0004123083191
0.0004123051545
0.0004123032995
0.0004123173599
0.0004123153419
0.0004123125023
0.0004123090846
0.000412305369
0.0004123016665
0.0004122983116
0.000412295661
0.0004122941065
0.000412305758
0.0004123040751
0.0004123017061
0.0004122988535
0.0004122957519
0.0004122926612
0.0004122898603
0.0004122876473
0.0004122863491
0.0004122959549
0.0004122945543
0.0004122925827
0.0004122902092
0.0004122876292
0.0004122850589
0.0004122827306
0.0004122808914
0.0004122798128
0.0004122876698
0.000412286509
0.0004122848754
0.0004122829099
0.0004122807746
0.0004122786489
0.0004122767246
0.0004122752056
0.0004122743152
0.0004122806713
0.0004122797151
0.0004122783703
0.0004122767534
0.0004122749985
0.0004122732531
0.0004122716745
0.0004122704291
0.0004122696987
0.0004122747668
0.0004122739858
0.0004122728883
0.0004122715699
0.0004122701404
0.00041226872
0.0004122674359
0.0004122664223
0.0004122658265
0.0004122697949
0.0004122691642
0.0004122682784
0.0004122672153
0.0004122660635
0.0004122649192
0.0004122638837
0.000412263064
0.0004122625798
0.0004122656195
0.0004122651173
0.0004122644124
0.0004122635667
0.00041226265
0.0004122617379
0.0004122609094
0.0004122602494
0.0004122598563
0.0004122621249
0.0004122617321
0.0004122611804
0.0004122605179
0.0004122597979
0.000412259078
0.0004122584191
0.0004122578888
0.0004122575694
0.0004122592114
0.0004122589105
0.000412258487
0.0004122579765
0.0004122574183
0.0004122568549
0.0004122563326
0.0004122559065
0.0004122556464
0.0004122567922
0.0004122565671
0.0004122562489
0.0004122558621
0.0004122554343
0.0004122549957
0.0004122545823
0.0004122542393
0.0004122540268
0.0004122547905
0.0004122546267
0.0004122543928
0.0004122541044
0.0004122537794
0.0004122534391
0.0004122531116
0.0004122528345
0.0004122526602
0.0004122531389
0.000412253023
0.0004122528549
0.0004122526428
0.0004122523975
0.0004122521336
0.0004122518732
0.0004122516484
0.0004122515047
0.0004122517776
0.0004122516983
0.0004122515801
0.000412251426
0.0004122512414
0.0004122510363
0.0004122508283
0.0004122506449
0.0004122505258
0.0004122506552
0.0004122506029
0.0004122505216
0.0004122504108
0.0004122502719
0.0004122501119
0.0004122499447
0.0004122497941
0.0004122496948
0.0004122497281
0.0004122496951
0.0004122496407
0.0004122495615
0.0004122494568
0.000412249331
0.0004122491956
0.0004122490711
0.0004122489879
0.0004122489599
0.0004122489405
0.000412248905
0.0004122488488
0.0004122487694
0.0004122486697
0.0004122485592
0.0004122484556
0.0004122483856
0.000412248321
0.0004122483109
0.0004122482886
0.0004122482487
0.0004122481881
0.0004122481082
0.0004122480172
0.0004122479305
0.0004122478713
0.0004122477873
0.0004122477833
0.00041224777
0.0004122477417
0.0004122476948
0.0004122476302
0.0004122475548
0.0004122474819
0.0004122474317
0.0004122473396
0.0004122473393
0.000412247332
0.0004122473118
0.0004122472751
0.0004122472225
0.0004122471597
0.0004122470982
0.0004122470554
0.000412246962
0.000412246964
0.0004122469605
0.0004122469461
0.0004122469172
0.0004122468742
0.0004122468217
0.0004122467698
0.0004122467335
0.000412246642
0.0004122466454
0.0004122466445
0.0004122466342
0.0004122466115
0.0004122465764
0.0004122465329
0.0004122464895
0.000412246459
0.0004122463698
0.0004122463739
0.0004122463747
0.0004122463678
0.0004122463502
0.000412246322
0.0004122462865
0.0004122462513
0.0004122462273
0.0004122461373
0.000412246142
0.0004122461441
0.00041224614
0.000412246127
0.000412246105
0.0004122460772
0.0004122460499
0.0004122460326
0.0004122459384
0.0004122459434
0.0004122459468
0.0004122459452
0.0004122459365
0.0004122459205
0.0004122459001
0.0004122458811
0.0004122458685
0.0004122457679
0.0004122457734
0.000412245778
0.0004122457789
0.0004122457743
0.0004122457641
0.0004122457508
0.0004122457389
0.0004122457297
0.0004122456219
0.0004122456279
0.0004122456338
0.0004122456373
0.0004122456367
0.0004122456323
0.0004122456262
0.0004122456189
0.0004122456122
0.0004122454969
0.0004122455035
0.0004122455109
0.000412245517
0.0004122455206
0.000412245522
0.0004122455213
0.0004122455173
0.0004122455124
0.0004122453903
0.0004122453977
0.0004122454068
0.0004122454156
0.0004122454234
0.0004122454301
0.0004122454327
0.000412245431
0.0004122454275
0.0004122452999
0.0004122453083
0.0004122453192
0.0004122453312
0.0004122453434
0.0004122453531
0.0004122453579
0.0004122453578
0.0004122453552
0.000412245224
0.0004122452337
0.0004122452468
0.0004122452622
0.0004122452772
0.0004122452886
0.0004122452946
0.0004122452955
0.0004122452937
0.0004122451615
0.0004122451727
0.0004122451884
0.0004122452059
0.0004122452222
0.0004122452343
0.0004122452409
0.0004122452425
0.0004122452412
0.000412245112
0.0004122451248
0.0004122451418
0.00041224516
0.0004122451764
0.0004122451886
0.0004122451955
0.0004122451974
0.0004122451966
0.0004122450743
0.0004122450874
0.0004122451044
0.0004122451224
0.0004122451384
0.0004122451502
0.000412245157
0.0004122451592
0.0004122451587
0.0004122450453
0.000412245058
0.0004122450744
0.0004122450915
0.0004122451067
0.0004122451179
0.0004122451245
0.0004122451268
0.0004122451266
0.0004122450228
0.0004122450348
0.0004122450502
0.0004122450661
0.0004122450803
0.0004122450908
0.0004122450971
0.0004122450995
0.0004122450996
0.0004122450054
0.0004122450165
0.0004122450306
0.0004122450453
0.0004122450584
0.0004122450682
0.0004122450741
0.0004122450766
0.0004122450768
0.0004122449919
0.000412245002
0.0004122450149
0.0004122450283
0.0004122450403
0.0004122450493
0.000412245055
0.0004122450575
0.0004122450579
0.0004122449813
0.0004122449905
0.0004122450022
0.0004122450145
0.0004122450254
0.0004122450338
0.0004122450392
0.0004122450417
0.0004122450423
0.0004122449733
0.0004122449816
0.0004122449922
0.0004122450033
0.0004122450133
0.0004122450212
0.0004122450263
0.0004122450289
0.0004122450297
0.0004122449672
0.0004122449747
0.0004122449843
0.0004122449944
0.0004122450037
0.000412245011
0.000412245016
0.0004122450187
0.0004122450197
0.0004122449627
0.0004122449695
0.0004122449783
0.0004122449876
0.0004122449962
0.0004122450031
0.0004122450081
0.0004122450109
0.000412245012
0.0004122449596
0.0004122449658
0.0004122449738
0.0004122449825
0.0004122449905
0.0004122449972
0.0004122450021
0.0004122450051
0.0004122450064
0.0004122449577
0.0004122449634
0.0004122449708
0.0004122449789
0.0004122449866
0.0004122449931
0.000412244998
0.0004122450012
0.0004122450027
0.0004122449569
0.0004122449621
0.0004122449691
0.0004122449767
0.000412244984
0.0004122449905
0.0004122449955
0.0004122449988
0.0004122450005
0.0004122449569
0.0004122449618
0.0004122449683
0.0004122449756
0.0004122449827
0.0004122449891
0.0004122449942
0.0004122449978
0.0004122449996
0.0004122449575
0.0004122449622
0.0004122449684
0.0004122449754
0.0004122449824
0.0004122449887
0.0004122449939
0.0004122449976
0.0004122449995
0.0004122449586
0.0004122449631
0.000412244969
0.0004122449758
0.0004122449827
0.000412244989
0.0004122449942
0.000412244998
0.000412245
0.0004122449596
0.0004122449639
0.0004122449697
0.0004122449763
0.0004122449831
0.0004122449893
0.0004122449946
0.0004122449984
0.0004122450004
2.484188542e-22
9.30458323e-22
2.076121678e-21
3.935330728e-21
6.948825911e-21
1.187833829e-20
2.004663568e-20
3.374039742e-20
5.691968644e-20
9.644530439e-20
1.642182031e-19
2.809062751e-19
4.824458079e-19
8.313792741e-19
1.436570636e-18
2.487314512e-18
4.312078668e-18
7.479938003e-18
1.297737366e-17
2.251590775e-17
3.906638504e-17
6.778637779e-17
1.17629745e-16
2.041392027e-16
3.542898348e-16
6.148830327e-16
1.067076481e-15
1.85150046e-15
3.211590948e-15
5.568177931e-15
9.647507659e-15
1.670024e-14
2.887460965e-14
4.984945335e-14
8.590272507e-14
1.477051376e-13
2.533127807e-13
4.331271788e-13
7.380572126e-13
1.252845298e-12
2.117642322e-12
3.562620384e-12
5.96296183e-12
9.9253157e-12
1.642225041e-11
2.699899706e-11
4.408773153e-11
7.147994933e-11
1.150287456e-10
1.836822494e-10
2.909901549e-10
4.572812607e-10
7.127847995e-10
1.102019894e-09
1.690034183e-09
2.571149681e-09
3.881149995e-09
5.814169438e-09
8.645961492e-09
1.276575961e-08
1.871960398e-08
2.726877354e-08
3.946778225e-08
5.676724969e-08
8.114785037e-08
1.152922743e-07
1.628022639e-07
2.284671909e-07
3.185893451e-07
4.413691564e-07
6.073510264e-07
8.299277537e-07
1.125898563e-06
1.516072092e-06
2.025900147e-06
2.686119165e-06
3.533363324e-06
4.610697016e-06
5.967998399e-06
7.662114961e-06
9.756711788e-06
1.232174502e-05
1.543251325e-05
1.916826164e-05
2.361035867e-05
2.883973667e-05
3.493349279e-05
4.196250545e-05
4.998861484e-05
5.906190365e-05
6.921826533e-05
8.047742073e-05
9.28415092e-05
0.0001062943379
0.0001208013257
0.000136310129
0.0001527518958
0.000170043055
0.0001880875259
0.0002067792191
0.000226004694
0.0002456458518
0.0002655825487
0.0002856950421
0.0003058661957
0.0003259833973
0.0003459401604
0.0003656373988
0.000384984381
0.0004038993787
0.0004223100379
0.0004401535009
0.0004573763167
0.000473934173
0.0004897914879
0.0005049208915
0.0005193026308
0.0005329239244
0.00054577829
0.0005578648661
0.000569187745
0.0005797553291
0.000589579731
0.0005986762263
0.0006070627399
0.000614759196
0.0006217871064
0.0006281692602
0.0006339293833
0.0006390918397
0.0006436813683
0.0006477228566
0.0006512411476
0.0006542608758
0.0006568063314
0.0006589013482
0.000660569214
0.0006618325999
0.0006627135053
0.0006632332167
0.0006634122788
0.0006632704753
0.0006628268194
0.0006620995504
0.0006611061373
0.0006598632871
0.0006583869571
0.0006566923702
0.000654794033
0.0006527057559
0.000650440674
0.0006480112698
0.0006454293965
0.000642706301
0.0006398526481
0.0006368785436
0.0006337935581
0.00063060675
0.000627326688
0.0006239614731
0.0006205187604
0.0006170057797
0.0006134293559
0.0006097959282
0.0006061115692
0.0006023820027
0.0005986126213
0.0005948085028
0.0005909744265
0.0005871148884
0.0005832341158
0.0005793360819
0.0005754245188
0.0005715029312
0.0005675746087
0.0005636426383
0.0005597099166
0.000555779162
0.0005518529259
0.0005479336059
0.0005440234574
0.0005401246071
0.0005362390664
0.0005323687466
0.0005285154749
0.0005246810117
0.0005208670709
0.000517075341
0.0005133075093
0.0005095652886
0.0005058504464
0.0005021648359
0.0004985104306
0.0004948893589
0.0004913039413
0.0004877567267
0.0004842505276
0.0004807884534
0.000477373941
0.0004740107805
0.0004707031368
0.0004674555598
0.0004642729817
0.0004611606807
0.0004581238777
0.0004551677206
0.0004522973532
0.0004495178227
0.0004468339663
0.0004442502939
0.0004417708767
0.0004393992517
0.0004371383488
0.0004349904459
0.0004329571524
0.0004310394203
0.0004292375735
0.0004275513464
0.0004259799184
0.0004245219309
0.0004231754809
0.0004219380879
0.0004208066438
0.0004197773608
0.0004188457397
0.0004180065778
0.0004172540296
0.0004165817281
0.0004159830085
0.0004154513618
0.0004149829653
0.0004145736531
0.0004142188338
0.0004139133851
0.000413652029
0.0004134295531
0.000413240984
0.0004130817069
0.0004129475359
0.0004128347435
0.0004127400599
0.0004126606507
0.0004125940835
0.0004125382866
0.0004124915067
0.0004124522671
0.0004124193278
0.0004123916493
0.0004123683674
0.0004123487681
0.0004123322526
0.0004123183216
0.0004123065598
0.0004122966222
0.000412288223
0.0004122811272
0.0004122751392
0.0004122700958
0.0004122658592
0.0004122623124
0.000412259355
0.0004122568992
0.0004122548681
0.0004122531932
0.0004122518142
0.0004122506787
0.0004122497422
0.0004122489675
0.0004122483243
0.0004122477878
0.0004122473383
0.0004122469597
0.0004122466393
0.0004122463668
0.0004122461343
0.0004122459353
0.0004122457647
0.0004122456185
0.0004122454933
0.0004122453864
0.0004122452957
0.0004122452193
0.0004122451562
0.0004122451058
0.0004122450678
0.0004122450389
0.0004122450168
0.0004122449998
0.0004122449868
0.0004122449767
0.0004122449691
0.0004122449634
0.0004122449593
0.0004122449565
0.0004122449549
0.0004122449543
0.0004122449544
0.0004122449553
0.0004122449564
0.0004122449575
)
;

boundaryField
{
    outlet
    {
        type            inletOutlet;
        inletValue      uniform 0;
        value           nonuniform List<scalar> 10(0.0004122449596 0.0004122449639 0.0004122449697 0.0004122449763 0.0004122449831 0.0004122449893 0.0004122449946 0.0004122449984 0.0004122450004 0.0004122449575);
    }
    inlet
    {
        type            fixedValue;
        value           uniform 0;
    }
    front
    {
        type            wedge;
    }
    wall
    {
        type            zeroGradient;
    }
    back
    {
        type            wedge;
    }
}


// ************************************************************************* //
