/*--------------------------------*- C++ -*----------------------------------*\
| =========                 |                                                 |
| \\      /  F ield         | OpenFOAM: The Open Source CFD Toolbox           |
|  \\    /   O peration     | Version:  2212                                  |
|   \\  /    A nd           | Website:  www.openfoam.com                      |
|    \\/     M anipulation  |                                                 |
\*---------------------------------------------------------------------------*/
FoamFile
{
    version     2.0;
    format      ascii;
    arch        "LSB;label=32;scalar=64";
    class       volScalarField;
    location    "30.00000000";
    object      C5H5_0;
}
// * * * * * * * * * * * * * * * * * * * * * * * * * * * * * * * * * * * * * //

dimensions      [0 0 0 0 0 0 0];

internalField   nonuniform List<scalar> 
3000
(
1.896746714e-22
2.129800725e-22
2.481197645e-22
2.948947144e-22
3.527906484e-22
4.202015944e-22
4.930541922e-22
5.625054565e-22
6.116004679e-22
7.122210905e-22
8.029636945e-22
9.397220317e-22
1.122155004e-21
1.349905122e-21
1.621527745e-21
1.932200132e-21
2.266312951e-21
2.562344845e-21
1.595785386e-21
1.813289118e-21
2.144230787e-21
2.593044609e-21
3.16726737e-21
3.874495657e-21
4.711138089e-21
5.629834455e-21
6.414227187e-21
3.040856015e-21
3.491807857e-21
4.188127982e-21
5.152701532e-21
6.418482804e-21
8.015485725e-21
9.93167912e-21
1.20104878e-20
1.368325761e-20
5.402490767e-21
6.280543731e-21
7.658146885e-21
9.604585234e-21
1.220998508e-20
1.554435537e-20
1.954629445e-20
2.378157538e-20
2.702275863e-20
9.294495507e-21
1.094465703e-20
1.357162936e-20
1.734341235e-20
2.246237454e-20
2.906060875e-20
3.694885074e-20
4.514455093e-20
5.122965917e-20
1.578466132e-20
1.881795667e-20
2.370343073e-20
3.079772109e-20
4.049804335e-20
5.300137115e-20
6.77968972e-20
8.284375638e-20
9.370855363e-20
2.67199865e-20
3.221068623e-20
4.113228597e-20
5.418639661e-20
7.210241317e-20
9.514006599e-20
1.221449901e-19
1.491854771e-19
1.683699897e-19
4.530251374e-20
5.513427171e-20
7.121167803e-20
9.485295609e-20
1.273525226e-19
1.690221789e-19
2.175070662e-19
2.655436212e-19
2.992476229e-19
7.708250695e-20
9.454840685e-20
1.232384254e-19
1.655590763e-19
2.237678915e-19
2.981999331e-19
3.843224637e-19
4.690239738e-19
5.280154015e-19
1.316924864e-19
1.625409253e-19
2.133703833e-19
2.884931138e-19
3.918114568e-19
5.236187952e-19
6.75494726e-19
8.24105563e-19
9.270990044e-19
2.258663916e-19
2.801231372e-19
3.697075106e-19
5.022519568e-19
6.844693998e-19
9.164717464e-19
1.182964893e-18
1.442814438e-18
1.62233953e-18
3.887119888e-19
4.838664489e-19
6.4118648e-19
8.7406619e-19
1.194003039e-18
1.6005985e-18
2.066446655e-18
2.519604412e-18
2.832372232e-18
6.709125515e-19
8.375069567e-19
1.11317531e-18
1.521294464e-18
2.081442926e-18
2.791800374e-18
3.60331248e-18
4.391111973e-18
4.937368379e-18
1.160745349e-18
1.452197849e-18
1.934813007e-18
2.649378835e-18
3.629146778e-18
4.868228176e-18
6.276126113e-18
7.633554179e-18
8.601782472e-18
2.01178854e-18
2.521550724e-18
3.366450881e-18
4.618361757e-18
6.335206144e-18
8.502676745e-18
1.094167699e-17
1.317932666e-17
1.501493421e-17
3.490518102e-18
4.381479437e-18
5.859915259e-18
8.05437943e-18
1.107382544e-17
1.491680938e-17
1.93454323e-17
2.37689706e-17
2.653412609e-17
6.058291669e-18
7.612453723e-18
1.019247869e-17
1.402291448e-17
1.929167122e-17
2.598459652e-17
3.36399579e-17
4.105944661e-17
4.609501502e-17
1.051482508e-17
1.322075326e-17
1.77128648e-17
2.438014574e-17
3.354379505e-17
4.516693938e-17
5.842965088e-17
7.125193157e-17
8.002585176e-17
1.824786808e-17
2.295340401e-17
3.076466293e-17
4.235552594e-17
5.827900804e-17
7.84635549e-17
1.014803387e-16
1.237258194e-16
1.389588882e-16
3.166661977e-17
3.984413426e-17
5.341863405e-17
7.355888672e-17
1.012212807e-16
1.362759703e-16
1.762382071e-16
2.148535332e-16
2.412953469e-16
5.495392744e-17
6.916064606e-17
9.274338361e-17
1.277301183e-16
1.757769728e-16
2.366512354e-16
3.060318989e-16
3.730593536e-16
4.189487678e-16
9.537178464e-17
1.200487328e-16
1.610110217e-16
2.217767571e-16
3.052130083e-16
4.109021499e-16
5.313290996e-16
6.476402965e-16
7.272517651e-16
1.655263409e-16
2.083846365e-16
2.795231789e-16
3.850415842e-16
5.298988009e-16
7.133415104e-16
9.222979204e-16
1.124045375e-15
1.262093131e-15
2.872965643e-16
3.617224076e-16
4.85245961e-16
6.684333769e-16
9.198493027e-16
1.238124187e-15
1.60051693e-15
1.950255984e-15
2.18947356e-15
4.986427092e-16
6.278667844e-16
8.423031024e-16
1.160233137e-15
1.596417928e-15
2.148341457e-15
2.776431451e-15
3.382245916e-15
3.796396908e-15
8.653910501e-16
1.089708221e-15
1.461853925e-15
2.013409048e-15
2.769743018e-15
3.72617379e-15
4.813815392e-15
5.862089106e-15
6.578205264e-15
1.501602947e-15
1.890855849e-15
2.536416573e-15
3.492728817e-15
4.803233373e-15
6.45909155e-15
8.340332621e-15
1.015165676e-14
1.138785514e-14
2.604711185e-15
3.279831241e-15
4.398988322e-15
6.055791107e-15
8.324265561e-15
1.118747638e-14
1.443637826e-14
1.756039684e-14
1.968977557e-14
4.515981798e-15
5.686059422e-15
7.624571711e-15
1.049191648e-14
1.44134529e-14
1.935627304e-14
2.49559542e-14
3.033117443e-14
3.398893779e-14
7.824243422e-15
9.85010261e-15
1.320387155e-14
1.815919608e-14
2.492667624e-14
3.344159704e-14
4.306848546e-14
5.228936769e-14
5.855078858e-14
1.354321309e-14
1.704597094e-14
2.283912921e-14
3.138698851e-14
4.303978704e-14
5.766913251e-14
7.416694407e-14
8.992605319e-14
1.005990044e-13
2.341337446e-14
2.945884085e-14
3.944529912e-14
5.415519025e-14
7.416359751e-14
9.921452681e-14
1.273769188e-13
1.54188936e-13
1.722890445e-13
4.041344584e-14
5.08233714e-14
6.7993876e-14
9.323254789e-14
1.274686647e-13
1.701914085e-13
2.180400473e-13
2.63412939e-13
2.939253167e-13
6.962230091e-14
8.74958402e-14
1.169237073e-13
1.600690164e-13
2.184034749e-13
2.909112051e-13
3.717572047e-13
4.480616486e-13
4.991450132e-13
1.196627969e-13
1.502426893e-13
2.004813315e-13
2.739137165e-13
3.728119677e-13
4.951704143e-13
6.30894972e-13
7.583063745e-13
8.431688703e-13
2.051044926e-13
2.572018472e-13
3.425699176e-13
4.669023463e-13
6.335937697e-13
8.387267823e-13
1.064928389e-12
1.275989546e-12
1.415768136e-12
3.504334715e-13
4.387459066e-13
5.830204093e-13
7.922714501e-13
1.071354389e-12
1.412722749e-12
1.786675457e-12
2.133269193e-12
2.361386078e-12
5.965605772e-13
7.453986636e-13
9.877079361e-13
1.337475574e-12
1.801233735e-12
2.364680125e-12
2.977458458e-12
3.541311281e-12
3.909975184e-12
1.011402299e-12
1.260602064e-12
1.664701482e-12
2.244895555e-12
3.009176744e-12
3.930930435e-12
4.925619544e-12
5.833911065e-12
6.423697614e-12
1.706929486e-12
2.121103478e-12
2.789767503e-12
3.744153977e-12
4.992452801e-12
6.486107016e-12
8.084783551e-12
9.533056004e-12
1.046686694e-11
2.866376875e-12
3.549179033e-12
4.646203824e-12
6.201964753e-12
8.22142464e-12
1.061781047e-11
1.316102239e-11
1.544643142e-11
1.69096342e-11
4.787233755e-12
5.903028006e-12
7.686371475e-12
1.019816828e-11
1.343266634e-11
1.723805009e-11
2.124194227e-11
2.48110485e-11
2.708028717e-11
7.948455502e-12
9.75473902e-12
1.262570987e-11
1.66404586e-11
2.176788508e-11
2.774795024e-11
3.398611469e-11
3.950300018e-11
4.298711378e-11
1.311440088e-11
1.600961072e-11
2.058486163e-11
2.693573022e-11
3.497919714e-11
4.427902987e-11
5.389879141e-11
6.234144992e-11
6.763922839e-11
2.149378482e-11
2.608680714e-11
3.330233855e-11
4.324355815e-11
5.572981042e-11
7.004384881e-11
8.473027975e-11
9.752618148e-11
1.05507455e-10
3.498007797e-11
4.219001922e-11
5.344966986e-11
6.884789399e-11
8.803098041e-11
1.098419653e-10
1.320477926e-10
1.512635385e-10
1.631825022e-10
5.651114812e-11
6.77089136e-11
8.50941989e-11
1.086977287e-10
1.37872465e-10
1.70785312e-10
2.040514862e-10
2.326569144e-10
2.503098659e-10
9.060171479e-11
1.078089515e-10
1.343730204e-10
1.701877594e-10
2.141262714e-10
2.633321002e-10
3.127327474e-10
3.549672477e-10
3.80911324e-10
1.441240358e-10
1.70290426e-10
2.104668986e-10
2.642780852e-10
3.298345153e-10
4.027526233e-10
4.755101936e-10
5.373891088e-10
5.752444949e-10
2.274424734e-10
2.668297622e-10
3.269980207e-10
4.070904693e-10
5.04034648e-10
6.111969421e-10
7.175296111e-10
8.075419823e-10
8.624089421e-10
3.560494334e-10
4.147608077e-10
5.040240109e-10
6.221720141e-10
7.643333662e-10
9.205974997e-10
1.07488288e-09
1.204950454e-09
1.283983813e-09
5.529080033e-10
6.396159992e-10
7.708633742e-10
9.436780391e-10
1.150509597e-09
1.376723168e-09
1.599095882e-09
1.78589097e-09
1.899087316e-09
8.517268965e-10
9.786595187e-10
1.170026011e-09
1.420822269e-09
1.719556918e-09
2.0448394e-09
2.363372339e-09
2.630112188e-09
2.791381846e-09
1.301629217e-09
1.485925543e-09
1.762781333e-09
2.124104114e-09
2.552675177e-09
3.017512721e-09
3.471180752e-09
3.85006665e-09
4.078692766e-09
1.973684793e-09
2.239233783e-09
2.636883485e-09
3.153937199e-09
3.76493706e-09
4.425370168e-09
5.068050022e-09
5.603549863e-09
5.926144657e-09
2.970015702e-09
3.349946283e-09
3.917281045e-09
4.652562748e-09
5.518579393e-09
6.451830135e-09
7.357651614e-09
8.110868726e-09
8.563964335e-09
4.436428063e-09
4.976467612e-09
5.780883606e-09
6.820407973e-09
8.041170462e-09
9.353142957e-09
1.062358639e-08
1.167803475e-08
1.23115096e-08
6.579831164e-09
7.342809124e-09
8.47678815e-09
9.938387872e-09
1.165025316e-08
1.348545118e-08
1.525872186e-08
1.672798942e-08
1.760965221e-08
9.692060946e-09
1.07638957e-08
1.235372745e-08
1.439801425e-08
1.678645694e-08
1.934104742e-08
2.180450206e-08
2.384249873e-08
2.50642477e-08
1.418206439e-08
1.567963104e-08
1.789684991e-08
2.074156982e-08
2.405758047e-08
2.759667421e-08
3.100338968e-08
3.381802669e-08
3.550403493e-08
2.061865477e-08
2.270002509e-08
2.577631815e-08
2.971515621e-08
3.429690331e-08
3.917753643e-08
4.386831897e-08
4.773956585e-08
5.005703e-08
2.978633833e-08
3.266411958e-08
3.691086444e-08
4.23382769e-08
4.863983104e-08
5.534133504e-08
6.17735969e-08
6.707705159e-08
7.025017643e-08
4.275745868e-08
4.671632824e-08
5.255036543e-08
5.999432885e-08
6.86233293e-08
7.778686553e-08
8.657204283e-08
9.380937555e-08
9.813736393e-08
6.098483263e-08
6.640447764e-08
7.438169465e-08
8.454610224e-08
9.63122213e-08
1.0879148e-07
1.20742895e-07
1.305806465e-07
1.364604927e-07
8.641847101e-08
9.380283655e-08
1.046607988e-07
1.184790861e-07
1.344552326e-07
1.513803427e-07
1.675733724e-07
1.808914656e-07
1.888461782e-07
1.216474798e-07
1.316609493e-07
1.463715842e-07
1.65072966e-07
1.866707451e-07
2.095269373e-07
2.313727336e-07
2.49323389e-07
2.600357855e-07
1.700649754e-07
1.835757198e-07
2.034083478e-07
2.285968946e-07
2.576565929e-07
2.883775398e-07
3.177097929e-07
3.417859855e-07
3.561371343e-07
2.360490787e-07
2.541786258e-07
2.807719221e-07
3.145165734e-07
3.534088299e-07
3.944811467e-07
4.336519486e-07
4.657614951e-07
4.848709045e-07
3.251458224e-07
3.49322113e-07
3.847605405e-07
4.296896523e-07
4.814208383e-07
5.359904442e-07
5.879654067e-07
6.30501677e-07
6.557631648e-07
4.442309733e-07
4.762388411e-07
5.231242482e-07
5.825121652e-07
6.508178689e-07
7.227803588e-07
7.912145742e-07
8.471075651e-07
8.802103768e-07
6.016170837e-07
6.436363705e-07
7.051396965e-07
7.829650491e-07
8.723666859e-07
9.664135256e-07
1.055679818e-06
1.128403004e-06
1.171323005e-06
8.07063847e-07
8.61681368e-07
9.41553495e-07
1.042501394e-06
1.158292247e-06
1.27987551e-06
1.395008093e-06
1.488510265e-06
1.543453037e-06
1.071646126e-06
1.141825031e-06
1.244342211e-06
1.373718523e-06
1.521841901e-06
1.67701782e-06
1.823533878e-06
1.942066526e-06
2.011346418e-06
1.407438823e-06
1.496429426e-06
1.626250416e-06
1.789780167e-06
1.976569408e-06
2.17169184e-06
2.355267615e-06
2.503093337e-06
2.588943623e-06
1.826993612e-06
1.938175338e-06
2.100097157e-06
2.303594476e-06
2.535366553e-06
2.776630127e-06
3.00264118e-06
3.183640568e-06
3.287971614e-06
2.342609918e-06
2.479265325e-06
2.677883212e-06
2.926807434e-06
3.209338462e-06
3.502216273e-06
3.775201457e-06
3.992442392e-06
4.116594706e-06
2.965438704e-06
3.13047629e-06
3.369778007e-06
3.668724433e-06
4.006678348e-06
4.35534997e-06
4.678515548e-06
4.933907472e-06
5.078495414e-06
3.704497481e-06
3.900156207e-06
4.183104398e-06
4.53530719e-06
4.931720847e-06
5.338620119e-06
5.713540708e-06
6.007764306e-06
6.172837955e-06
4.565712188e-06
4.793292545e-06
5.12146289e-06
5.528398213e-06
5.984324868e-06
6.449914747e-06
6.87654428e-06
7.20942598e-06
7.395104508e-06
5.551131465e-06
5.81080271e-06
6.184147466e-06
6.645316027e-06
7.159697731e-06
7.68249965e-06
8.159390778e-06
8.52986455e-06
8.734403646e-06
6.658477155e-06
6.949208162e-06
7.36601065e-06
7.878977436e-06
8.44883588e-06
9.025802575e-06
9.549997066e-06
9.954111803e-06
1.01749078e-05
7.881198848e-06
8.200849891e-06
8.657921663e-06
9.218662096e-06
9.839656335e-06
1.046574671e-05
1.103085613e-05
1.146320825e-05
1.169700153e-05
9.209215435e-06
9.554816986e-06
1.004797141e-05
1.065147956e-05
1.131665821e-05
1.198336473e-05
1.258130583e-05
1.30354269e-05
1.327853385e-05
1.06305681e-05
1.099873634e-05
1.152246446e-05
1.216037407e-05
1.285992189e-05
1.355716224e-05
1.417870823e-05
1.464747458e-05
1.489600949e-05
1.213066033e-05
1.251584335e-05
1.306204346e-05
1.372450519e-05
1.444746449e-05
1.51642353e-05
1.579955297e-05
1.627556484e-05
1.652562822e-05
1.368905417e-05
1.408511563e-05
1.464505084e-05
1.532149449e-05
1.605634883e-05
1.678129179e-05
1.742041081e-05
1.789631318e-05
1.814413875e-05
1.528342868e-05
1.568400358e-05
1.624871359e-05
1.692840149e-05
1.766360923e-05
1.838549841e-05
1.901870427e-05
1.948744641e-05
1.972951132e-05
1.689063772e-05
1.728942026e-05
1.785009745e-05
1.852257035e-05
1.924701072e-05
1.995515408e-05
2.057330603e-05
2.102834629e-05
2.126145276e-05
1.848760469e-05
1.887858378e-05
1.942688743e-05
2.008232296e-05
2.078565351e-05
2.147021162e-05
2.206499195e-05
2.250045594e-05
2.272179182e-05
2.005206939e-05
2.042971569e-05
2.095802111e-05
2.158751278e-05
2.226044471e-05
2.291267348e-05
2.34767755e-05
2.388757385e-05
2.409475645e-05
2.156320243e-05
2.192261037e-05
2.242419631e-05
2.301996017e-05
2.365445892e-05
2.426688343e-05
2.479414341e-05
2.517605269e-05
2.536715751e-05
2.300210273e-05
2.333909101e-05
2.380827032e-05
2.436378558e-05
2.495320321e-05
2.551972784e-05
2.600520446e-05
2.635491242e-05
2.65284869e-05
2.435218867e-05
2.46633628e-05
2.509556096e-05
2.560564994e-05
2.61447942e-05
2.666075327e-05
2.710075712e-05
2.741587342e-05
2.757093508e-05
2.559948771e-05
2.588226766e-05
2.627405322e-05
2.67349053e-05
2.722005033e-05
2.768220319e-05
2.807427962e-05
2.835331361e-05
2.848933283e-05
2.673282494e-05
2.698544071e-05
2.73345119e-05
2.774365637e-05
2.817250021e-05
2.857897649e-05
2.892184622e-05
2.916415503e-05
2.928102357e-05
2.774390932e-05
2.796536799e-05
2.827050028e-05
2.862673432e-05
2.899831017e-05
2.934851181e-05
2.9641976e-05
2.984768756e-05
2.99456751e-05
2.862731892e-05
2.881734726e-05
2.907830804e-05
2.938158715e-05
2.969613692e-05
2.999060601e-05
3.023542337e-05
3.040534054e-05
3.048504217e-05
2.93803907e-05
2.953935843e-05
2.975679582e-05
3.000809573e-05
3.026691545e-05
3.050717745e-05
3.070492252e-05
3.084041487e-05
3.090269309e-05
3.000302553e-05
3.013185471e-05
3.030716855e-05
3.050832798e-05
3.071359572e-05
3.090198848e-05
3.105489993e-05
3.115778994e-05
3.120371467e-05
3.049742385e-05
3.059749034e-05
3.073269345e-05
3.088624757e-05
3.104084391e-05
3.118034229e-05
3.129116976e-05
3.136361965e-05
3.139440951e-05
3.086777076e-05
3.094080341e-05
3.103838089e-05
3.114739435e-05
3.125472488e-05
3.134876969e-05
3.142062657e-05
3.146503106e-05
3.148199852e-05
3.111989084e-05
3.116787333e-05
3.123064676e-05
3.129855413e-05
3.136238178e-05
3.14147203e-05
3.145094817e-05
3.14698371e-05
3.147433964e-05
3.126089242e-05
3.128597206e-05
3.131697402e-05
3.134743379e-05
3.137172706e-05
3.138627031e-05
3.139031929e-05
3.138627288e-05
3.137967126e-05
3.129881942e-05
3.130322575e-05
3.130558871e-05
3.130235511e-05
3.129115614e-05
3.127185635e-05
3.124718359e-05
3.122276178e-05
3.12063861e-05
3.124232527e-05
3.122830054e-05
3.120516255e-05
3.117197755e-05
3.112929224e-05
3.108004195e-05
3.103002934e-05
3.098771544e-05
3.096283893e-05
3.110038006e-05
3.107012239e-05
3.102455037e-05
3.096505681e-05
3.089476733e-05
3.081932017e-05
3.074721073e-05
3.068936895e-05
3.065718901e-05
3.088201778e-05
3.083763695e-05
3.077256754e-05
3.069024274e-05
3.059604156e-05
3.049795342e-05
3.040680507e-05
3.033565058e-05
3.029727633e-05
3.059612719e-05
3.053961229e-05
3.045780894e-05
3.035591716e-05
3.024126062e-05
3.012384926e-05
3.001650399e-05
2.993408397e-05
2.989052928e-05
3.025128625e-05
3.018448391e-05
3.008850847e-05
2.997007006e-05
2.983814907e-05
2.970446948e-05
2.958353567e-05
2.949171952e-05
2.944390056e-05
2.985563792e-05
2.978023974e-05
2.967243635e-05
2.954021097e-05
2.939393596e-05
2.924676885e-05
2.911461418e-05
2.901509107e-05
2.896382732e-05
2.941680355e-05
2.933434089e-05
2.921682993e-05
2.907331112e-05
2.891530844e-05
2.875715909e-05
2.861591182e-05
2.851019387e-05
2.845621174e-05
2.894182858e-05
2.885367329e-05
2.872835315e-05
2.857577175e-05
2.840838887e-05
2.824149378e-05
2.80930503e-05
2.798247975e-05
2.792641795e-05
2.843715536e-05
2.83445248e-05
2.821307955e-05
2.805341355e-05
2.78787306e-05
2.770506989e-05
2.755110649e-05
2.743686582e-05
2.737928175e-05
2.790861763e-05
2.781258285e-05
2.767649388e-05
2.751148282e-05
2.733132853e-05
2.715264191e-05
2.699462957e-05
2.687775308e-05
2.681912993e-05
2.736145166e-05
2.726294754e-05
2.712350785e-05
2.695466998e-05
2.677064024e-05
2.65884454e-05
2.6427666e-05
2.630905242e-05
2.624980632e-05
2.680031969e-05
2.670015616e-05
2.655848608e-05
2.638713703e-05
2.620061483e-05
2.601622673e-05
2.585379e-05
2.573421524e-05
2.567470232e-05
2.622934162e-05
2.612821539e-05
2.598527881e-05
2.581255075e-05
2.562472645e-05
2.543927686e-05
2.527613721e-05
2.515626685e-05
2.509678997e-05
2.565213195e-05
2.555063821e-05
2.540725874e-05
2.523411935e-05
2.504601059e-05
2.48604671e-05
2.469743993e-05
2.457784117e-05
2.451865621e-05
2.507183846e-05
2.497048248e-05
2.482735933e-05
2.46546302e-05
2.446710114e-05
2.428228534e-05
2.412006254e-05
2.400121539e-05
2.394253705e-05
2.449117721e-05
2.43903871e-05
2.42481116e-05
2.407648673e-05
2.389026671e-05
2.370687156e-05
2.354603607e-05
2.342834383e-05
2.337035084e-05
2.391244675e-05
2.381259425e-05
2.367167283e-05
2.35017405e-05
2.3317444e-05
2.313605125e-05
2.29770911e-05
2.286089009e-05
2.280373009e-05
2.333745183e-05
2.323891623e-05
2.309982697e-05
2.293211008e-05
2.275026474e-05
2.257136508e-05
2.241468799e-05
2.230025721e-05
2.224405124e-05
2.276705174e-05
2.267048385e-05
2.253389658e-05
2.236896604e-05
2.219006899e-05
2.201409238e-05
2.186004359e-05
2.174761505e-05
2.169246222e-05
2.219934629e-05
2.210660921e-05
2.197443011e-05
2.181325635e-05
2.163790158e-05
2.146526865e-05
2.131415469e-05
2.120392528e-05
2.11499076e-05
2.16378012e-05
2.154805144e-05
2.14208501e-05
2.126544114e-05
2.109451629e-05
2.092570586e-05
2.077782157e-05
2.066996514e-05
2.06171522e-05
2.108491545e-05
2.099790442e-05
2.087490828e-05
2.072565816e-05
2.056045236e-05
2.039603321e-05
2.025167627e-05
2.014635139e-05
2.009480365e-05
2.054220327e-05
2.045777861e-05
2.033864601e-05
2.0194544e-05
2.003621513e-05
1.987675442e-05
1.973621281e-05
1.963356345e-05
1.958333351e-05
2.001062682e-05
1.992870393e-05
1.981326292e-05
1.967401781e-05
1.952193809e-05
1.936820773e-05
1.923179836e-05
1.913196174e-05
1.908309608e-05
1.949080163e-05
1.941131742e-05
1.929942713e-05
1.916472335e-05
1.901811237e-05
1.887075999e-05
1.873873581e-05
1.864181639e-05
1.859434868e-05
1.898312389e-05
1.89060315e-05
1.879760091e-05
1.866728019e-05
1.852591456e-05
1.838486793e-05
1.825727958e-05
1.816331802e-05
1.811726272e-05
1.848783326e-05
1.841308984e-05
1.830804156e-05
1.818197479e-05
1.804565008e-05
1.791060084e-05
1.778751185e-05
1.769655081e-05
1.765192172e-05
1.800505252e-05
1.793261017e-05
1.783085557e-05
1.770887642e-05
1.757724486e-05
1.744735766e-05
1.732931226e-05
1.724150245e-05
1.71983362e-05
1.75348187e-05
1.746462729e-05
1.736607989e-05
1.724804316e-05
1.712084991e-05
1.699565546e-05
1.68828006e-05
1.679818785e-05
1.675649306e-05
1.707710216e-05
1.700911263e-05
1.691369641e-05
1.679949818e-05
1.667661967e-05
1.655603296e-05
1.644810096e-05
1.63665984e-05
1.632634451e-05
1.66318177e-05
1.656598053e-05
1.64736221e-05
1.636316684e-05
1.624448699e-05
1.612836651e-05
1.602513548e-05
1.594664097e-05
1.590778699e-05
1.619883396e-05
1.613509776e-05
1.604572165e-05
1.593891156e-05
1.58243092e-05
1.571250134e-05
1.561375716e-05
1.553816777e-05
1.550067139e-05
1.577798217e-05
1.571629307e-05
1.562982013e-05
1.552655195e-05
1.54158973e-05
1.530823605e-05
1.521375659e-05
1.514098355e-05
1.510480961e-05
1.536906376e-05
1.530936554e-05
1.522571258e-05
1.512587569e-05
1.501902301e-05
1.491530134e-05
1.482474732e-05
1.475482977e-05
1.471997781e-05
1.497185705e-05
1.491409198e-05
1.483317354e-05
1.473665398e-05
1.463345166e-05
1.453344775e-05
1.444642888e-05
1.437946949e-05
1.434595376e-05
1.458612269e-05
1.453023281e-05
1.445196414e-05
1.435865262e-05
1.42589675e-05
1.416252611e-05
1.407888801e-05
1.401475979e-05
1.398254103e-05
1.421160775e-05
1.415753539e-05
1.408183272e-05
1.399162221e-05
1.389532387e-05
1.380228163e-05
1.372178782e-05
1.366045596e-05
1.362950818e-05
1.384804921e-05
1.379573748e-05
1.372251888e-05
1.363530648e-05
1.354227392e-05
1.345249004e-05
1.337496525e-05
1.331634343e-05
1.328662654e-05
1.34951769e-05
1.344457006e-05
1.337375605e-05
1.328944443e-05
1.319957042e-05
1.311294179e-05
1.303832146e-05
1.298222013e-05
1.295366726e-05
1.315271588e-05
1.310375921e-05
1.303527204e-05
1.295376627e-05
1.286694553e-05
1.278336349e-05
1.271153803e-05
1.265782251e-05
1.263037712e-05
1.282038853e-05
1.277302833e-05
1.270679169e-05
1.262799842e-05
1.254412668e-05
1.246348164e-05
1.239433857e-05
1.234288761e-05
1.231649851e-05
1.249791651e-05
1.245210014e-05
1.238803919e-05
1.231186685e-05
1.223084172e-05
1.215302608e-05
1.208645601e-05
1.20371557e-05
1.201177471e-05
1.218502238e-05
1.214069835e-05
1.207873995e-05
1.200509904e-05
1.192682057e-05
1.185172968e-05
1.178762722e-05
1.17403698e-05
1.171595117e-05
1.188143085e-05
1.183854897e-05
1.177862179e-05
1.170742513e-05
1.163179614e-05
1.155932862e-05
1.149759252e-05
1.145227597e-05
1.142877614e-05
1.158686989e-05
1.154538131e-05
1.148741596e-05
1.141857882e-05
1.134550501e-05
1.127556288e-05
1.121609599e-05
1.117262376e-05
1.115000127e-05
1.130107154e-05
1.126092879e-05
1.120485791e-05
1.113829809e-05
1.106768816e-05
1.100017685e-05
1.094288604e-05
1.090116677e-05
1.087938216e-05
1.102377259e-05
1.098492965e-05
1.093068793e-05
1.08663258e-05
1.079809142e-05
1.073291977e-05
1.067771585e-05
1.063766314e-05
1.061667889e-05
1.075471508e-05
1.071712736e-05
1.066465157e-05
1.060241009e-05
1.053646597e-05
1.047354618e-05
1.042034378e-05
1.038187593e-05
1.036165634e-05
1.049364676e-05
1.045727113e-05
1.040650009e-05
1.034630482e-05
1.028256862e-05
1.022181619e-05
1.017053364e-05
1.013357341e-05
1.011408456e-05
1.024032134e-05
1.020511609e-05
1.015599071e-05
1.009776974e-05
1.003616207e-05
9.977495762e-06
9.928054963e-06
9.892529333e-06
9.873738987e-06
9.994498732e-06
9.960423579e-06
9.912886783e-06
9.856570737e-06
9.797015087e-06
9.740356812e-06
9.692683114e-06
9.658523076e-06
9.640400597e-06
9.755945199e-06
9.722961258e-06
9.67695797e-06
9.622479942e-06
9.56490263e-06
9.510177366e-06
9.464199427e-06
9.431339748e-06
9.413856029e-06
9.524433438e-06
9.492503189e-06
9.447980286e-06
9.395275788e-06
9.339605877e-06
9.286741583e-06
9.24239124e-06
9.210770259e-06
9.193897644e-06
9.29974261e-06
9.268829866e-06
9.225736134e-06
9.174743031e-06
9.120912263e-06
9.069839775e-06
9.02705191e-06
8.996611335e-06
8.980323548e-06
9.081658337e-06
9.051728212e-06
9.010014292e-06
8.96067274e-06
8.908615445e-06
8.859268381e-06
8.817980789e-06
8.788665504e-06
8.772937579e-06
8.869972657e-06
8.840991528e-06
8.800609864e-06
8.752862239e-06
8.702515257e-06
8.654829913e-06
8.614983171e-06
8.586741059e-06
8.571549271e-06
8.66448396e-06
8.636419427e-06
8.597324207e-06
8.551115034e-06
8.50241763e-06
8.456332877e-06
8.417870223e-06
8.390651987e-06
8.37597379e-06
8.464996888e-06
8.437817735e-06
8.399964838e-06
8.355240721e-06
8.308134498e-06
8.263591685e-06
8.226458892e-06
8.200217894e-06
8.186031856e-06
8.271322229e-06
8.244998387e-06
8.208345323e-06
8.165054869e-06
8.119483683e-06
8.076426536e-06
8.040571797e-06
8.015263902e-06
8.001549649e-06
8.08327679e-06
8.057779295e-06
8.02228515e-06
7.980378901e-06
7.936288776e-06
7.894663304e-06
7.860037114e-06
7.835620546e-06
7.822358702e-06
7.900683266e-06
7.875984218e-06
7.841609596e-06
7.801039957e-06
7.758379004e-06
7.718133401e-06
7.684688452e-06
7.661123653e-06
7.648295792e-06
7.723370091e-06
7.69944262e-06
7.666149588e-06
7.626870757e-06
7.585589092e-06
7.546673648e-06
7.514364724e-06
7.491614226e-06
7.479202816e-06
7.551171297e-06
7.527989521e-06
7.495741557e-06
7.457709457e-06
7.417759122e-06
7.380126136e-06
7.348910011e-06
7.326938314e-06
7.314926673e-06
7.38392636e-06
7.361465352e-06
7.330227288e-06
7.293399503e-06
7.254734392e-06
7.218338085e-06
7.188173431e-06
7.166946887e-06
7.155319138e-06
7.221480053e-06
7.199715805e-06
7.169453778e-06
7.13378949e-06
7.096365274e-06
7.061161711e-06
7.032009007e-06
7.011495715e-06
7.000236741e-06
7.063682298e-06
7.042591686e-06
7.013273093e-06
6.978733018e-06
6.942507078e-06
6.908454089e-06
6.880275536e-06
6.860445242e-06
6.849540649e-06
6.910388026e-06
6.889948776e-06
6.861542224e-06
6.82808856e-06
6.793019919e-06
6.760077028e-06
6.73283647e-06
6.713660472e-06
6.70309655e-06
6.761457038e-06
6.741647699e-06
6.714122963e-06
6.681719333e-06
6.647768594e-06
6.615896951e-06
6.5895598e-06
6.571010861e-06
6.560774551e-06
6.616753881e-06
6.597553798e-06
6.57088178e-06
6.539493182e-06
6.506622472e-06
6.475784789e-06
6.450317956e-06
6.432370222e-06
6.422449084e-06
6.476147744e-06
6.457537027e-06
6.431689722e-06
6.401282485e-06
6.369455403e-06
6.339615895e-06
6.314987723e-06
6.297616646e-06
6.287998826e-06
6.339512363e-06
6.32147187e-06
6.29642233e-06
6.266964073e-06
6.236145643e-06
6.207269976e-06
6.183450182e-06
6.166632445e-06
6.157306648e-06
6.206725958e-06
6.189237277e-06
6.164959588e-06
6.136419187e-06
6.106575816e-06
6.078631062e-06
6.05559068e-06
6.039304121e-06
6.030259581e-06
6.077671215e-06
6.060716644e-06
6.037185905e-06
6.009533468e-06
5.980632919e-06
5.953587515e-06
5.931298843e-06
5.915522376e-06
5.906748829e-06
5.952235295e-06
5.935797842e-06
5.912990156e-06
5.886197007e-06
5.858208375e-06
5.832032094e-06
5.810468639e-06
5.795182172e-06
5.786669821e-06
5.830309927e-06
5.814373308e-06
5.792265779e-06
5.766304461e-06
5.739198167e-06
5.713862092e-06
5.692998529e-06
5.678182849e-06
5.669922333e-06
5.71179156e-06
5.696340213e-06
5.674910967e-06
5.649755253e-06
5.623503056e-06
5.598979576e-06
5.578791689e-06
5.564428337e-06
5.556410679e-06
5.596581632e-06
5.581600741e-06
5.560828962e-06
5.536453901e-06
5.511028929e-06
5.487291746e-06
5.467756374e-06
5.45382746e-06
5.446044016e-06
5.484586947e-06
5.47006249e-06
5.449928483e-06
5.426310472e-06
5.401687292e-06
5.378711445e-06
5.359806423e-06
5.346294375e-06
5.338736758e-06
5.375720218e-06
5.361639039e-06
5.342124327e-06
5.319241223e-06
5.295395942e-06
5.273157867e-06
5.25486195e-06
5.24174917e-06
5.234409151e-06
5.269900784e-06
5.25625069e-06
5.23733816e-06
5.215169447e-06
5.19207987e-06
5.170557485e-06
5.152850254e-06
5.140118643e-06
5.132988018e-06
5.167055533e-06
5.153825435e-06
5.135499533e-06
5.114026552e-06
5.091672406e-06
5.070845241e-06
5.053706991e-06
5.041337285e-06
5.034407703e-06
5.067120067e-06
5.05430017e-06
5.036547163e-06
5.015753424e-06
4.994116652e-06
4.973966031e-06
4.957377619e-06
4.945348507e-06
4.938611237e-06
4.970040124e-06
4.957622164e-06
4.940430485e-06
4.920302066e-06
4.899367225e-06
4.879876501e-06
4.863819149e-06
4.852106091e-06
4.845551727e-06
4.875773273e-06
4.863750819e-06
4.847111494e-06
4.827637554e-06
4.807392305e-06
4.788547161e-06
4.773002201e-06
4.761575889e-06
4.755193962e-06
4.784290873e-06
4.772659701e-06
4.756566876e-06
4.737740274e-06
4.718175987e-06
4.699964797e-06
4.684913326e-06
4.673737723e-06
4.667516214e-06
4.695580298e-06
4.684338827e-06
4.668790386e-06
4.650608409e-06
4.631720867e-06
4.614135099e-06
4.599557526e-06
4.588587397e-06
4.582512126e-06
4.609647359e-06
4.59879714e-06
4.583795393e-06
4.566260553e-06
4.54805069e-06
4.531085274e-06
4.516960686e-06
4.506138575e-06
4.500192453e-06
4.526518863e-06
4.516065083e-06
4.501617426e-06
4.484738139e-06
4.467212536e-06
4.450865897e-06
4.437171065e-06
4.426423724e-06
4.420585972e-06
4.44624517e-06
4.43619704e-06
4.422316324e-06
4.406106916e-06
4.389277e-06
4.373549229e-06
4.360256602e-06
4.349491405e-06
4.343737658e-06
4.368902607e-06
4.359273458e-06
4.345977532e-06
4.330456089e-06
4.314332127e-06
4.299213225e-06
4.286284718e-06
4.275390103e-06
4.269699945e-06
4.294595659e-06
4.28540267e-06
4.272712852e-06
4.257895421e-06
4.242466377e-06
4.22786567e-06
4.214999201e-06
4.204099766e-06
4.198516477e-06
4.223458713e-06
4.214722704e-06
4.202663583e-06
4.188565731e-06
4.173811153e-06
4.159613111e-06
4.146456668e-06
4.135700344e-06
4.130282275e-06
4.155655417e-06
4.147398794e-06
4.135993975e-06
4.122623741e-06
4.108509222e-06
4.09461283e-06
4.080964265e-06
4.070363307e-06
4.065143739e-06
4.091373085e-06
4.083612699e-06
4.07286752e-06
4.060180863e-06
4.046525382e-06
4.032379576e-06
4.018524199e-06
4.008206068e-06
4.003249544e-06
4.030807361e-06
4.023541047e-06
4.013418906e-06
4.001294713e-06
3.987829218e-06
3.972889429e-06
3.959231507e-06
3.949382418e-06
3.944777952e-06
3.974116011e-06
3.96728456e-06
3.957618817e-06
3.945635214e-06
3.931375892e-06
3.916394694e-06
3.903292792e-06
3.894103795e-06
3.889950563e-06
3.921298698e-06
3.914717679e-06
3.905100364e-06
3.892323587e-06
3.877668358e-06
3.863212502e-06
3.850972048e-06
3.842628549e-06
3.839032064e-06
3.871826326e-06
3.864985774e-06
3.854373623e-06
3.841284571e-06
3.827152127e-06
3.813677321e-06
3.802569869e-06
3.795256756e-06
3.792330916e-06
3.82357869e-06
3.816247171e-06
3.805802758e-06
3.793367282e-06
3.780308277e-06
3.768155787e-06
3.758426697e-06
3.75233453e-06
3.750205296e-06
3.777202226e-06
3.770226152e-06
3.760538923e-06
3.74922894e-06
3.737592055e-06
3.727038381e-06
3.718927011e-06
3.714262658e-06
3.713073571e-06
3.734191463e-06
3.727899126e-06
3.719280577e-06
3.709386643e-06
3.699441885e-06
3.690748306e-06
3.684511345e-06
3.681511089e-06
3.681430132e-06
3.695324108e-06
3.689889975e-06
3.682550623e-06
3.674308655e-06
3.666315273e-06
3.659763774e-06
3.655696641e-06
3.654640153e-06
3.655867453e-06
3.661140778e-06
3.65670086e-06
3.650831221e-06
3.644481307e-06
3.638726817e-06
3.634646883e-06
3.633103707e-06
3.634328834e-06
3.637105076e-06
3.632136017e-06
3.628830203e-06
3.624639137e-06
3.620458096e-06
3.617285495e-06
3.616077656e-06
3.617491776e-06
3.621410695e-06
3.626026177e-06
3.608846967e-06
3.606839201e-06
3.604576893e-06
3.602902237e-06
3.602734406e-06
3.604894549e-06
3.60980112e-06
3.616918148e-06
3.623722243e-06
3.59190768e-06
3.59140027e-06
3.591377551e-06
3.592630706e-06
3.595996533e-06
3.602143191e-06
3.611204537e-06
3.6221353e-06
3.631545648e-06
3.582095752e-06
3.583343557e-06
3.585952462e-06
3.590664768e-06
3.598229008e-06
3.609134241e-06
3.62316743e-06
3.638658049e-06
3.651168206e-06
3.580382593e-06
3.583709205e-06
3.589446739e-06
3.598289427e-06
3.610886421e-06
3.627509181e-06
3.647513515e-06
3.668456959e-06
3.684640364e-06
3.587992205e-06
3.593808717e-06
3.603303962e-06
3.617121355e-06
3.635790477e-06
3.659308715e-06
3.686488123e-06
3.713932593e-06
3.734439518e-06
3.606469565e-06
3.615295112e-06
3.62933788e-06
3.649180341e-06
3.675197566e-06
3.707031292e-06
3.742802534e-06
3.777943541e-06
3.803486103e-06
3.637755229e-06
3.650236616e-06
3.66980275e-06
3.69695169e-06
3.731846389e-06
3.773658106e-06
3.819630371e-06
3.863774387e-06
3.895093071e-06
3.684255657e-06
3.701180376e-06
3.72744428e-06
3.763415512e-06
3.808954716e-06
3.862606943e-06
3.920513198e-06
3.974997899e-06
4.012802217e-06
3.748887437e-06
3.771180404e-06
3.80549964e-06
3.852004694e-06
3.910120599e-06
3.977565586e-06
4.049124449e-06
4.115181846e-06
4.160059748e-06
3.835058695e-06
3.863749102e-06
3.907601133e-06
3.966442054e-06
4.039077284e-06
4.122157255e-06
4.208852099e-06
4.287410832e-06
4.339708725e-06
3.946537108e-06
3.982680581e-06
4.037532103e-06
4.11040983e-06
4.199265915e-06
4.2994203e-06
4.402205184e-06
4.493650275e-06
4.553339232e-06
4.087151433e-06
4.131698135e-06
4.198798736e-06
4.28703456e-06
4.393237909e-06
4.511150276e-06
4.630130357e-06
4.734070338e-06
4.800631933e-06
4.260296754e-06
4.313911363e-06
4.39402847e-06
4.498234008e-06
4.621978028e-06
4.757242853e-06
4.891419686e-06
5.006542223e-06
5.078923342e-06
4.4682721e-06
4.53113537e-06
4.624282404e-06
4.744056029e-06
4.884322266e-06
5.035250366e-06
5.182451102e-06
5.306567757e-06
5.383267013e-06
4.711564505e-06
4.783209515e-06
4.88844834e-06
5.022203204e-06
5.176680925e-06
5.340364437e-06
5.497468786e-06
5.627860251e-06
5.707260089e-06
4.988272759e-06
5.067517618e-06
5.182918825e-06
5.327933114e-06
5.49321675e-06
5.665909374e-06
5.829415293e-06
5.963578634e-06
6.044992283e-06
5.293891797e-06
5.378913788e-06
5.501721976e-06
5.654436626e-06
5.826473448e-06
6.004185526e-06
6.170884589e-06
6.307083179e-06
6.38837056e-06
5.621627837e-06
5.710187014e-06
5.83717677e-06
5.993687499e-06
6.168316637e-06
6.347446846e-06
6.513114122e-06
6.645368185e-06
6.722961955e-06
5.963299633e-06
6.053088801e-06
6.18102933e-06
6.337768777e-06
6.510857414e-06
6.684747479e-06
6.842446062e-06
6.965989522e-06
7.037299257e-06
6.31073288e-06
6.399900762e-06
6.525675271e-06
6.677229077e-06
6.841487002e-06
7.003703222e-06
7.148262022e-06
7.259854746e-06
7.323446285e-06
6.655989318e-06
6.740538316e-06
6.858679286e-06
6.999291927e-06
7.149399853e-06
7.295428098e-06
7.423805513e-06
7.521684491e-06
7.576876788e-06
6.984752252e-06
7.061904978e-06
7.168712824e-06
7.294441787e-06
7.427149699e-06
7.554694477e-06
7.665529087e-06
7.749153889e-06
7.79590546e-06
7.286762583e-06
7.354619674e-06
7.448007375e-06
7.556988037e-06
7.670904331e-06
7.779279828e-06
7.872540757e-06
7.942302055e-06
7.981041659e-06
7.555422199e-06
7.613319626e-06
7.692566136e-06
7.784371232e-06
7.879542823e-06
7.969313841e-06
8.045942838e-06
8.102871073e-06
8.134330542e-06
7.787810782e-06
7.835820977e-06
7.901220378e-06
7.976514368e-06
8.054025288e-06
8.126620278e-06
8.188186757e-06
8.233691416e-06
8.258763671e-06
7.983680428e-06
8.022418241e-06
8.074969648e-06
8.135153731e-06
8.196749496e-06
8.254108511e-06
8.302515e-06
8.338174926e-06
8.357805736e-06
8.144755856e-06
8.175181439e-06
8.216311714e-06
8.263208351e-06
8.310978212e-06
8.355267887e-06
8.392523735e-06
8.419934643e-06
8.435048104e-06
8.274059717e-06
8.297308632e-06
8.328644713e-06
8.364246114e-06
8.400379872e-06
8.43378502e-06
8.461849408e-06
8.482524169e-06
8.493977036e-06
8.375333199e-06
8.392586085e-06
8.415785497e-06
8.442072399e-06
8.468692307e-06
8.49327899e-06
8.51396404e-06
8.52927574e-06
8.537833779e-06
8.452585289e-06
8.464978261e-06
8.481615732e-06
8.500440611e-06
8.519498395e-06
8.537135616e-06
8.552056096e-06
8.563212515e-06
8.569542236e-06
8.509773743e-06
8.51834422e-06
8.52984548e-06
8.542867944e-06
8.556092367e-06
8.568417263e-06
8.578973436e-06
8.587013164e-06
8.591684034e-06
8.550601623e-06
8.55626157e-06
8.563872741e-06
8.572533066e-06
8.581413124e-06
8.589825824e-06
8.597208655e-06
8.603013066e-06
8.606510431e-06
8.578404755e-06
8.581933035e-06
8.586714292e-06
8.592232153e-06
8.598022973e-06
8.603699829e-06
8.608910996e-06
8.613232842e-06
8.616006121e-06
8.596104533e-06
8.598151258e-06
8.600985289e-06
8.604373234e-06
8.608114326e-06
8.612029589e-06
8.615904775e-06
8.619392057e-06
8.621760106e-06
8.606203966e-06
8.607301481e-06
8.608909938e-06
8.610994509e-06
8.613534157e-06
8.616485468e-06
8.619717368e-06
8.622796702e-06
8.624936651e-06
8.610810176e-06
8.611387287e-06
8.612351154e-06
8.6137979e-06
8.615822236e-06
8.618463174e-06
8.621500882e-06
8.624455248e-06
8.626530182e-06
8.611672508e-06
8.612070402e-06
8.612853136e-06
8.614193112e-06
8.616260584e-06
8.61899098e-06
8.622146039e-06
8.625217204e-06
8.627361278e-06
8.610232212e-06
8.610722113e-06
8.611704295e-06
8.613350892e-06
8.615755959e-06
8.61886199e-06
8.622391206e-06
8.625771723e-06
8.628092509e-06
8.607691996e-06
8.608477967e-06
8.609872086e-06
8.612025346e-06
8.615006764e-06
8.618719083e-06
8.6228202e-06
8.626662198e-06
8.62926671e-06
8.60489526e-06
8.606063737e-06
8.608004878e-06
8.610833328e-06
8.614569811e-06
8.619052561e-06
8.623861637e-06
8.628272102e-06
8.631191345e-06
8.602411449e-06
8.604037464e-06
8.60662972e-06
8.61025157e-06
8.614858282e-06
8.620209884e-06
8.62580454e-06
8.630800832e-06
8.634037462e-06
8.6007028e-06
8.602835689e-06
8.606142347e-06
8.610622529e-06
8.616154936e-06
8.622415862e-06
8.628785475e-06
8.634346022e-06
8.637893653e-06
8.600109634e-06
8.602770961e-06
8.606815193e-06
8.61216993e-06
8.618633005e-06
8.625760721e-06
8.632852708e-06
8.638945693e-06
8.642793471e-06
8.600858182e-06
8.604044668e-06
8.608815781e-06
8.615019689e-06
8.622339952e-06
8.63025389e-06
8.638007725e-06
8.644599455e-06
8.648733566e-06
8.603078685e-06
8.606766337e-06
8.612211264e-06
8.619170126e-06
8.627249296e-06
8.635865733e-06
8.64422375e-06
8.651280695e-06
8.655683714e-06
8.606801051e-06
8.610922946e-06
8.616948407e-06
8.624560223e-06
8.633302455e-06
8.642545617e-06
8.651455315e-06
8.658941858e-06
8.663591419e-06
8.611929141e-06
8.616417114e-06
8.622933553e-06
8.631104459e-06
8.64042638e-06
8.650230633e-06
8.659641286e-06
8.667516341e-06
8.672384356e-06
8.618334928e-06
8.623127741e-06
8.630058014e-06
8.638709787e-06
8.648541911e-06
8.658847644e-06
8.668705262e-06
8.676920094e-06
8.681973025e-06
8.625882883e-06
8.630930944e-06
8.638213711e-06
8.647283397e-06
8.657565259e-06
8.668312653e-06
8.678556342e-06
8.687054415e-06
8.692254463e-06
8.634446479e-06
8.639711963e-06
8.64729914e-06
8.656733299e-06
8.667406435e-06
8.678530566e-06
8.689091446e-06
8.697809982e-06
8.703116778e-06
8.643914377e-06
8.649367506e-06
8.657218082e-06
8.666965531e-06
8.677967813e-06
8.689396556e-06
8.700198966e-06
8.709071459e-06
8.714443855e-06
8.654187662e-06
8.659801534e-06
8.66787512e-06
8.677881367e-06
8.689144284e-06
8.700798887e-06
8.711762981e-06
8.720721961e-06
8.726119636e-06
8.665172685e-06
8.670919014e-06
8.679171526e-06
8.689376226e-06
8.700825035e-06
8.712622434e-06
8.723667276e-06
8.732646865e-06
8.738031632e-06
8.676774256e-06
8.682621186e-06
8.691003331e-06
8.701340515e-06
8.712896279e-06
8.72475213e-06
8.73579863e-06
8.74473662e-06
8.750073414e-06
8.688891843e-06
8.694803751e-06
8.70326175e-06
8.713661781e-06
8.725244189e-06
8.737075776e-06
8.748048972e-06
8.756888181e-06
8.762145734e-06
8.70141915e-06
8.707357741e-06
8.715835274e-06
8.726227476e-06
8.737757632e-06
8.74948615e-06
8.76031643e-06
8.769004575e-06
8.774153677e-06
8.714246106e-06
8.720172061e-06
8.728612602e-06
8.738927925e-06
8.750330879e-06
8.761883388e-06
8.772507649e-06
8.780997887e-06
8.786012738e-06
8.727262022e-06
8.733136695e-06
8.74148575e-06
8.751659182e-06
8.762866129e-06
8.774177331e-06
8.784540374e-06
8.792791955e-06
8.797651811e-06
8.740358954e-06
8.746145864e-06
8.754352852e-06
8.764325313e-06
8.775275162e-06
8.786288397e-06
8.796342901e-06
8.804323413e-06
8.809012207e-06
8.753434758e-06
8.759100759e-06
8.76712043e-06
8.776840082e-06
8.787480387e-06
8.798147857e-06
8.807855941e-06
8.815540955e-06
8.820046948e-06
8.766395588e-06
8.771911702e-06
8.779705049e-06
8.789128019e-06
8.799415191e-06
8.809698595e-06
8.81903235e-06
8.82640452e-06
8.830719822e-06
8.779157708e-06
8.784499587e-06
8.792034263e-06
8.801124631e-06
8.811023942e-06
8.820895534e-06
8.829835795e-06
8.836884044e-06
8.841004016e-06
8.791648237e-06
8.796796125e-06
8.804045928e-06
8.812775626e-06
8.822262644e-06
8.831704316e-06
8.840239623e-06
8.846958178e-06
8.850880757e-06
8.803804609e-06
8.808742649e-06
8.815688036e-06
8.824038327e-06
8.833098222e-06
8.842100164e-06
8.850225669e-06
8.856613386e-06
8.860339284e-06
8.815573132e-06
8.820291029e-06
8.826920439e-06
8.83488131e-06
8.84350731e-06
8.852066678e-06
8.859783003e-06
8.86584253e-06
8.869374671e-06
8.826912973e-06
8.831406032e-06
8.837714719e-06
8.845283156e-06
8.853475076e-06
8.861594715e-06
8.868906955e-06
8.874644426e-06
8.877987184e-06
8.837796684e-06
8.842064263e-06
8.848052651e-06
8.855231137e-06
8.862994024e-06
8.870681309e-06
8.877598255e-06
8.883022241e-06
8.88618123e-06
8.848207696e-06
8.852252187e-06
8.857924613e-06
8.864719836e-06
8.872062714e-06
8.879328454e-06
8.88586197e-06
8.89098285e-06
8.893964589e-06
8.858138308e-06
8.861964351e-06
8.867328069e-06
8.873749854e-06
8.880684781e-06
8.887542774e-06
8.893706606e-06
8.898536059e-06
8.901347715e-06
8.867587931e-06
8.871201795e-06
8.876266158e-06
8.882326636e-06
8.888868086e-06
8.895334055e-06
8.901143352e-06
8.905693949e-06
8.908343145e-06
8.876561528e-06
8.879970613e-06
8.884746477e-06
8.890459538e-06
8.896623718e-06
8.902714603e-06
8.908185409e-06
8.912470253e-06
8.914964801e-06
8.885068317e-06
8.888280799e-06
8.892780197e-06
8.898161072e-06
8.903965105e-06
8.909698601e-06
8.914847457e-06
8.918879921e-06
8.921227717e-06
8.893120734e-06
8.896145579e-06
8.900381385e-06
8.905445885e-06
8.910907418e-06
8.916301572e-06
8.9211452e-06
8.924938669e-06
8.92714761e-06
8.900734201e-06
8.903580613e-06
8.907565948e-06
8.912330149e-06
8.917467006e-06
8.922539916e-06
8.927094971e-06
8.930662702e-06
8.93274058e-06
8.907925767e-06
8.910603007e-06
8.914351055e-06
8.918831043e-06
8.923660965e-06
8.928430553e-06
8.932713408e-06
8.936068409e-06
8.938022844e-06
8.914713545e-06
8.917230828e-06
8.920754662e-06
8.924966325e-06
8.929506766e-06
8.933990572e-06
8.938017212e-06
8.941172137e-06
8.943010519e-06
8.921116298e-06
8.92348268e-06
8.926795116e-06
8.930753997e-06
8.935021974e-06
8.93923702e-06
8.943022926e-06
8.94598999e-06
8.947719435e-06
8.927153047e-06
8.929377345e-06
8.93249085e-06
8.936212027e-06
8.940223971e-06
8.944186684e-06
8.947746745e-06
8.95053766e-06
8.952164976e-06
8.932842773e-06
8.934933513e-06
8.937860121e-06
8.941358091e-06
8.945129793e-06
8.948855919e-06
8.952204359e-06
8.95483028e-06
8.956361931e-06
8.938204189e-06
8.940169557e-06
8.942920777e-06
8.946209409e-06
8.94975595e-06
8.953260477e-06
8.956410789e-06
8.958882257e-06
8.960324339e-06
8.94325552e-06
8.9451033e-06
8.947690095e-06
8.95078258e-06
8.954118255e-06
8.957415332e-06
8.9603802e-06
8.962707081e-06
8.964065273e-06
8.948014303e-06
8.949751873e-06
8.952184613e-06
8.955093382e-06
8.958231609e-06
8.96133445e-06
8.96412564e-06
8.966317023e-06
8.967596529e-06
8.952497245e-06
8.954131526e-06
8.956419905e-06
8.95915653e-06
8.962109715e-06
8.965030435e-06
8.967658623e-06
8.96972266e-06
8.970928089e-06
8.95671994e-06
8.958257318e-06
8.960410239e-06
8.962985263e-06
8.96576459e-06
8.968513939e-06
8.970988417e-06
8.972932033e-06
8.974067202e-06
8.960696352e-06
8.96214256e-06
8.964167944e-06
8.966590616e-06
8.969205678e-06
8.971792602e-06
8.97412077e-06
8.975949168e-06
8.977016755e-06
8.964437652e-06
8.965797585e-06
8.967702069e-06
8.969979905e-06
8.972438137e-06
8.974869053e-06
8.977055596e-06
8.978771449e-06
8.97977242e-06
8.967949441e-06
8.969226876e-06
8.971015376e-06
8.97315353e-06
8.975459355e-06
8.977737085e-06
8.979782748e-06
8.981384977e-06
8.982317701e-06
8.971224421e-06
8.972421716e-06
8.974096926e-06
8.97609749e-06
8.978251385e-06
8.980373951e-06
8.982274115e-06
8.983756441e-06
8.984615605e-06
8.974222841e-06
8.97534101e-06
8.976903464e-06
8.978765436e-06
8.980763804e-06
8.982724323e-06
8.984468836e-06
8.985819382e-06
8.986595419e-06
8.976817454e-06
8.977858108e-06
8.979309179e-06
8.981032613e-06
8.982873057e-06
8.984665724e-06
8.986245051e-06
8.987451621e-06
8.988133675e-06
8.978639565e-06
8.979615321e-06
8.980972658e-06
8.982578649e-06
8.984283919e-06
8.985931091e-06
8.987364718e-06
8.988440871e-06
8.989033988e-06
1.789225707e-22
6.701585316e-22
1.495317599e-21
2.83440448e-21
5.004859832e-21
8.555316619e-21
1.443849329e-20
2.430136319e-20
4.099614936e-20
6.946432324e-20
1.182775109e-19
2.02321707e-19
3.474799355e-19
5.987982677e-19
1.034685721e-18
1.791481299e-18
3.105763153e-18
5.3874062e-18
9.34692131e-18
1.621702849e-17
2.813747203e-17
4.88229817e-17
8.472255419e-17
1.470307957e-16
2.551764495e-16
4.428681125e-16
7.68559424e-16
1.333539025e-15
2.313141129e-15
4.010467577e-15
6.948595568e-15
1.202830999e-14
2.079687183e-14
3.590395449e-14
6.187123887e-14
1.063842786e-13
1.824479237e-13
3.119587846e-13
5.315838228e-13
9.023584672e-13
1.525225838e-12
2.565966329e-12
4.294802978e-12
7.148670763e-12
1.182805417e-11
1.944589001e-11
3.175392035e-11
5.148290144e-11
8.284837801e-11
1.322949197e-10
2.095809987e-10
3.293469762e-10
5.133626326e-10
7.936881546e-10
1.217168586e-09
1.851740372e-09
2.795233856e-09
4.187600059e-09
6.227794327e-09
9.196903979e-09
1.348944877e-08
1.965502722e-08
2.845271384e-08
4.092127415e-08
5.846927602e-08
8.298883387e-08
1.169942559e-07
1.637836009e-07
2.27616734e-07
3.138965124e-07
4.293316091e-07
5.820489983e-07
7.816160165e-07
1.038927664e-06
1.365918223e-06
1.775069924e-06
2.278716112e-06
2.888170477e-06
3.612753156e-06
4.458823332e-06
5.428960801e-06
6.521460713e-06
7.730313494e-06
9.04585168e-06
1.045626214e-05
1.194797162e-05
1.350087566e-05
1.50927885e-05
1.67005517e-05
1.830095942e-05
1.987152988e-05
2.13911419e-05
2.284055243e-05
2.420280613e-05
2.546354194e-05
2.661119698e-05
2.763710677e-05
2.853550232e-05
2.930340951e-05
2.994046092e-05
3.044863564e-05
3.083194572e-05
3.109608986e-05
3.124809461e-05
3.12959615e-05
3.124833545e-05
3.111420573e-05
3.090264726e-05
3.062260565e-05
3.028272645e-05
2.989122664e-05
2.945580423e-05
2.898358119e-05
2.848107408e-05
2.795418699e-05
2.740822176e-05
2.684790075e-05
2.627739843e-05
2.570037817e-05
2.512003097e-05
2.453910949e-05
2.39599348e-05
2.338426773e-05
2.281245972e-05
2.224330564e-05
2.168042793e-05
2.112629249e-05
2.058238322e-05
2.004964053e-05
1.952867175e-05
1.901986863e-05
1.852347029e-05
1.803960175e-05
1.756830172e-05
1.71095412e-05
1.666323571e-05
1.622925495e-05
1.580743129e-05
1.539756722e-05
1.499944175e-05
1.461281577e-05
1.423743629e-05
1.387304003e-05
1.351935639e-05
1.317610997e-05
1.284302268e-05
1.25198157e-05
1.2206211e-05
1.190193272e-05
1.160670818e-05
1.132026876e-05
1.104235059e-05
1.077269502e-05
1.051104911e-05
1.025716589e-05
1.001080462e-05
9.771730889e-06
9.539716752e-06
9.314540738e-06
9.095987854e-06
8.883849541e-06
8.677923609e-06
8.478014139e-06
8.283931378e-06
8.09549161e-06
7.912517023e-06
7.734835566e-06
7.562280801e-06
7.394691752e-06
7.231912758e-06
7.073793321e-06
6.920187969e-06
6.770956111e-06
6.625961921e-06
6.485074221e-06
6.348166393e-06
6.215116314e-06
6.085806329e-06
5.960123265e-06
5.837958513e-06
5.719208182e-06
5.603773352e-06
5.491560453e-06
5.382481787e-06
5.276456234e-06
5.173410157e-06
5.073278548e-06
4.976006418e-06
4.881550465e-06
4.789881008e-06
4.700984167e-06
4.61486427e-06
4.531546399e-06
4.451078969e-06
4.373536246e-06
4.299020644e-06
4.227664543e-06
4.159630324e-06
4.095106523e-06
4.034295329e-06
3.977374747e-06
3.924391774e-06
3.874929021e-06
3.827037127e-06
3.780543283e-06
3.737229612e-06
3.697967555e-06
3.663323613e-06
3.633793426e-06
3.609904241e-06
3.592273115e-06
3.58165398e-06
3.578987061e-06
3.585456408e-06
3.602557275e-06
3.63217081e-06
3.676636911e-06
3.738805263e-06
3.822029848e-06
3.930057251e-06
4.066753768e-06
4.235634985e-06
4.439215579e-06
4.678281683e-06
4.951273237e-06
5.254002783e-06
5.579896545e-06
5.920827469e-06
6.268439596e-06
6.615574869e-06
6.94770151e-06
7.254024729e-06
7.527393573e-06
7.764502212e-06
7.964827555e-06
8.129917384e-06
8.262701111e-06
8.366891633e-06
8.446514914e-06
8.505573552e-06
8.547829666e-06
8.576682704e-06
8.595116115e-06
8.605689938e-06
8.610561618e-06
8.611523328e-06
8.610050959e-06
8.607371874e-06
8.604395074e-06
8.601694893e-06
8.599745187e-06
8.598899277e-06
8.599395171e-06
8.601371568e-06
8.604881047e-06
8.60982953e-06
8.61608652e-06
8.623511097e-06
8.631970633e-06
8.641349128e-06
8.651545525e-06
8.662466368e-06
8.674018042e-06
8.686101925e-06
8.698613219e-06
8.711442589e-06
8.724479247e-06
8.737614404e-06
8.750744462e-06
8.763773679e-06
8.77661615e-06
8.789196796e-06
8.801451218e-06
8.813323315e-06
8.824769382e-06
8.835759908e-06
8.846276797e-06
8.856311223e-06
8.86586178e-06
8.874932871e-06
8.883533318e-06
8.891675245e-06
8.899373851e-06
8.906646168e-06
8.913510328e-06
8.919985165e-06
8.926089806e-06
8.93184337e-06
8.937264726e-06
8.94237229e-06
8.947183789e-06
8.951716144e-06
8.955985197e-06
8.960005211e-06
8.963787742e-06
8.967338892e-06
8.970652002e-06
8.973687897e-06
8.976319042e-06
8.978171656e-06
)
;

boundaryField
{
    outlet
    {
        type            inletOutlet;
        inletValue      uniform 0;
        value           nonuniform List<scalar> 10(8.978639565e-06 8.979615321e-06 8.980972658e-06 8.982578649e-06 8.984283919e-06 8.985931091e-06 8.987364718e-06 8.988440871e-06 8.989033988e-06 8.978171656e-06);
    }
    inlet
    {
        type            fixedValue;
        value           uniform 0;
    }
    front
    {
        type            wedge;
    }
    wall
    {
        type            zeroGradient;
    }
    back
    {
        type            wedge;
    }
}


// ************************************************************************* //
