/*--------------------------------*- C++ -*----------------------------------*\
| =========                 |                                                 |
| \\      /  F ield         | OpenFOAM: The Open Source CFD Toolbox           |
|  \\    /   O peration     | Version:  2212                                  |
|   \\  /    A nd           | Website:  www.openfoam.com                      |
|    \\/     M anipulation  |                                                 |
\*---------------------------------------------------------------------------*/
FoamFile
{
    version     2.0;
    format      ascii;
    arch        "LSB;label=32;scalar=64";
    class       volScalarField;
    location    "30.00000000";
    object      C5H5;
}
// * * * * * * * * * * * * * * * * * * * * * * * * * * * * * * * * * * * * * //

dimensions      [0 0 0 0 0 0 0];

internalField   nonuniform List<scalar> 
3000
(
1.896734024e-22
2.129783753e-22
2.481173336e-22
2.948911844e-22
3.527856428e-22
4.201948451e-22
4.930457758e-22
5.624960723e-22
6.11591236e-22
7.122163842e-22
8.029574079e-22
9.397130599e-22
1.122142048e-21
1.349886927e-21
1.621503843e-21
1.932172651e-21
2.266288959e-21
2.562333005e-21
1.595775397e-21
1.813275865e-21
2.144212024e-21
2.59301781e-21
3.167230956e-21
3.874454003e-21
4.711116122e-21
5.629899061e-21
6.414448905e-21
3.040839057e-21
3.491785777e-21
4.188097413e-21
5.152659553e-21
6.418433244e-21
8.015467125e-21
9.931853365e-21
1.201127998e-20
1.368508121e-20
5.402465695e-21
6.280512207e-21
7.658105159e-21
9.604532206e-21
1.220993951e-20
1.554443498e-20
1.954697936e-20
2.378413496e-20
2.702833919e-20
9.294461498e-21
1.094461624e-20
1.357157772e-20
1.734334418e-20
2.246227292e-20
2.90603891e-20
3.694813243e-20
4.514218204e-20
5.122436049e-20
1.578461679e-20
1.881790599e-20
2.370337097e-20
3.079764895e-20
4.049794798e-20
5.300119687e-20
6.779642524e-20
8.284246439e-20
9.37061032e-20
2.671992794e-20
3.221062205e-20
4.11322141e-20
5.418631612e-20
7.21023224e-20
9.513995199e-20
1.221448013e-19
1.491851104e-19
1.68369416e-19
4.530243556e-20
5.513418733e-20
7.12115851e-20
9.485285344e-20
1.273524097e-19
1.690220535e-19
2.175069196e-19
2.655434389e-19
2.992474074e-19
7.708240232e-20
9.454829375e-20
1.232382997e-19
1.655589343e-19
2.237677292e-19
2.981997458e-19
3.843222458e-19
4.690237219e-19
5.280151232e-19
1.316923478e-19
1.625407733e-19
2.133702097e-19
2.884929088e-19
3.918112081e-19
5.236184885e-19
6.754943487e-19
8.241051117e-19
9.270984981e-19
2.258662092e-19
2.801229309e-19
3.697072628e-19
5.022516435e-19
6.844689893e-19
9.164712028e-19
1.182964187e-18
1.442813563e-18
1.622338533e-18
3.887117461e-19
4.838661606e-19
6.411861089e-19
8.740656829e-19
1.194002328e-18
1.600597509e-18
2.066445327e-18
2.519602748e-18
2.832370335e-18
6.709122232e-19
8.375065451e-19
1.113174746e-18
1.521293649e-18
2.081441742e-18
2.791798705e-18
3.60331025e-18
4.391109211e-18
4.937365272e-18
1.160744908e-18
1.452197277e-18
1.934812199e-18
2.649377651e-18
3.629145068e-18
4.868225813e-18
6.276123054e-18
7.633550519e-18
8.601778458e-18
2.011787978e-18
2.521549996e-18
3.366449863e-18
4.618360306e-18
6.335204133e-18
8.502674114e-18
1.094167379e-17
1.317932309e-17
1.501493045e-17
3.490517437e-18
4.381478608e-18
5.859914164e-18
8.05437798e-18
1.107382359e-17
1.491680719e-17
1.934542992e-17
2.376896822e-17
2.653412384e-17
6.058290917e-18
7.612452852e-18
1.019247765e-17
1.402291327e-17
1.92916699e-17
2.598459523e-17
3.363995683e-17
4.105944588e-17
4.609501456e-17
1.05148242e-17
1.322075232e-17
1.771286381e-17
2.438014475e-17
3.354379415e-17
4.51669387e-17
5.842965056e-17
7.125193159e-17
8.002585196e-17
1.824786695e-17
2.295340286e-17
3.076466178e-17
4.235552483e-17
5.827900702e-17
7.846355405e-17
1.01480338e-16
1.237258188e-16
1.389588876e-16
3.166661823e-17
3.984413269e-17
5.341863242e-17
7.355888503e-17
1.01221279e-16
1.362759686e-16
1.762382053e-16
2.148535311e-16
2.412953446e-16
5.495392536e-17
6.916064388e-17
9.274338124e-17
1.277301157e-16
1.7577697e-16
2.366512323e-16
3.060318956e-16
3.7305935e-16
4.189487638e-16
9.537178198e-17
1.200487299e-16
1.610110184e-16
2.217767536e-16
3.052130044e-16
4.109021455e-16
5.313290949e-16
6.476402915e-16
7.272517596e-16
1.655263377e-16
2.083846328e-16
2.795231748e-16
3.850415796e-16
5.298987957e-16
7.133415047e-16
9.222979146e-16
1.124045369e-15
1.262093124e-15
2.872965603e-16
3.61722403e-16
4.85245956e-16
6.68433371e-16
9.19849296e-16
1.23812418e-15
1.600516923e-15
1.950255976e-15
2.18947355e-15
4.986427043e-16
6.278667788e-16
8.42303096e-16
1.160233129e-15
1.596417918e-15
2.148341447e-15
2.77643144e-15
3.382245905e-15
3.796396895e-15
8.65391044e-16
1.089708213e-15
1.461853916e-15
2.013409037e-15
2.769743004e-15
3.726173774e-15
4.813815376e-15
5.862089089e-15
6.578205243e-15
1.501602939e-15
1.890855838e-15
2.53641656e-15
3.492728801e-15
4.803233352e-15
6.459091525e-15
8.340332596e-15
1.015165673e-14
1.138785511e-14
2.604711173e-15
3.279831225e-15
4.398988301e-15
6.05579108e-15
8.324265525e-15
1.118747633e-14
1.443637822e-14
1.756039679e-14
1.968977551e-14
4.515981778e-15
5.686059396e-15
7.624571679e-15
1.049191643e-14
1.441345284e-14
1.935627297e-14
2.495595413e-14
3.033117435e-14
3.398893769e-14
7.824243389e-15
9.85010257e-15
1.32038715e-14
1.8159196e-14
2.492667614e-14
3.344159692e-14
4.306848534e-14
5.228936756e-14
5.85507884e-14
1.354321304e-14
1.704597087e-14
2.283912913e-14
3.138698838e-14
4.303978686e-14
5.766913231e-14
7.416694386e-14
8.992605295e-14
1.00599004e-13
2.341337438e-14
2.945884074e-14
3.944529896e-14
5.415519001e-14
7.416359719e-14
9.921452644e-14
1.273769184e-13
1.541889356e-13
1.722890439e-13
4.041344569e-14
5.082337119e-14
6.79938757e-14
9.323254744e-14
1.274686641e-13
1.701914079e-13
2.180400466e-13
2.634129382e-13
2.939253157e-13
6.962230064e-14
8.749583982e-14
1.169237067e-13
1.600690156e-13
2.184034739e-13
2.909112039e-13
3.717572035e-13
4.480616473e-13
4.991450114e-13
1.196627964e-13
1.502426886e-13
2.004813304e-13
2.739137152e-13
3.72811966e-13
4.951704123e-13
6.308949701e-13
7.583063722e-13
8.431688671e-13
2.051044917e-13
2.57201846e-13
3.425699158e-13
4.669023439e-13
6.335937668e-13
8.387267791e-13
1.064928386e-12
1.275989542e-12
1.41576813e-12
3.5043347e-13
4.387459044e-13
5.830204062e-13
7.922714462e-13
1.071354384e-12
1.412722744e-12
1.786675452e-12
2.133269186e-12
2.361386069e-12
5.965605744e-13
7.453986597e-13
9.877079309e-13
1.337475567e-12
1.801233726e-12
2.364680116e-12
2.977458449e-12
3.54131127e-12
3.909975169e-12
1.011402294e-12
1.260602057e-12
1.664701473e-12
2.244895544e-12
3.00917673e-12
3.930930419e-12
4.925619528e-12
5.833911046e-12
6.423697589e-12
1.706929477e-12
2.121103467e-12
2.789767488e-12
3.744153958e-12
4.992452777e-12
6.486106989e-12
8.084783524e-12
9.533055972e-12
1.046686689e-11
2.86637686e-12
3.549179015e-12
4.6462038e-12
6.20196472e-12
8.221424598e-12
1.061781043e-11
1.316102235e-11
1.544643137e-11
1.690963413e-11
4.787233729e-12
5.903027975e-12
7.686371431e-12
1.019816822e-11
1.343266627e-11
1.723805002e-11
2.12419422e-11
2.481104841e-11
2.708028706e-11
7.948455457e-12
9.754738964e-12
1.26257098e-11
1.664045851e-11
2.176788497e-11
2.774795014e-11
3.398611459e-11
3.950300004e-11
4.29871136e-11
1.311440081e-11
1.600961062e-11
2.058486152e-11
2.693573007e-11
3.497919698e-11
4.427902971e-11
5.389879124e-11
6.234144968e-11
6.763922809e-11
2.149378469e-11
2.608680697e-11
3.330233836e-11
4.324355793e-11
5.572981016e-11
7.004384855e-11
8.473027948e-11
9.75261811e-11
1.055074546e-10
3.498007774e-11
4.219001895e-11
5.344966954e-11
6.884789361e-11
8.803098e-11
1.098419649e-10
1.320477922e-10
1.512635379e-10
1.631825015e-10
5.651114775e-11
6.770891316e-11
8.509419838e-11
1.086977281e-10
1.378724644e-10
1.707853114e-10
2.040514856e-10
2.326569135e-10
2.503098648e-10
9.060171418e-11
1.078089508e-10
1.343730195e-10
1.701877585e-10
2.141262705e-10
2.633320992e-10
3.127327463e-10
3.549672462e-10
3.809113222e-10
1.441240348e-10
1.702904248e-10
2.104668972e-10
2.642780837e-10
3.298345138e-10
4.027526218e-10
4.755101918e-10
5.373891063e-10
5.752444921e-10
2.274424718e-10
2.668297604e-10
3.269980184e-10
4.070904668e-10
5.040346455e-10
6.111969396e-10
7.175296083e-10
8.075419784e-10
8.624089378e-10
3.560494307e-10
4.147608045e-10
5.040240073e-10
6.221720101e-10
7.643333622e-10
9.205974959e-10
1.074882876e-09
1.204950448e-09
1.283983806e-09
5.529079988e-10
6.39615994e-10
7.708633684e-10
9.436780331e-10
1.150509592e-09
1.376723163e-09
1.599095876e-09
1.785890961e-09
1.899087306e-09
8.517268892e-10
9.786595105e-10
1.170026002e-09
1.42082226e-09
1.71955691e-09
2.044839391e-09
2.363372329e-09
2.630112175e-09
2.791381831e-09
1.301629206e-09
1.48592553e-09
1.76278132e-09
2.1241041e-09
2.552675164e-09
3.017512708e-09
3.471180737e-09
3.85006663e-09
4.078692746e-09
1.973684775e-09
2.239233764e-09
2.636883465e-09
3.153937178e-09
3.764937041e-09
4.42537015e-09
5.06805e-09
5.603549833e-09
5.926144627e-09
2.970015676e-09
3.349946254e-09
3.917281015e-09
4.652562718e-09
5.518579366e-09
6.451830108e-09
7.357651581e-09
8.110868682e-09
8.563964289e-09
4.436428024e-09
4.976467569e-09
5.780883562e-09
6.820407931e-09
8.041170422e-09
9.353142915e-09
1.062358634e-08
1.167803469e-08
1.231150954e-08
6.579831105e-09
7.342809061e-09
8.476788086e-09
9.93838781e-09
1.16502531e-08
1.348545111e-08
1.525872178e-08
1.672798932e-08
1.760965211e-08
9.69206086e-09
1.076389561e-08
1.235372735e-08
1.439801416e-08
1.678645685e-08
1.934104733e-08
2.180450195e-08
2.384249858e-08
2.506424756e-08
1.418206427e-08
1.56796309e-08
1.789684978e-08
2.074156969e-08
2.405758035e-08
2.759667409e-08
3.100338952e-08
3.381802649e-08
3.550403474e-08
2.061865459e-08
2.270002489e-08
2.577631796e-08
2.971515602e-08
3.429690313e-08
3.917753625e-08
4.386831875e-08
4.773956557e-08
5.005702973e-08
2.978633806e-08
3.26641193e-08
3.691086417e-08
4.233827664e-08
4.86398308e-08
5.534133478e-08
6.17735966e-08
6.70770512e-08
7.025017604e-08
4.27574583e-08
4.671632784e-08
5.255036504e-08
5.999432849e-08
6.862332896e-08
7.778686518e-08
8.65720424e-08
9.380937501e-08
9.81373634e-08
6.09848321e-08
6.640447707e-08
7.43816941e-08
8.454610173e-08
9.631222084e-08
1.087914795e-07
1.207428944e-07
1.305806457e-07
1.36460492e-07
8.641847027e-08
9.380283576e-08
1.04660798e-07
1.184790854e-07
1.34455232e-07
1.51380342e-07
1.675733716e-07
1.808914646e-07
1.888461771e-07
1.216474788e-07
1.316609482e-07
1.463715832e-07
1.650729651e-07
1.866707443e-07
2.095269364e-07
2.313727324e-07
2.493233875e-07
2.600357841e-07
1.700649741e-07
1.835757183e-07
2.034083465e-07
2.285968933e-07
2.576565916e-07
2.883775385e-07
3.177097912e-07
3.417859835e-07
3.561371323e-07
2.360490768e-07
2.541786239e-07
2.807719202e-07
3.145165716e-07
3.534088282e-07
3.944811449e-07
4.336519463e-07
4.657614923e-07
4.848709018e-07
3.251458199e-07
3.493221103e-07
3.847605379e-07
4.296896499e-07
4.81420836e-07
5.359904417e-07
5.879654036e-07
6.305016732e-07
6.557631611e-07
4.442309699e-07
4.762388375e-07
5.231242447e-07
5.825121619e-07
6.508178658e-07
7.227803555e-07
7.9121457e-07
8.4710756e-07
8.802103719e-07
6.016170792e-07
6.436363656e-07
7.051396918e-07
7.829650449e-07
8.723666819e-07
9.664135213e-07
1.055679812e-06
1.128402997e-06
1.171322998e-06
8.07063841e-07
8.616813616e-07
9.41553489e-07
1.042501389e-06
1.158292242e-06
1.279875504e-06
1.395008086e-06
1.488510256e-06
1.543453028e-06
1.071646118e-06
1.141825023e-06
1.244342203e-06
1.373718516e-06
1.521841895e-06
1.677017813e-06
1.823533869e-06
1.942066515e-06
2.011346407e-06
1.407438813e-06
1.496429416e-06
1.626250406e-06
1.789780158e-06
1.9765694e-06
2.171691831e-06
2.355267604e-06
2.503093324e-06
2.58894361e-06
1.8269936e-06
1.938175325e-06
2.100097145e-06
2.303594466e-06
2.535366543e-06
2.776630116e-06
3.002641167e-06
3.183640552e-06
3.2879716e-06
2.342609903e-06
2.47926531e-06
2.677883198e-06
2.926807422e-06
3.20933845e-06
3.502216261e-06
3.775201442e-06
3.992442374e-06
4.116594689e-06
2.965438686e-06
3.130476272e-06
3.36977799e-06
3.668724418e-06
4.006678335e-06
4.355349956e-06
4.678515531e-06
4.933907451e-06
5.078495394e-06
3.70449746e-06
3.900156185e-06
4.183104379e-06
4.535307173e-06
4.931720832e-06
5.338620104e-06
5.713540688e-06
6.007764283e-06
6.172837933e-06
4.565712164e-06
4.793292521e-06
5.121462869e-06
5.528398195e-06
5.984324851e-06
6.44991473e-06
6.876544259e-06
7.209425955e-06
7.395104484e-06
5.551131438e-06
5.810802682e-06
6.184147442e-06
6.645316007e-06
7.159697712e-06
7.682499632e-06
8.159390756e-06
8.529864523e-06
8.73440362e-06
6.658477125e-06
6.949208133e-06
7.366010624e-06
7.878977414e-06
8.448835861e-06
9.025802555e-06
9.549997042e-06
9.954111774e-06
1.017490777e-05
7.881198816e-06
8.200849859e-06
8.657921635e-06
9.218662073e-06
9.839656315e-06
1.046574669e-05
1.103085611e-05
1.146320821e-05
1.16970015e-05
9.2092154e-06
9.554816951e-06
1.004797138e-05
1.065147954e-05
1.131665818e-05
1.19833647e-05
1.25813058e-05
1.303542686e-05
1.327853382e-05
1.063056806e-05
1.09987363e-05
1.152246443e-05
1.216037405e-05
1.285992187e-05
1.355716222e-05
1.41787082e-05
1.464747454e-05
1.489600946e-05
1.21306603e-05
1.251584332e-05
1.306204343e-05
1.372450517e-05
1.444746447e-05
1.516423527e-05
1.579955294e-05
1.627556481e-05
1.652562818e-05
1.368905413e-05
1.408511559e-05
1.464505081e-05
1.532149446e-05
1.605634881e-05
1.678129177e-05
1.742041078e-05
1.789631315e-05
1.814413872e-05
1.528342864e-05
1.568400354e-05
1.624871356e-05
1.692840147e-05
1.766360921e-05
1.838549839e-05
1.901870424e-05
1.948744638e-05
1.972951128e-05
1.689063768e-05
1.728942022e-05
1.785009742e-05
1.852257033e-05
1.92470107e-05
1.995515406e-05
2.0573306e-05
2.102834626e-05
2.126145274e-05
1.848760466e-05
1.887858374e-05
1.94268874e-05
2.008232294e-05
2.078565349e-05
2.14702116e-05
2.206499193e-05
2.250045591e-05
2.272179179e-05
2.005206935e-05
2.042971565e-05
2.095802108e-05
2.158751276e-05
2.226044469e-05
2.291267346e-05
2.347677548e-05
2.388757382e-05
2.409475642e-05
2.156320239e-05
2.192261033e-05
2.242419628e-05
2.301996015e-05
2.365445891e-05
2.426688341e-05
2.479414339e-05
2.517605266e-05
2.536715749e-05
2.30021027e-05
2.333909097e-05
2.380827029e-05
2.436378556e-05
2.495320319e-05
2.551972783e-05
2.600520444e-05
2.635491239e-05
2.652848688e-05
2.435218864e-05
2.466336277e-05
2.509556093e-05
2.560564992e-05
2.614479419e-05
2.666075325e-05
2.71007571e-05
2.741587339e-05
2.757093506e-05
2.559948768e-05
2.588226763e-05
2.62740532e-05
2.673490528e-05
2.722005032e-05
2.768220318e-05
2.80742796e-05
2.835331359e-05
2.848933281e-05
2.673282492e-05
2.698544069e-05
2.733451188e-05
2.774365636e-05
2.81725002e-05
2.857897647e-05
2.892184621e-05
2.916415501e-05
2.928102355e-05
2.77439093e-05
2.796536797e-05
2.827050026e-05
2.86267343e-05
2.899831016e-05
2.934851181e-05
2.964197599e-05
2.984768755e-05
2.994567509e-05
2.86273189e-05
2.881734725e-05
2.907830803e-05
2.938158715e-05
2.969613691e-05
2.9990606e-05
3.023542336e-05
3.040534053e-05
3.048504216e-05
2.938039069e-05
2.953935842e-05
2.975679581e-05
3.000809572e-05
3.026691544e-05
3.050717744e-05
3.070492251e-05
3.084041486e-05
3.090269309e-05
3.000302553e-05
3.01318547e-05
3.030716854e-05
3.050832797e-05
3.071359572e-05
3.090198848e-05
3.105489993e-05
3.115778993e-05
3.120371467e-05
3.049742385e-05
3.059749033e-05
3.073269344e-05
3.088624757e-05
3.104084391e-05
3.118034229e-05
3.129116976e-05
3.136361965e-05
3.139440951e-05
3.086777076e-05
3.09408034e-05
3.103838089e-05
3.114739435e-05
3.125472488e-05
3.134876969e-05
3.142062657e-05
3.146503106e-05
3.148199852e-05
3.111989084e-05
3.116787333e-05
3.123064676e-05
3.129855413e-05
3.136238178e-05
3.14147203e-05
3.145094818e-05
3.14698371e-05
3.147433964e-05
3.126089242e-05
3.128597206e-05
3.131697402e-05
3.13474338e-05
3.137172706e-05
3.138627031e-05
3.139031929e-05
3.138627288e-05
3.137967126e-05
3.129881943e-05
3.130322575e-05
3.130558872e-05
3.130235512e-05
3.129115614e-05
3.127185636e-05
3.12471836e-05
3.122276178e-05
3.12063861e-05
3.124232528e-05
3.122830055e-05
3.120516256e-05
3.117197755e-05
3.112929224e-05
3.108004196e-05
3.103002935e-05
3.098771545e-05
3.096283893e-05
3.110038006e-05
3.10701224e-05
3.102455038e-05
3.096505682e-05
3.089476734e-05
3.081932018e-05
3.074721074e-05
3.068936896e-05
3.065718902e-05
3.088201779e-05
3.083763696e-05
3.077256755e-05
3.069024275e-05
3.059604157e-05
3.049795343e-05
3.040680508e-05
3.033565059e-05
3.029727633e-05
3.05961272e-05
3.05396123e-05
3.045780895e-05
3.035591717e-05
3.024126063e-05
3.012384927e-05
3.001650401e-05
2.993408398e-05
2.989052929e-05
3.025128626e-05
3.018448392e-05
3.008850848e-05
2.997007007e-05
2.983814908e-05
2.970446949e-05
2.958353568e-05
2.949171954e-05
2.944390057e-05
2.985563793e-05
2.978023975e-05
2.967243636e-05
2.954021098e-05
2.939393597e-05
2.924676886e-05
2.911461419e-05
2.901509108e-05
2.896382733e-05
2.941680357e-05
2.933434091e-05
2.921682994e-05
2.907331113e-05
2.891530845e-05
2.87571591e-05
2.861591184e-05
2.851019388e-05
2.845621175e-05
2.89418286e-05
2.88536733e-05
2.872835316e-05
2.857577176e-05
2.840838888e-05
2.824149379e-05
2.809305031e-05
2.798247977e-05
2.792641796e-05
2.843715538e-05
2.834452481e-05
2.821307956e-05
2.805341356e-05
2.787873061e-05
2.77050699e-05
2.755110651e-05
2.743686583e-05
2.737928176e-05
2.790861764e-05
2.781258286e-05
2.767649389e-05
2.751148283e-05
2.733132854e-05
2.715264192e-05
2.699462959e-05
2.687775309e-05
2.681912994e-05
2.736145168e-05
2.726294756e-05
2.712350787e-05
2.695466999e-05
2.677064025e-05
2.658844541e-05
2.642766601e-05
2.630905244e-05
2.624980634e-05
2.68003197e-05
2.670015617e-05
2.655848609e-05
2.638713704e-05
2.620061484e-05
2.601622674e-05
2.585379001e-05
2.573421526e-05
2.567470233e-05
2.622934163e-05
2.612821541e-05
2.598527883e-05
2.581255076e-05
2.562472646e-05
2.543927688e-05
2.527613722e-05
2.515626687e-05
2.509678998e-05
2.565213197e-05
2.555063823e-05
2.540725875e-05
2.523411936e-05
2.50460106e-05
2.486046711e-05
2.469743994e-05
2.457784118e-05
2.451865623e-05
2.507183848e-05
2.49704825e-05
2.482735934e-05
2.465463021e-05
2.446710115e-05
2.428228535e-05
2.412006255e-05
2.400121541e-05
2.394253706e-05
2.449117722e-05
2.439038711e-05
2.424811162e-05
2.407648674e-05
2.389026672e-05
2.370687157e-05
2.354603609e-05
2.342834384e-05
2.337035085e-05
2.391244677e-05
2.381259427e-05
2.367167284e-05
2.350174051e-05
2.331744401e-05
2.313605126e-05
2.297709111e-05
2.28608901e-05
2.28037301e-05
2.333745184e-05
2.323891624e-05
2.309982699e-05
2.29321101e-05
2.275026475e-05
2.257136509e-05
2.241468801e-05
2.230025722e-05
2.224405126e-05
2.276705175e-05
2.267048387e-05
2.253389659e-05
2.236896605e-05
2.2190069e-05
2.201409239e-05
2.18600436e-05
2.174761506e-05
2.169246224e-05
2.21993463e-05
2.210660923e-05
2.197443013e-05
2.181325636e-05
2.163790159e-05
2.146526866e-05
2.13141547e-05
2.120392529e-05
2.114990762e-05
2.163780122e-05
2.154805146e-05
2.142085012e-05
2.126544115e-05
2.10945163e-05
2.092570587e-05
2.077782158e-05
2.066996515e-05
2.061715221e-05
2.108491546e-05
2.099790443e-05
2.087490829e-05
2.072565817e-05
2.056045237e-05
2.039603322e-05
2.025167629e-05
2.014635141e-05
2.009480366e-05
2.054220328e-05
2.045777862e-05
2.033864603e-05
2.019454401e-05
2.003621514e-05
1.987675443e-05
1.973621282e-05
1.963356346e-05
1.958333352e-05
2.001062683e-05
1.992870394e-05
1.981326293e-05
1.967401782e-05
1.95219381e-05
1.936820774e-05
1.923179837e-05
1.913196175e-05
1.90830961e-05
1.949080164e-05
1.941131743e-05
1.929942714e-05
1.916472336e-05
1.901811237e-05
1.887076e-05
1.873873582e-05
1.86418164e-05
1.859434869e-05
1.89831239e-05
1.890603152e-05
1.879760092e-05
1.86672802e-05
1.852591457e-05
1.838486794e-05
1.825727959e-05
1.816331803e-05
1.811726273e-05
1.848783327e-05
1.841308986e-05
1.830804157e-05
1.81819748e-05
1.804565008e-05
1.791060085e-05
1.778751186e-05
1.769655082e-05
1.765192173e-05
1.800505253e-05
1.793261018e-05
1.783085559e-05
1.770887643e-05
1.757724487e-05
1.744735767e-05
1.732931227e-05
1.724150246e-05
1.719833621e-05
1.753481871e-05
1.746462731e-05
1.73660799e-05
1.724804317e-05
1.712084992e-05
1.699565547e-05
1.688280061e-05
1.679818786e-05
1.675649307e-05
1.707710217e-05
1.700911264e-05
1.691369642e-05
1.679949819e-05
1.667661968e-05
1.655603297e-05
1.644810097e-05
1.636659842e-05
1.632634452e-05
1.663181771e-05
1.656598055e-05
1.647362211e-05
1.636316685e-05
1.6244487e-05
1.612836651e-05
1.602513549e-05
1.594664098e-05
1.5907787e-05
1.619883397e-05
1.613509777e-05
1.604572166e-05
1.593891157e-05
1.582430921e-05
1.571250134e-05
1.561375717e-05
1.553816778e-05
1.55006714e-05
1.577798218e-05
1.571629308e-05
1.562982014e-05
1.552655195e-05
1.541589731e-05
1.530823606e-05
1.52137566e-05
1.514098356e-05
1.510480962e-05
1.536906377e-05
1.530936555e-05
1.522571259e-05
1.51258757e-05
1.501902302e-05
1.491530134e-05
1.482474733e-05
1.475482978e-05
1.471997782e-05
1.497185706e-05
1.491409199e-05
1.483317355e-05
1.473665399e-05
1.463345166e-05
1.453344775e-05
1.444642889e-05
1.43794695e-05
1.434595377e-05
1.45861227e-05
1.453023282e-05
1.445196415e-05
1.435865262e-05
1.425896751e-05
1.416252611e-05
1.407888802e-05
1.40147598e-05
1.398254104e-05
1.421160776e-05
1.41575354e-05
1.408183273e-05
1.399162221e-05
1.389532388e-05
1.380228164e-05
1.372178783e-05
1.366045597e-05
1.362950819e-05
1.384804922e-05
1.379573749e-05
1.372251889e-05
1.363530648e-05
1.354227392e-05
1.345249005e-05
1.337496526e-05
1.331634344e-05
1.328662655e-05
1.349517691e-05
1.344457007e-05
1.337375606e-05
1.328944443e-05
1.319957043e-05
1.31129418e-05
1.303832147e-05
1.298222014e-05
1.295366727e-05
1.315271589e-05
1.310375922e-05
1.303527205e-05
1.295376628e-05
1.286694554e-05
1.27833635e-05
1.271153804e-05
1.265782252e-05
1.263037713e-05
1.282038854e-05
1.277302834e-05
1.270679169e-05
1.262799842e-05
1.254412668e-05
1.246348165e-05
1.239433858e-05
1.234288762e-05
1.231649851e-05
1.249791652e-05
1.245210015e-05
1.23880392e-05
1.231186686e-05
1.223084172e-05
1.215302608e-05
1.208645602e-05
1.203715571e-05
1.201177472e-05
1.218502239e-05
1.214069836e-05
1.207873996e-05
1.200509905e-05
1.192682058e-05
1.185172969e-05
1.178762723e-05
1.174036981e-05
1.171595118e-05
1.188143086e-05
1.183854898e-05
1.17786218e-05
1.170742514e-05
1.163179614e-05
1.155932862e-05
1.149759253e-05
1.145227598e-05
1.142877615e-05
1.15868699e-05
1.154538132e-05
1.148741597e-05
1.141857882e-05
1.134550502e-05
1.127556289e-05
1.1216096e-05
1.117262377e-05
1.115000128e-05
1.130107155e-05
1.12609288e-05
1.120485792e-05
1.11382981e-05
1.106768816e-05
1.100017685e-05
1.094288605e-05
1.090116678e-05
1.087938217e-05
1.10237726e-05
1.098492965e-05
1.093068793e-05
1.08663258e-05
1.079809143e-05
1.073291978e-05
1.067771586e-05
1.063766315e-05
1.06166789e-05
1.075471509e-05
1.071712737e-05
1.066465158e-05
1.06024101e-05
1.053646598e-05
1.047354618e-05
1.042034379e-05
1.038187594e-05
1.036165634e-05
1.049364677e-05
1.045727114e-05
1.04065001e-05
1.034630483e-05
1.028256862e-05
1.02218162e-05
1.017053365e-05
1.013357342e-05
1.011408457e-05
1.024032135e-05
1.02051161e-05
1.015599072e-05
1.009776974e-05
1.003616207e-05
9.977495767e-06
9.92805497e-06
9.892529341e-06
9.873738994e-06
9.99449874e-06
9.960423587e-06
9.91288679e-06
9.856570743e-06
9.797015092e-06
9.740356818e-06
9.69268312e-06
9.658523083e-06
9.640400604e-06
9.755945207e-06
9.722961266e-06
9.676957977e-06
9.622479948e-06
9.564902635e-06
9.510177371e-06
9.464199433e-06
9.431339756e-06
9.413856036e-06
9.524433446e-06
9.492503197e-06
9.447980293e-06
9.395275793e-06
9.339605882e-06
9.286741588e-06
9.242391246e-06
9.210770266e-06
9.193897651e-06
9.299742618e-06
9.268829874e-06
9.225736141e-06
9.174743037e-06
9.120912268e-06
9.06983978e-06
9.027051916e-06
8.996611342e-06
8.980323554e-06
9.081658344e-06
9.05172822e-06
9.010014299e-06
8.960672746e-06
8.90861545e-06
8.859268387e-06
8.817980795e-06
8.788665511e-06
8.772937585e-06
8.869972665e-06
8.840991536e-06
8.80060987e-06
8.752862244e-06
8.702515262e-06
8.654829918e-06
8.614983177e-06
8.586741065e-06
8.571549277e-06
8.664483967e-06
8.636419434e-06
8.597324213e-06
8.551115039e-06
8.502417635e-06
8.456332882e-06
8.417870229e-06
8.390651993e-06
8.375973796e-06
8.464996895e-06
8.437817742e-06
8.399964844e-06
8.355240726e-06
8.308134502e-06
8.26359169e-06
8.226458898e-06
8.2002179e-06
8.186031862e-06
8.271322235e-06
8.244998394e-06
8.208345329e-06
8.165054874e-06
8.119483687e-06
8.076426541e-06
8.040571802e-06
8.015263908e-06
8.001549654e-06
8.083276797e-06
8.057779301e-06
8.022285155e-06
7.980378906e-06
7.93628878e-06
7.894663308e-06
7.860037119e-06
7.835620552e-06
7.822358708e-06
7.900683272e-06
7.875984224e-06
7.841609602e-06
7.801039962e-06
7.758379008e-06
7.718133405e-06
7.684688457e-06
7.661123659e-06
7.648295797e-06
7.723370097e-06
7.699442626e-06
7.666149594e-06
7.626870762e-06
7.585589096e-06
7.546673652e-06
7.514364728e-06
7.491614232e-06
7.479202821e-06
7.551171303e-06
7.527989527e-06
7.495741562e-06
7.457709461e-06
7.417759126e-06
7.380126139e-06
7.348910015e-06
7.326938319e-06
7.314926678e-06
7.383926365e-06
7.361465358e-06
7.330227293e-06
7.293399507e-06
7.254734396e-06
7.218338089e-06
7.188173435e-06
7.166946892e-06
7.155319142e-06
7.221480058e-06
7.199715811e-06
7.169453783e-06
7.133789494e-06
7.096365278e-06
7.061161714e-06
7.032009011e-06
7.01149572e-06
7.000236746e-06
7.063682304e-06
7.042591691e-06
7.013273097e-06
6.978733022e-06
6.942507081e-06
6.908454093e-06
6.88027554e-06
6.860445247e-06
6.849540653e-06
6.910388031e-06
6.889948781e-06
6.861542228e-06
6.828088564e-06
6.793019922e-06
6.760077032e-06
6.732836474e-06
6.713660477e-06
6.703096554e-06
6.761457043e-06
6.741647704e-06
6.714122967e-06
6.681719337e-06
6.647768597e-06
6.615896954e-06
6.589559804e-06
6.571010866e-06
6.560774555e-06
6.616753886e-06
6.597553802e-06
6.570881784e-06
6.539493186e-06
6.506622475e-06
6.475784792e-06
6.45031796e-06
6.432370226e-06
6.422449088e-06
6.476147749e-06
6.457537032e-06
6.431689726e-06
6.401282489e-06
6.369455406e-06
6.339615897e-06
6.314987726e-06
6.297616651e-06
6.28799883e-06
6.339512367e-06
6.321471875e-06
6.296422334e-06
6.266964077e-06
6.236145645e-06
6.207269978e-06
6.183450186e-06
6.166632449e-06
6.157306652e-06
6.206725963e-06
6.189237281e-06
6.164959591e-06
6.13641919e-06
6.106575818e-06
6.078631065e-06
6.055590684e-06
6.039304125e-06
6.030259585e-06
6.077671219e-06
6.060716648e-06
6.037185908e-06
6.009533471e-06
5.980632921e-06
5.953587518e-06
5.931298846e-06
5.91552238e-06
5.906748833e-06
5.952235299e-06
5.935797847e-06
5.912990159e-06
5.88619701e-06
5.858208378e-06
5.832032096e-06
5.810468643e-06
5.795182175e-06
5.786669825e-06
5.830309931e-06
5.814373312e-06
5.792265783e-06
5.766304464e-06
5.739198169e-06
5.713862094e-06
5.692998532e-06
5.678182853e-06
5.669922336e-06
5.711791565e-06
5.696340217e-06
5.674910971e-06
5.649755256e-06
5.623503058e-06
5.598979579e-06
5.578791692e-06
5.564428341e-06
5.556410682e-06
5.596581636e-06
5.581600745e-06
5.560828965e-06
5.536453904e-06
5.511028932e-06
5.487291748e-06
5.467756377e-06
5.453827463e-06
5.446044019e-06
5.48458695e-06
5.470062494e-06
5.449928486e-06
5.426310474e-06
5.401687294e-06
5.378711447e-06
5.359806426e-06
5.346294378e-06
5.338736761e-06
5.375720222e-06
5.361639043e-06
5.34212433e-06
5.319241226e-06
5.295395944e-06
5.273157869e-06
5.254861953e-06
5.241749174e-06
5.234409154e-06
5.269900788e-06
5.256250694e-06
5.237338163e-06
5.21516945e-06
5.192079872e-06
5.170557487e-06
5.152850257e-06
5.140118646e-06
5.132988021e-06
5.167055537e-06
5.153825439e-06
5.135499536e-06
5.114026555e-06
5.091672408e-06
5.070845243e-06
5.053706994e-06
5.041337288e-06
5.034407706e-06
5.067120071e-06
5.054300174e-06
5.036547166e-06
5.015753427e-06
4.994116654e-06
4.973966033e-06
4.957377622e-06
4.94534851e-06
4.93861124e-06
4.970040128e-06
4.957622167e-06
4.940430488e-06
4.920302069e-06
4.899367227e-06
4.879876503e-06
4.863819152e-06
4.852106094e-06
4.84555173e-06
4.875773277e-06
4.863750822e-06
4.847111497e-06
4.827637557e-06
4.807392307e-06
4.788547163e-06
4.773002203e-06
4.761575892e-06
4.755193965e-06
4.784290877e-06
4.772659705e-06
4.756566879e-06
4.737740276e-06
4.718175989e-06
4.699964799e-06
4.684913328e-06
4.673737726e-06
4.667516217e-06
4.695580301e-06
4.68433883e-06
4.668790388e-06
4.650608411e-06
4.631720869e-06
4.614135101e-06
4.599557528e-06
4.5885874e-06
4.582512128e-06
4.609647362e-06
4.598797143e-06
4.583795396e-06
4.566260555e-06
4.548050692e-06
4.531085276e-06
4.516960688e-06
4.506138578e-06
4.500192455e-06
4.526518866e-06
4.516065086e-06
4.501617428e-06
4.484738141e-06
4.467212538e-06
4.450865898e-06
4.437171067e-06
4.426423726e-06
4.420585975e-06
4.446245173e-06
4.436197043e-06
4.422316326e-06
4.406106918e-06
4.389277001e-06
4.373549231e-06
4.360256604e-06
4.349491407e-06
4.343737661e-06
4.36890261e-06
4.359273461e-06
4.345977535e-06
4.330456091e-06
4.314332128e-06
4.299213226e-06
4.28628472e-06
4.275390105e-06
4.269699947e-06
4.294595662e-06
4.285402673e-06
4.272712854e-06
4.257895423e-06
4.242466378e-06
4.227865672e-06
4.214999202e-06
4.204099769e-06
4.198516479e-06
4.223458716e-06
4.214722706e-06
4.202663585e-06
4.188565733e-06
4.173811155e-06
4.159613112e-06
4.14645667e-06
4.135700346e-06
4.130282277e-06
4.155655419e-06
4.147398797e-06
4.135993977e-06
4.122623743e-06
4.108509223e-06
4.094612832e-06
4.080964267e-06
4.070363309e-06
4.065143741e-06
4.091373088e-06
4.083612701e-06
4.072867522e-06
4.060180865e-06
4.046525383e-06
4.032379578e-06
4.018524201e-06
4.00820607e-06
4.003249545e-06
4.030807364e-06
4.023541049e-06
4.013418907e-06
4.001294715e-06
3.987829219e-06
3.97288943e-06
3.959231509e-06
3.94938242e-06
3.944777954e-06
3.974116013e-06
3.967284562e-06
3.957618818e-06
3.945635216e-06
3.931375893e-06
3.916394695e-06
3.903292794e-06
3.894103797e-06
3.889950564e-06
3.9212987e-06
3.914717681e-06
3.905100365e-06
3.892323589e-06
3.877668359e-06
3.863212503e-06
3.85097205e-06
3.84262855e-06
3.839032066e-06
3.871826328e-06
3.864985776e-06
3.854373624e-06
3.841284572e-06
3.827152128e-06
3.813677322e-06
3.80256987e-06
3.795256757e-06
3.792330917e-06
3.823578691e-06
3.816247173e-06
3.805802759e-06
3.793367283e-06
3.780308278e-06
3.768155787e-06
3.758426698e-06
3.752334531e-06
3.750205297e-06
3.777202228e-06
3.770226153e-06
3.760538925e-06
3.749228941e-06
3.737592056e-06
3.727038382e-06
3.718927012e-06
3.714262659e-06
3.713073572e-06
3.734191464e-06
3.727899127e-06
3.719280578e-06
3.709386643e-06
3.699441886e-06
3.690748307e-06
3.684511345e-06
3.68151109e-06
3.681430133e-06
3.69532411e-06
3.689889976e-06
3.682550624e-06
3.674308656e-06
3.666315274e-06
3.659763774e-06
3.655696642e-06
3.654640153e-06
3.655867454e-06
3.661140779e-06
3.656700861e-06
3.650831222e-06
3.644481307e-06
3.638726817e-06
3.634646883e-06
3.633103707e-06
3.634328835e-06
3.637105076e-06
3.632136018e-06
3.628830204e-06
3.624639138e-06
3.620458096e-06
3.617285495e-06
3.616077656e-06
3.617491776e-06
3.621410695e-06
3.626026177e-06
3.608846968e-06
3.606839201e-06
3.604576894e-06
3.602902237e-06
3.602734406e-06
3.604894549e-06
3.60980112e-06
3.616918148e-06
3.623722243e-06
3.591907681e-06
3.591400271e-06
3.591377551e-06
3.592630706e-06
3.595996533e-06
3.60214319e-06
3.611204536e-06
3.622135299e-06
3.631545647e-06
3.582095753e-06
3.583343557e-06
3.585952462e-06
3.590664768e-06
3.598229008e-06
3.60913424e-06
3.623167429e-06
3.638658048e-06
3.651168205e-06
3.580382593e-06
3.583709205e-06
3.589446739e-06
3.598289427e-06
3.61088642e-06
3.62750918e-06
3.647513514e-06
3.668456957e-06
3.684640363e-06
3.587992205e-06
3.593808717e-06
3.603303962e-06
3.617121355e-06
3.635790476e-06
3.659308714e-06
3.686488122e-06
3.713932592e-06
3.734439517e-06
3.606469565e-06
3.615295111e-06
3.62933788e-06
3.649180341e-06
3.675197565e-06
3.707031291e-06
3.742802532e-06
3.777943539e-06
3.803486101e-06
3.637755229e-06
3.650236615e-06
3.669802749e-06
3.696951689e-06
3.731846388e-06
3.773658104e-06
3.819630369e-06
3.863774384e-06
3.895093068e-06
3.684255657e-06
3.701180376e-06
3.727444279e-06
3.763415511e-06
3.808954715e-06
3.862606941e-06
3.920513195e-06
3.974997896e-06
4.012802214e-06
3.748887437e-06
3.771180403e-06
3.805499639e-06
3.852004693e-06
3.910120597e-06
3.977565584e-06
4.049124446e-06
4.115181842e-06
4.160059744e-06
3.835058695e-06
3.863749101e-06
3.907601131e-06
3.966442053e-06
4.039077283e-06
4.122157253e-06
4.208852095e-06
4.287410827e-06
4.339708721e-06
3.946537108e-06
3.982680579e-06
4.037532102e-06
4.110409828e-06
4.199265913e-06
4.299420297e-06
4.40220518e-06
4.49365027e-06
4.553339227e-06
4.087151432e-06
4.131698133e-06
4.198798734e-06
4.287034559e-06
4.393237907e-06
4.511150273e-06
4.630130353e-06
4.734070332e-06
4.800631927e-06
4.260296752e-06
4.313911361e-06
4.394028468e-06
4.498234006e-06
4.621978026e-06
4.75724285e-06
4.891419681e-06
5.006542216e-06
5.078923335e-06
4.468272098e-06
4.531135367e-06
4.624282401e-06
4.744056027e-06
4.884322263e-06
5.035250363e-06
5.182451097e-06
5.306567749e-06
5.383267006e-06
4.711564502e-06
4.783209511e-06
4.888448336e-06
5.022203201e-06
5.176680922e-06
5.340364433e-06
5.49746878e-06
5.627860242e-06
5.707260081e-06
4.988272755e-06
5.067517613e-06
5.182918821e-06
5.32793311e-06
5.493216747e-06
5.665909369e-06
5.829415286e-06
5.963578624e-06
6.044992274e-06
5.293891791e-06
5.378913782e-06
5.50172197e-06
5.654436621e-06
5.826473444e-06
6.004185521e-06
6.170884582e-06
6.307083169e-06
6.38837055e-06
5.62162783e-06
5.710187006e-06
5.837176762e-06
5.993687493e-06
6.168316632e-06
6.34744684e-06
6.513114113e-06
6.645368174e-06
6.722961945e-06
5.963299624e-06
6.053088792e-06
6.181029322e-06
6.33776877e-06
6.510857408e-06
6.684747472e-06
6.842446053e-06
6.965989511e-06
7.037299247e-06
6.31073287e-06
6.399900752e-06
6.525675261e-06
6.677229069e-06
6.841486995e-06
7.003703215e-06
7.148262013e-06
7.259854736e-06
7.323446275e-06
6.655989307e-06
6.740538304e-06
6.858679276e-06
6.999291918e-06
7.149399846e-06
7.295428091e-06
7.423805504e-06
7.521684481e-06
7.576876779e-06
6.98475224e-06
7.061904967e-06
7.168712814e-06
7.294441779e-06
7.427149692e-06
7.554694471e-06
7.66552908e-06
7.74915388e-06
7.795905452e-06
7.286762572e-06
7.354619663e-06
7.448007366e-06
7.556988029e-06
7.670904325e-06
7.779279822e-06
7.872540751e-06
7.942302047e-06
7.981041652e-06
7.555422189e-06
7.613319616e-06
7.692566127e-06
7.784371224e-06
7.879542817e-06
7.969313835e-06
8.045942833e-06
8.102871067e-06
8.134330536e-06
7.787810773e-06
7.835820967e-06
7.90122037e-06
7.976514362e-06
8.054025283e-06
8.126620274e-06
8.188186753e-06
8.233691411e-06
8.258763666e-06
7.983680419e-06
8.022418233e-06
8.074969641e-06
8.135153726e-06
8.196749491e-06
8.254108507e-06
8.302514996e-06
8.338174922e-06
8.357805732e-06
8.144755848e-06
8.175181432e-06
8.216311708e-06
8.263208347e-06
8.310978208e-06
8.355267884e-06
8.392523732e-06
8.41993464e-06
8.435048101e-06
8.274059711e-06
8.297308626e-06
8.328644708e-06
8.364246111e-06
8.400379869e-06
8.433785017e-06
8.461849406e-06
8.482524167e-06
8.493977034e-06
8.375333195e-06
8.39258608e-06
8.415785493e-06
8.442072397e-06
8.468692305e-06
8.493278989e-06
8.513964039e-06
8.529275738e-06
8.537833778e-06
8.452585286e-06
8.464978257e-06
8.481615729e-06
8.500440609e-06
8.519498394e-06
8.537135615e-06
8.552056095e-06
8.563212515e-06
8.569542235e-06
8.50977374e-06
8.518344218e-06
8.529845478e-06
8.542867943e-06
8.556092366e-06
8.568417262e-06
8.578973435e-06
8.587013164e-06
8.591684034e-06
8.550601621e-06
8.556261568e-06
8.563872739e-06
8.572533065e-06
8.581413124e-06
8.589825824e-06
8.597208655e-06
8.603013066e-06
8.606510431e-06
8.578404754e-06
8.581933035e-06
8.586714291e-06
8.592232152e-06
8.598022973e-06
8.60369983e-06
8.608910996e-06
8.613232842e-06
8.616006121e-06
8.596104533e-06
8.598151258e-06
8.600985289e-06
8.604373235e-06
8.608114326e-06
8.61202959e-06
8.615904775e-06
8.619392057e-06
8.621760106e-06
8.606203966e-06
8.607301481e-06
8.608909938e-06
8.610994509e-06
8.613534157e-06
8.616485469e-06
8.619717369e-06
8.622796702e-06
8.624936651e-06
8.610810176e-06
8.611387287e-06
8.612351154e-06
8.613797901e-06
8.615822236e-06
8.618463175e-06
8.621500883e-06
8.624455248e-06
8.626530182e-06
8.611672509e-06
8.612070402e-06
8.612853137e-06
8.614193113e-06
8.616260585e-06
8.61899098e-06
8.622146039e-06
8.625217204e-06
8.627361278e-06
8.610232212e-06
8.610722114e-06
8.611704296e-06
8.613350893e-06
8.61575596e-06
8.61886199e-06
8.622391206e-06
8.625771723e-06
8.628092509e-06
8.607691996e-06
8.608477967e-06
8.609872087e-06
8.612025346e-06
8.615006764e-06
8.618719083e-06
8.6228202e-06
8.626662199e-06
8.62926671e-06
8.60489526e-06
8.606063737e-06
8.608004878e-06
8.610833329e-06
8.614569811e-06
8.619052561e-06
8.623861637e-06
8.628272102e-06
8.631191345e-06
8.602411449e-06
8.604037464e-06
8.60662972e-06
8.610251571e-06
8.614858282e-06
8.620209884e-06
8.62580454e-06
8.630800832e-06
8.634037461e-06
8.6007028e-06
8.602835689e-06
8.606142348e-06
8.610622529e-06
8.616154936e-06
8.622415862e-06
8.628785474e-06
8.634346022e-06
8.637893653e-06
8.600109634e-06
8.602770961e-06
8.606815193e-06
8.61216993e-06
8.618633005e-06
8.625760721e-06
8.632852708e-06
8.638945693e-06
8.642793471e-06
8.600858182e-06
8.604044668e-06
8.608815781e-06
8.615019689e-06
8.622339952e-06
8.630253889e-06
8.638007725e-06
8.644599454e-06
8.648733566e-06
8.603078685e-06
8.606766337e-06
8.612211264e-06
8.619170126e-06
8.627249296e-06
8.635865733e-06
8.64422375e-06
8.651280695e-06
8.655683714e-06
8.60680105e-06
8.610922945e-06
8.616948407e-06
8.624560223e-06
8.633302455e-06
8.642545617e-06
8.651455314e-06
8.658941858e-06
8.663591418e-06
8.611929141e-06
8.616417114e-06
8.622933552e-06
8.631104459e-06
8.640426379e-06
8.650230633e-06
8.659641286e-06
8.667516341e-06
8.672384356e-06
8.618334927e-06
8.62312774e-06
8.630058013e-06
8.638709786e-06
8.648541911e-06
8.658847643e-06
8.668705262e-06
8.676920093e-06
8.681973025e-06
8.625882883e-06
8.630930944e-06
8.638213711e-06
8.647283397e-06
8.657565259e-06
8.668312653e-06
8.678556342e-06
8.687054415e-06
8.692254462e-06
8.634446479e-06
8.639711963e-06
8.64729914e-06
8.656733298e-06
8.667406435e-06
8.678530566e-06
8.689091446e-06
8.697809982e-06
8.703116778e-06
8.643914376e-06
8.649367506e-06
8.657218081e-06
8.666965531e-06
8.677967813e-06
8.689396556e-06
8.700198966e-06
8.709071459e-06
8.714443855e-06
8.654187661e-06
8.659801533e-06
8.66787512e-06
8.677881366e-06
8.689144284e-06
8.700798887e-06
8.711762981e-06
8.720721961e-06
8.726119636e-06
8.665172684e-06
8.670919014e-06
8.679171526e-06
8.689376225e-06
8.700825035e-06
8.712622434e-06
8.723667276e-06
8.732646865e-06
8.738031632e-06
8.676774255e-06
8.682621186e-06
8.69100333e-06
8.701340514e-06
8.712896278e-06
8.72475213e-06
8.73579863e-06
8.74473662e-06
8.750073414e-06
8.688891843e-06
8.69480375e-06
8.703261749e-06
8.713661781e-06
8.725244188e-06
8.737075776e-06
8.748048972e-06
8.756888181e-06
8.762145734e-06
8.70141915e-06
8.70735774e-06
8.715835274e-06
8.726227475e-06
8.737757631e-06
8.74948615e-06
8.76031643e-06
8.769004575e-06
8.774153677e-06
8.714246106e-06
8.72017206e-06
8.728612601e-06
8.738927925e-06
8.750330879e-06
8.761883387e-06
8.772507649e-06
8.780997887e-06
8.786012738e-06
8.727262022e-06
8.733136695e-06
8.741485749e-06
8.751659182e-06
8.762866129e-06
8.774177331e-06
8.784540374e-06
8.792791955e-06
8.797651811e-06
8.740358954e-06
8.746145863e-06
8.754352852e-06
8.764325312e-06
8.775275162e-06
8.786288397e-06
8.796342901e-06
8.804323413e-06
8.809012207e-06
8.753434758e-06
8.759100759e-06
8.76712043e-06
8.776840081e-06
8.787480386e-06
8.798147857e-06
8.807855941e-06
8.815540955e-06
8.820046948e-06
8.766395587e-06
8.771911701e-06
8.779705049e-06
8.789128019e-06
8.799415191e-06
8.809698595e-06
8.81903235e-06
8.82640452e-06
8.830719822e-06
8.779157707e-06
8.784499587e-06
8.792034263e-06
8.801124631e-06
8.811023942e-06
8.820895533e-06
8.829835795e-06
8.836884044e-06
8.841004016e-06
8.791648236e-06
8.796796125e-06
8.804045927e-06
8.812775626e-06
8.822262644e-06
8.831704316e-06
8.840239623e-06
8.846958178e-06
8.850880757e-06
8.803804609e-06
8.808742649e-06
8.815688035e-06
8.824038327e-06
8.833098222e-06
8.842100164e-06
8.850225669e-06
8.856613386e-06
8.860339283e-06
8.815573132e-06
8.820291029e-06
8.826920438e-06
8.83488131e-06
8.84350731e-06
8.852066678e-06
8.859783003e-06
8.86584253e-06
8.869374671e-06
8.826912973e-06
8.831406032e-06
8.837714719e-06
8.845283156e-06
8.853475076e-06
8.861594715e-06
8.868906955e-06
8.874644426e-06
8.877987184e-06
8.837796684e-06
8.842064263e-06
8.848052651e-06
8.855231137e-06
8.862994023e-06
8.870681309e-06
8.877598255e-06
8.883022241e-06
8.88618123e-06
8.848207696e-06
8.852252187e-06
8.857924613e-06
8.864719836e-06
8.872062714e-06
8.879328454e-06
8.88586197e-06
8.89098285e-06
8.893964588e-06
8.858138308e-06
8.861964351e-06
8.867328068e-06
8.873749853e-06
8.880684781e-06
8.887542774e-06
8.893706605e-06
8.898536059e-06
8.901347715e-06
8.86758793e-06
8.871201795e-06
8.876266158e-06
8.882326636e-06
8.888868086e-06
8.895334055e-06
8.901143352e-06
8.905693949e-06
8.908343145e-06
8.876561528e-06
8.879970613e-06
8.884746477e-06
8.890459538e-06
8.896623717e-06
8.902714603e-06
8.908185408e-06
8.912470253e-06
8.9149648e-06
8.885068316e-06
8.888280799e-06
8.892780197e-06
8.898161072e-06
8.903965105e-06
8.909698601e-06
8.914847456e-06
8.918879921e-06
8.921227717e-06
8.893120734e-06
8.896145579e-06
8.900381384e-06
8.905445884e-06
8.910907418e-06
8.916301571e-06
8.9211452e-06
8.924938669e-06
8.92714761e-06
8.900734201e-06
8.903580613e-06
8.907565948e-06
8.912330149e-06
8.917467006e-06
8.922539916e-06
8.927094971e-06
8.930662701e-06
8.932740579e-06
8.907925766e-06
8.910603007e-06
8.914351055e-06
8.918831043e-06
8.923660965e-06
8.928430552e-06
8.932713408e-06
8.936068409e-06
8.938022843e-06
8.914713545e-06
8.917230828e-06
8.920754661e-06
8.924966325e-06
8.929506766e-06
8.933990572e-06
8.938017212e-06
8.941172137e-06
8.943010519e-06
8.921116298e-06
8.923482679e-06
8.926795116e-06
8.930753996e-06
8.935021974e-06
8.93923702e-06
8.943022925e-06
8.945989989e-06
8.947719435e-06
8.927153046e-06
8.929377344e-06
8.93249085e-06
8.936212027e-06
8.94022397e-06
8.944186684e-06
8.947746744e-06
8.95053766e-06
8.952164975e-06
8.932842773e-06
8.934933513e-06
8.93786012e-06
8.94135809e-06
8.945129792e-06
8.948855919e-06
8.952204359e-06
8.954830279e-06
8.956361931e-06
8.938204189e-06
8.940169557e-06
8.942920777e-06
8.946209409e-06
8.94975595e-06
8.953260476e-06
8.956410789e-06
8.958882257e-06
8.960324338e-06
8.94325552e-06
8.9451033e-06
8.947690095e-06
8.950782579e-06
8.954118254e-06
8.957415332e-06
8.9603802e-06
8.96270708e-06
8.964065273e-06
8.948014302e-06
8.949751872e-06
8.952184612e-06
8.955093382e-06
8.958231608e-06
8.961334449e-06
8.964125639e-06
8.966317023e-06
8.967596528e-06
8.952497244e-06
8.954131525e-06
8.956419904e-06
8.959156529e-06
8.962109715e-06
8.965030434e-06
8.967658623e-06
8.96972266e-06
8.970928088e-06
8.956719939e-06
8.958257317e-06
8.960410238e-06
8.962985263e-06
8.965764589e-06
8.968513938e-06
8.970988417e-06
8.972932032e-06
8.974067201e-06
8.960696351e-06
8.96214256e-06
8.964167943e-06
8.966590615e-06
8.969205677e-06
8.971792602e-06
8.974120769e-06
8.975949167e-06
8.977016754e-06
8.964437652e-06
8.965797584e-06
8.967702068e-06
8.969979904e-06
8.972438136e-06
8.974869052e-06
8.977055595e-06
8.978771448e-06
8.979772419e-06
8.96794944e-06
8.969226875e-06
8.971015375e-06
8.973153529e-06
8.975459354e-06
8.977737085e-06
8.979782747e-06
8.981384976e-06
8.9823177e-06
8.97122442e-06
8.972421715e-06
8.974096925e-06
8.97609749e-06
8.978251384e-06
8.98037395e-06
8.982274114e-06
8.98375644e-06
8.984615604e-06
8.97422284e-06
8.975341009e-06
8.976903463e-06
8.978765435e-06
8.980763803e-06
8.982724322e-06
8.984468835e-06
8.985819381e-06
8.986595418e-06
8.976817453e-06
8.977858107e-06
8.979309178e-06
8.981032612e-06
8.982873056e-06
8.984665723e-06
8.98624505e-06
8.98745162e-06
8.988133674e-06
8.978639564e-06
8.97961532e-06
8.980972657e-06
8.982578648e-06
8.984283918e-06
8.98593109e-06
8.987364717e-06
8.988440869e-06
8.989033987e-06
1.789214818e-22
6.701544963e-22
1.495309001e-21
2.834389721e-21
5.00483757e-21
8.555285618e-21
1.443845159e-20
2.430130733e-20
4.09960742e-20
6.946422262e-20
1.182773783e-19
2.023215347e-19
3.474797115e-19
5.98797973e-19
1.034685333e-18
1.791480806e-18
3.105762558e-18
5.3874055e-18
9.346920459e-18
1.621702738e-17
2.813747053e-17
4.882297969e-17
8.472255164e-17
1.470307926e-16
2.551764459e-16
4.428681082e-16
7.685594189e-16
1.333539018e-15
2.31314112e-15
4.010467563e-15
6.948595545e-15
1.202830995e-14
2.079687177e-14
3.590395438e-14
6.187123867e-14
1.063842783e-13
1.82447923e-13
3.119587834e-13
5.315838207e-13
9.023584634e-13
1.525225831e-12
2.565966317e-12
4.294802959e-12
7.148670728e-12
1.182805411e-11
1.94458899e-11
3.175392018e-11
5.148290115e-11
8.284837753e-11
1.322949189e-10
2.095809974e-10
3.293469741e-10
5.133626292e-10
7.936881488e-10
1.217168577e-09
1.851740359e-09
2.795233836e-09
4.187600029e-09
6.227794283e-09
9.196903914e-09
1.348944868e-08
1.965502709e-08
2.845271365e-08
4.092127387e-08
5.846927563e-08
8.298883332e-08
1.169942552e-07
1.637835999e-07
2.276167327e-07
3.138965107e-07
4.293316067e-07
5.82048995e-07
7.81616012e-07
1.038927658e-06
1.365918215e-06
1.775069915e-06
2.278716101e-06
2.888170463e-06
3.61275314e-06
4.458823314e-06
5.42896078e-06
6.52146069e-06
7.730313469e-06
9.045851654e-06
1.045626211e-05
1.194797159e-05
1.350087564e-05
1.509278847e-05
1.670055167e-05
1.83009594e-05
1.987152986e-05
2.139114187e-05
2.284055241e-05
2.420280611e-05
2.546354192e-05
2.661119697e-05
2.763710676e-05
2.853550231e-05
2.93034095e-05
2.994046091e-05
3.044863564e-05
3.083194572e-05
3.109608986e-05
3.124809461e-05
3.129596151e-05
3.124833545e-05
3.111420574e-05
3.090264727e-05
3.062260566e-05
3.028272646e-05
2.989122665e-05
2.945580424e-05
2.89835812e-05
2.848107409e-05
2.7954187e-05
2.740822177e-05
2.684790076e-05
2.627739844e-05
2.570037818e-05
2.512003098e-05
2.45391095e-05
2.395993481e-05
2.338426774e-05
2.281245973e-05
2.224330565e-05
2.168042794e-05
2.11262925e-05
2.058238323e-05
2.004964054e-05
1.952867176e-05
1.901986864e-05
1.85234703e-05
1.803960176e-05
1.756830173e-05
1.710954121e-05
1.666323572e-05
1.622925496e-05
1.58074313e-05
1.539756723e-05
1.499944176e-05
1.461281578e-05
1.42374363e-05
1.387304004e-05
1.35193564e-05
1.317610998e-05
1.284302269e-05
1.25198157e-05
1.2206211e-05
1.190193272e-05
1.160670818e-05
1.132026877e-05
1.104235059e-05
1.077269502e-05
1.051104911e-05
1.02571659e-05
1.001080462e-05
9.771730895e-06
9.539716758e-06
9.314540744e-06
9.095987859e-06
8.883849546e-06
8.677923614e-06
8.478014144e-06
8.283931383e-06
8.095491615e-06
7.912517028e-06
7.734835571e-06
7.562280805e-06
7.394691756e-06
7.231912762e-06
7.073793325e-06
6.920187972e-06
6.770956115e-06
6.625961924e-06
6.485074224e-06
6.348166396e-06
6.215116317e-06
6.085806332e-06
5.960123268e-06
5.837958516e-06
5.719208185e-06
5.603773355e-06
5.491560456e-06
5.38248179e-06
5.276456236e-06
5.17341016e-06
5.073278551e-06
4.97600642e-06
4.881550468e-06
4.78988101e-06
4.700984169e-06
4.614864273e-06
4.531546401e-06
4.451078972e-06
4.373536248e-06
4.299020646e-06
4.227664545e-06
4.159630326e-06
4.095106525e-06
4.03429533e-06
3.977374749e-06
3.924391775e-06
3.874929022e-06
3.827037128e-06
3.780543285e-06
3.737229613e-06
3.697967556e-06
3.663323614e-06
3.633793427e-06
3.609904242e-06
3.592273115e-06
3.581653981e-06
3.578987061e-06
3.585456409e-06
3.602557275e-06
3.63217081e-06
3.676636911e-06
3.738805263e-06
3.822029849e-06
3.930057252e-06
4.066753768e-06
4.235634986e-06
4.439215579e-06
4.678281683e-06
4.951273236e-06
5.25400278e-06
5.579896541e-06
5.920827463e-06
6.268439589e-06
6.615574862e-06
6.947701502e-06
7.254024721e-06
7.527393565e-06
7.764502204e-06
7.964827549e-06
8.129917378e-06
8.262701106e-06
8.366891629e-06
8.446514911e-06
8.50557355e-06
8.547829664e-06
8.576682703e-06
8.595116115e-06
8.605689938e-06
8.610561619e-06
8.611523329e-06
8.610050959e-06
8.607371874e-06
8.604395074e-06
8.601694893e-06
8.599745187e-06
8.598899277e-06
8.599395171e-06
8.601371568e-06
8.604881047e-06
8.609829529e-06
8.61608652e-06
8.623511097e-06
8.631970633e-06
8.641349128e-06
8.651545524e-06
8.662466367e-06
8.674018042e-06
8.686101924e-06
8.698613218e-06
8.711442588e-06
8.724479247e-06
8.737614404e-06
8.750744462e-06
8.763773679e-06
8.77661615e-06
8.789196796e-06
8.801451218e-06
8.813323315e-06
8.824769382e-06
8.835759908e-06
8.846276797e-06
8.856311222e-06
8.865861779e-06
8.874932871e-06
8.883533318e-06
8.891675245e-06
8.899373851e-06
8.906646168e-06
8.913510328e-06
8.919985164e-06
8.926089805e-06
8.93184337e-06
8.937264726e-06
8.942372289e-06
8.947183789e-06
8.951716143e-06
8.955985196e-06
8.96000521e-06
8.963787741e-06
8.967338891e-06
8.970652001e-06
8.973687897e-06
8.976319041e-06
8.978171655e-06
)
;

boundaryField
{
    outlet
    {
        type            inletOutlet;
        inletValue      uniform 0;
        value           nonuniform List<scalar> 10(8.978639564e-06 8.97961532e-06 8.980972657e-06 8.982578648e-06 8.984283918e-06 8.98593109e-06 8.987364717e-06 8.988440869e-06 8.989033987e-06 8.978171655e-06);
    }
    inlet
    {
        type            fixedValue;
        value           uniform 0;
    }
    front
    {
        type            wedge;
    }
    wall
    {
        type            zeroGradient;
    }
    back
    {
        type            wedge;
    }
}


// ************************************************************************* //
