/*--------------------------------*- C++ -*----------------------------------*\
| =========                 |                                                 |
| \\      /  F ield         | OpenFOAM: The Open Source CFD Toolbox           |
|  \\    /   O peration     | Version:  2212                                  |
|   \\  /    A nd           | Website:  www.openfoam.com                      |
|    \\/     M anipulation  |                                                 |
\*---------------------------------------------------------------------------*/
FoamFile
{
    version     2.0;
    format      ascii;
    arch        "LSB;label=32;scalar=64";
    class       volScalarField;
    location    "18.25000000";
    object      CH3COCH3;
}
// * * * * * * * * * * * * * * * * * * * * * * * * * * * * * * * * * * * * * //

dimensions      [0 0 0 0 0 0 0];

internalField   nonuniform List<scalar> 
3000
(
0.01368422948
0.01368422948
0.01368422948
0.01368422948
0.01368422948
0.01368422948
0.01368422948
0.01368422948
0.01368422948
0.01368422948
0.01368422948
0.01368422948
0.01368422948
0.01368422948
0.01368422948
0.01368422948
0.01368422948
0.01368422948
0.01368422948
0.01368422948
0.01368422948
0.01368422948
0.01368422948
0.01368422948
0.01368422948
0.01368422948
0.01368422948
0.01368422948
0.01368422948
0.01368422948
0.01368422948
0.01368422948
0.01368422948
0.01368422948
0.01368422948
0.01368422948
0.01368422948
0.01368422948
0.01368422948
0.01368422948
0.01368422948
0.01368422948
0.01368422948
0.01368422948
0.01368422948
0.01368422948
0.01368422948
0.01368422948
0.01368422948
0.01368422948
0.01368422948
0.01368422948
0.01368422948
0.01368422948
0.01368422948
0.01368422948
0.01368422948
0.01368422948
0.01368422948
0.01368422948
0.01368422948
0.01368422948
0.01368422948
0.01368422948
0.01368422948
0.01368422948
0.01368422948
0.01368422948
0.01368422948
0.01368422948
0.01368422948
0.01368422948
0.01368422948
0.01368422948
0.01368422948
0.01368422948
0.01368422948
0.01368422948
0.01368422948
0.01368422948
0.01368422948
0.01368422948
0.01368422948
0.01368422948
0.01368422948
0.01368422948
0.01368422948
0.01368422948
0.01368422948
0.01368422948
0.01368422948
0.01368422948
0.01368422948
0.01368422948
0.01368422948
0.01368422948
0.01368422948
0.01368422948
0.01368422948
0.01368422948
0.01368422948
0.01368422948
0.01368422948
0.01368422948
0.01368422948
0.01368422948
0.01368422948
0.01368422948
0.01368422948
0.01368422948
0.01368422948
0.01368422948
0.01368422948
0.01368422948
0.01368422948
0.01368422948
0.01368422948
0.01368422948
0.01368422948
0.01368422948
0.01368422948
0.01368422948
0.01368422948
0.01368422948
0.01368422948
0.01368422948
0.01368422948
0.01368422948
0.01368422948
0.01368422948
0.01368422948
0.01368422948
0.01368422948
0.01368422948
0.01368422948
0.01368422948
0.01368422948
0.01368422948
0.01368422948
0.01368422948
0.01368422948
0.01368422948
0.01368422948
0.01368422948
0.01368422948
0.01368422948
0.01368422948
0.01368422948
0.01368422948
0.01368422948
0.01368422948
0.01368422948
0.01368422948
0.01368422948
0.01368422948
0.01368422948
0.01368422948
0.01368422948
0.01368422948
0.01368422948
0.01368422948
0.01368422948
0.01368422948
0.01368422948
0.01368422948
0.01368422948
0.01368422948
0.01368422948
0.01368422948
0.01368422948
0.01368422948
0.01368422948
0.01368422948
0.01368422948
0.01368422948
0.01368422948
0.01368422948
0.01368422948
0.01368422948
0.01368422948
0.01368422948
0.01368422948
0.01368422948
0.01368422948
0.01368422948
0.01368422948
0.01368422948
0.01368422948
0.01368422948
0.01368422948
0.01368422948
0.01368422948
0.01368422948
0.01368422948
0.01368422948
0.01368422948
0.01368422948
0.01368422948
0.01368422948
0.01368422948
0.01368422948
0.01368422948
0.01368422948
0.01368422948
0.01368422948
0.01368422948
0.01368422948
0.01368422948
0.01368422948
0.01368422948
0.01368422948
0.01368422948
0.01368422948
0.01368422948
0.01368422948
0.01368422948
0.01368422948
0.01368422948
0.01368422948
0.01368422948
0.01368422948
0.01368422948
0.01368422948
0.01368422948
0.01368422948
0.01368422948
0.01368422948
0.01368422948
0.01368422948
0.01368422948
0.01368422948
0.01368422948
0.01368422948
0.01368422948
0.01368422948
0.01368422948
0.01368422948
0.01368422948
0.01368422948
0.01368422948
0.01368422948
0.01368422948
0.01368422948
0.01368422948
0.01368422948
0.01368422948
0.01368422948
0.01368422948
0.01368422948
0.01368422948
0.01368422948
0.01368422948
0.01368422948
0.01368422948
0.01368422948
0.01368422948
0.01368422948
0.01368422948
0.01368422948
0.01368422948
0.01368422948
0.01368422948
0.01368422948
0.01368422948
0.01368422948
0.01368422948
0.01368422948
0.01368422948
0.01368422947
0.01368422947
0.01368422948
0.01368422948
0.01368422948
0.01368422948
0.01368422948
0.01368422947
0.01368422947
0.01368422947
0.01368422947
0.01368422948
0.01368422948
0.01368422948
0.01368422947
0.01368422947
0.01368422947
0.01368422947
0.01368422947
0.01368422947
0.01368422948
0.01368422947
0.01368422947
0.01368422947
0.01368422947
0.01368422947
0.01368422947
0.01368422947
0.01368422947
0.01368422947
0.01368422947
0.01368422947
0.01368422947
0.01368422947
0.01368422947
0.01368422947
0.01368422946
0.01368422946
0.01368422947
0.01368422947
0.01368422947
0.01368422947
0.01368422947
0.01368422946
0.01368422946
0.01368422946
0.01368422945
0.01368422947
0.01368422947
0.01368422947
0.01368422946
0.01368422946
0.01368422945
0.01368422945
0.01368422944
0.01368422944
0.01368422947
0.01368422946
0.01368422946
0.01368422946
0.01368422945
0.01368422944
0.01368422943
0.01368422942
0.01368422941
0.01368422946
0.01368422946
0.01368422945
0.01368422944
0.01368422943
0.01368422941
0.0136842294
0.01368422938
0.01368422937
0.01368422945
0.01368422944
0.01368422943
0.01368422942
0.0136842294
0.01368422937
0.01368422934
0.01368422932
0.0136842293
0.01368422943
0.01368422942
0.0136842294
0.01368422938
0.01368422934
0.0136842293
0.01368422926
0.01368422922
0.01368422919
0.0136842294
0.01368422938
0.01368422935
0.01368422931
0.01368422926
0.01368422919
0.01368422912
0.01368422906
0.01368422901
0.01368422935
0.01368422932
0.01368422927
0.0136842292
0.01368422911
0.01368422901
0.0136842289
0.01368422879
0.01368422873
0.01368422926
0.01368422922
0.01368422914
0.01368422903
0.01368422888
0.01368422872
0.01368422854
0.01368422838
0.01368422828
0.01368422913
0.01368422905
0.01368422892
0.01368422874
0.01368422852
0.01368422825
0.01368422798
0.01368422773
0.01368422758
0.0136842289
0.01368422877
0.01368422857
0.01368422829
0.01368422793
0.01368422752
0.0136842271
0.01368422672
0.01368422649
0.01368422853
0.01368422833
0.01368422801
0.01368422757
0.01368422702
0.01368422639
0.01368422574
0.01368422517
0.01368422482
0.01368422793
0.01368422761
0.01368422712
0.01368422644
0.01368422559
0.01368422463
0.01368422365
0.0136842228
0.01368422227
0.01368422698
0.01368422649
0.01368422572
0.01368422468
0.01368422339
0.01368422194
0.01368422047
0.01368421921
0.01368421843
0.01368422548
0.01368422472
0.01368422355
0.01368422197
0.01368422003
0.01368421786
0.01368421568
0.01368421381
0.01368421267
0.01368422312
0.01368422197
0.01368422019
0.01368421782
0.01368421493
0.01368421171
0.01368420849
0.01368420576
0.01368420409
0.01368421945
0.01368421771
0.01368421506
0.01368421152
0.01368420725
0.01368420252
0.01368419782
0.01368419384
0.01368419142
0.01368421379
0.0136842112
0.01368420726
0.01368420205
0.01368419578
0.01368418888
0.01368418206
0.01368417632
0.01368417282
0.01368420514
0.01368420132
0.01368419553
0.01368418791
0.01368417878
0.01368416879
0.01368415896
0.01368415071
0.0136841457
0.01368419203
0.01368418644
0.013684178
0.01368416694
0.01368415376
0.0136841394
0.01368412532
0.01368411352
0.01368410638
0.01368417233
0.01368416422
0.01368415203
0.01368413611
0.0136841172
0.01368409668
0.01368407663
0.01368405986
0.01368404972
0.01368414301
0.01368413133
0.01368411384
0.01368409108
0.01368406416
0.01368403501
0.0136840066
0.01368398289
0.01368396858
0.0136840997
0.01368408303
0.01368405813
0.01368402582
0.01368398771
0.01368394658
0.01368390657
0.01368387322
0.01368385312
0.01368403628
0.01368401267
0.01368397746
0.0136839319
0.01368387831
0.01368382061
0.0136837646
0.01368371801
0.01368368995
0.01368394417
0.01368391093
0.0136838615
0.01368379769
0.01368372283
0.01368364241
0.01368356453
0.01368349985
0.01368346095
0.01368381143
0.01368376499
0.01368369604
0.01368360727
0.01368350339
0.01368339206
0.0136832845
0.01368319534
0.01368314179
0.01368362163
0.01368355719
0.0136834617
0.01368333905
0.01368319587
0.01368304283
0.01368289527
0.01368277319
0.01368269996
0.01368335237
0.01368326359
0.01368313227
0.01368296399
0.01368276803
0.01368255905
0.01368235798
0.01368219187
0.01368209234
0.01368297348
0.01368285203
0.01368267273
0.01368244345
0.01368217707
0.01368189359
0.01368162131
0.01368139667
0.01368126216
0.0136824447
0.01368227976
0.01368203666
0.01368172641
0.01368136668
0.01368098456
0.01368061809
0.01368031605
0.01368013533
0.01368171295
0.01368149051
0.01368116316
0.01368074611
0.0136802634
0.01367975145
0.0136792611
0.01367885735
0.01367861589
0.01368070884
0.0136804109
0.013679973
0.01367941598
0.01367877226
0.01367809051
0.01367743827
0.01367690166
0.01367658089
0.01367934259
0.01367894618
0.01367836422
0.01367762497
0.01367677187
0.0136758695
0.01367500709
0.01367429805
0.01367387435
0.01367749936
0.01367697543
0.01367620709
0.01367523232
0.01367410885
0.01367292187
0.01367178849
0.01367085725
0.01367030092
0.01367503409
0.01367434632
0.0136733387
0.01367206186
0.01367059197
0.01366904064
0.01366756059
0.01366634519
0.01366561926
0.01367176613
0.01367086961
0.01366955737
0.01366789634
0.0136659863
0.01366397245
0.01366205264
0.01366047691
0.01365953596
0.01366747381
0.01366631375
0.01366461722
0.01366247203
0.0136600079
0.01365741237
0.01365493992
0.01365291162
0.0136517007
0.01366188958
0.01366040003
0.01365822356
0.01365547434
0.01365231976
0.01364900018
0.01364584051
0.01364324984
0.01364170359
0.01365469598
0.01365279898
0.01365002954
0.01364653501
0.01364252962
0.01363831903
0.01363431468
0.01363103346
0.01362907576
0.01364552342
0.01364312837
0.01363963496
0.01363523173
0.01363019068
0.01362489722
0.01361986785
0.01361574976
0.01361329393
0.01363394991
0.0136309537
0.01362658753
0.01362109067
0.01361480548
0.01360821368
0.0136019576
0.01359683962
0.01359378945
0.01361950369
0.01361579148
0.01361038736
0.01360359232
0.01359583347
0.0135877073
0.01358000471
0.01357371006
0.01356996163
0.01360166864
0.01359711561
0.01359049458
0.01358218077
0.01357270209
0.01356278986
0.01355340779
0.01354575018
0.01354119452
0.01357989287
0.0135743668
0.01356634006
0.01355627596
0.01354482065
0.0135328616
0.01352156037
0.01351234934
0.01350687568
0.01355359993
0.01354696464
0.01353733853
0.01352528809
0.01351159618
0.01349732833
0.01348386888
0.01347291574
0.01346641464
0.01352220224
0.01351432158
0.01350290348
0.01348863345
0.01347245004
0.01345561862
0.01343977034
0.01342689385
0.01341926001
0.01348511576
0.01347585798
0.01346246256
0.01344575015
0.01342683397
0.01340720018
0.01338874866
0.01337378189
0.01336492196
0.01344177502
0.01343101717
0.01341547258
0.0133961131
0.01337424461
0.01335159345
0.01333034866
0.01331314919
0.01330298324
0.01339164762
0.0133792797
0.01336143327
0.01333924662
0.01331423513
0.01328838413
0.01326419123
0.01324464338
0.01323310747
0.01333424715
0.01332017548
0.01329989859
0.01327473497
0.01324642761
0.01321723641
0.01318997766
0.01316799587
0.01315504382
0.01326914391
0.01325329383
0.01323048664
0.01320223632
0.01317052445
0.01313789577
0.01310749346
0.01308302427
0.01306862864
0.01319597766
0.01317829965
0.01315289789
0.01312149143
0.0130863105
0.01305019198
0.01301660971
0.01298963237
0.0129737847
0.013114475
0.01309494321
0.01306691597
0.01303232488
0.01299365533
0.01295403988
0.01291728239
0.01288780847
0.01287051887
0.01302444838
0.01300306075
0.01297241076
0.01293464726
0.0128925139
0.01284943857
0.01280955035
0.01277762235
0.01275891859
0.0129257992
0.01290257701
0.01286933972
0.01282845536
0.01278292547
0.01273646919
0.01269353204
0.01265922123
0.01263914741
0.01281851891
0.01279350559
0.01275774748
0.01271383073
0.01266501113
0.01261529142
0.0125694212
0.0125328249
0.0125114398
0.01270268802
0.01267594753
0.01263776358
0.0125909366
0.01253896988
0.01248613883
0.01243748159
0.01239872001
0.01237609522
0.01257847313
0.01255008785
0.0125095985
0.01246001333
0.01240507344
0.01234931316
0.0122980409
0.0122572537
0.01223347163
0.01244612216
0.01241619049
0.01237353819
0.01232137244
0.01226365996
0.01220517766
0.01215148383
0.01210882653
0.01208397834
0.01230595789
0.01227459168
0.0122299372
0.01217538957
0.01211512667
0.0120541497
0.0119982446
0.01195388506
0.01192806858
0.01215837033
0.01212569218
0.01207921079
0.01202249644
0.01195992192
0.01189669274
0.01183879906
0.01179291392
0.01176623169
0.01200380796
0.01196994853
0.01192182626
0.01186317229
0.01179853665
0.01173330801
0.01167365651
0.01162642789
0.01159898524
0.01184276834
0.01180786377
0.01175829376
0.01169793486
0.01163149565
0.01156452604
0.01150335153
0.01145496397
0.0114268673
0.01167578849
0.01163997792
0.01158915696
0.01152733139
0.0114593489
0.01139089834
0.011328436
0.01127907364
0.01125042884
0.0115034351
0.01146685842
0.01141498384
0.01135192968
0.01128266301
0.01121298932
0.01114947146
0.01109931556
0.01107022665
0.01132629511
0.01128909089
0.01123635775
0.01117230961
0.01110201324
0.01103136873
0.01096702188
0.01091624873
0.01088681664
0.01114496668
0.01110727041
0.01105386899
0.01098905518
0.01091797597
0.01084660461
0.01078164718
0.01073042627
0.01070074788
0.01096005086
0.01092199337
0.01086810713
0.01080274722
0.01073112193
0.01065925702
0.01059389729
0.01054238987
0.0105125572
0.01077214394
0.01073385019
0.01067965404
0.01061395688
0.01054201013
0.01046987246
0.010404307
0.01035266495
0.01032276455
0.01058183078
0.01054341883
0.01048907772
0.01042323992
0.01035118268
0.01027897907
0.01021339161
0.01016175659
0.01013186909
0.01038967898
0.01035125919
0.01029692716
0.01023113191
0.01015916033
0.01008708263
0.01002164323
0.009970146144
0.009940345958
0.01019623392
0.01015790845
0.01010372785
0.01003814419
0.009966438868
0.009894663347
0.009829527935
0.009778288587
0.009748643759
0.01000201481
0.009963877284
0.009909978399
0.009844760742
0.009773486326
0.009702173355
0.009637483513
0.009586610531
0.009557182698
0.009807511557
0.009769646881
0.009716147738
0.009651435739
0.00958074086
0.009510034907
0.009445917943
0.009395508854
0.009366353315
0.009613182412
0.009575666822
0.009522673243
0.009458591905
0.009388609339
0.009318639211
0.009255208422
0.009205349897
0.009176515763
0.00941945245
0.009382353642
0.009329959472
0.009266619467
0.009197466541
0.009128345824
0.00906570094
0.009016469165
0.008987999581
0.009226712667
0.009190090055
0.009138377554
0.009075875718
0.009007654881
0.008939482557
0.008877710314
0.008829171463
0.008801103884
0.009035319693
0.008999224762
0.008948265108
0.008886685072
0.008819484615
0.008752345793
0.008691520628
0.008643731405
0.008616097912
0.008845596023
0.008810072745
0.008759926633
0.008699339567
0.008633234441
0.008567201193
0.008507385995
0.008460394236
0.008433221884
0.00865783068
0.008622915985
0.008573634297
0.008514099714
0.008449152421
0.008384284674
0.008325531604
0.00827937691
0.00825268809
0.008472280241
0.008438004517
0.008389629027
0.008331195647
0.008267457177
0.008203803647
0.008146154968
0.008100869362
0.008074682171
0.00828917015
0.008255557762
0.008208121871
0.0081508285
0.008088339285
0.00802593842
0.007969427349
0.007925035924
0.007899364539
0.008108696244
0.008075766064
0.008029295539
0.007973171953
0.007911962823
0.007850843745
0.007795495288
0.007752016856
0.007726871899
0.007931026452
0.007898792376
0.007853306079
0.007798373899
0.007738467018
0.007678650442
0.007624482211
0.00758192993
0.007557318825
0.007756302588
0.007724774048
0.007680284649
0.007626558183
0.007567967957
0.007509467077
0.007456490074
0.007414872053
0.007390799363
0.007584642214
0.007553824667
0.00751033932
0.007457826377
0.007400560321
0.007343381656
0.007291601023
0.007250920888
0.00722738864
0.00741614052
0.007386035909
0.007343556907
0.007292259563
0.007236319114
0.007180463307
0.007129879022
0.007090136456
0.007067144443
0.007250872196
0.00722147939
0.007180004765
0.007129920079
0.007075301368
0.007020763923
0.006971371457
0.0069325627
0.006910108761
0.007088893264
0.007060208461
0.007019732549
0.006970853232
0.006917547785
0.006864319761
0.006816110683
0.006778228989
0.006756309271
0.00693024285
0.006902259951
0.006862773912
0.00681508894
0.006763084336
0.006711152971
0.0066641155
0.006627151563
0.006605760758
0.006774944888
0.006747655839
0.006709148131
0.006662643301
0.006611923759
0.006561273052
0.006515392562
0.006479334899
0.006458466459
0.006623009725
0.006596404829
0.006558861636
0.006513520076
0.006464066998
0.006414678223
0.0063699377
0.006334772998
0.006314419333
0.006474435644
0.006448503837
0.006411909459
0.006367712085
0.006319504534
0.00627135671
0.006227737161
0.00619345059
0.006173603243
0.006329210281
0.006303939383
0.006268276579
0.0062252025
0.006178217636
0.006131287945
0.00608876876
0.006055344252
0.006035994058
0.006187311938
0.006162688876
0.006127939172
0.006085966053
0.006040179513
0.005994443668
0.005953002954
0.005920423448
0.005901560672
0.006048710795
0.006024721798
0.00599086576
0.005949970142
0.005905356381
0.005860788956
0.005820403813
0.00578865148
0.005770265942
0.005913370027
0.005890000798
0.005857018271
0.005817175849
0.005773708434
0.005730283149
0.005690929929
0.005659986359
0.005642067542
0.005781246816
0.005758482683
0.005726352993
0.005687538864
0.005645190735
0.005602880707
0.005564535232
0.005534381602
0.005516918751
0.005652293273
0.005630119317
0.005598821458
0.00556101033
0.005519754021
0.00547853198
0.005441169732
0.005411786957
0.005394769155
0.00552645727
0.005504858438
0.00547437122
0.005437537596
0.005397345432
0.005357183908
0.005320780193
0.005292149046
0.005275565295
0.005403683189
0.005382644389
0.005352946574
0.005317064906
0.005277909164
0.005238780649
0.005203310739
0.005175411964
0.005159251237
0.00528391259
0.005263418772
0.005234489187
0.005199534008
0.00516138706
0.005123264139
0.005088703393
0.005061517794
0.005045769095
0.005167084815
0.005147121039
0.005118938664
0.005084884699
0.00504771913
0.0050105746
0.004976898561
0.004950407082
0.004935059489
0.005053137512
0.005033689003
0.005006233056
0.004973055315
0.004936844015
0.004900650981
0.004867835464
0.004842019253
0.004827061954
0.004942007109
0.004923059306
0.004896309304
0.004863983157
0.004828699411
0.004793431359
0.004761452518
0.004736292982
0.004721715308
0.004833629207
0.004815167802
0.004789103617
0.004757604861
0.004723222409
0.004688853278
0.004657687668
0.00463316652
0.00461895797
0.00472793896
0.004709949923
0.004684551823
0.004653856727
0.004620349823
0.004586854054
0.004556478678
0.004532577969
0.004518728234
0.004624871379
0.004607340989
0.004582589668
0.004552675015
0.004520018466
0.004487371045
0.004457763386
0.004434465539
0.004420964515
0.004524361615
0.004507276472
0.004483153079
0.004453996195
0.004422165391
0.004390341878
0.00436147993
0.004338767758
0.004325605561
0.004426345186
0.004409692227
0.004386178383
0.004357757156
0.004326728095
0.004295704646
0.004267566934
0.00424542366
0.004232590637
0.004330758179
0.004314524687
0.004291602495
0.004263895393
0.004233644696
0.004203398083
0.004175963678
0.004154372943
0.004141859678
0.004237537417
0.004221711025
0.004199363081
0.00417234916
0.004142854083
0.0041133617
0.004086610229
0.004065556105
0.004053353424
0.004146620604
0.004131189299
0.004109398694
0.004083057603
0.004054296042
0.004025535913
0.003999447565
0.003978914554
0.00396701353
0.004057946444
0.004042898566
0.004021648888
0.003995960869
0.003967911358
0.003939862138
0.003914417663
0.003894390705
0.003882782656
0.003971454735
0.003956778977
0.003936054306
0.003911000194
0.003883641904
0.003856282877
0.003831463588
0.003811928054
0.003800604547
0.003887086454
0.003872771856
0.00385255676
0.003828117973
0.003801430708
0.003774741781
0.003750529547
0.003731471241
0.003720424085
0.003804783811
0.003790819756
0.003771099288
0.003747257822
0.003721222012
0.003695183708
0.003671560946
0.003652966095
0.003642187345
0.003724490305
0.003710866516
0.003691626202
0.003668364623
0.003642961308
0.003617554753
0.003594504422
0.003576359675
0.003565841623
0.003646150761
0.003632857293
0.003614083121
0.003591384549
0.00356659537
0.003541802282
0.003519307874
0.003501600292
0.003491335467
0.003569711351
0.003556738579
0.003538416993
0.003516265091
0.003492072275
0.003467874957
0.003445920481
0.003428637531
0.003418618693
0.003495119606
0.003482458223
0.003464576108
0.00344295507
0.003419341419
0.003395722738
0.003374292715
0.003357422256
0.003347642393
0.00342232443
0.003409965434
0.003392510107
0.003371404642
0.003348353517
0.003325296893
0.003304376339
0.003287906619
0.003278358938
0.003351276096
0.003339210784
0.003322169978
0.003301565298
0.003279060603
0.003256549996
0.00323612441
0.003220044052
0.003210721977
0.003281926241
0.003270146198
0.003253508053
0.003233389859
0.003211416025
0.003189435917
0.003169491267
0.003153789261
0.003144686427
0.003214227856
0.003202724947
0.003186477998
0.003166832462
0.003145374432
0.003123909814
0.003104432524
0.003089098214
0.003080208458
0.003148135269
0.003136901631
0.003121034793
0.003101848545
0.00308089176
0.003059928112
0.003040905051
0.003025928126
0.003017245485
0.003083604129
0.003072632161
0.003057134718
0.00303839483
0.003017925212
0.002997448492
0.002978866954
0.00296423744
0.002955756142
0.003020591382
0.003009873737
0.002994735328
0.002976429304
0.002956433236
0.002936429864
0.002918277561
0.002903985806
0.002895700266
0.002959055247
0.002948584823
0.002933795433
0.002915911188
0.002896375505
0.002876832346
0.002859097391
0.002845134057
0.002837038872
0.002898955194
0.002888725124
0.002874275071
0.002856800921
0.002837712891
0.002818617243
0.002801288135
0.002787644189
0.00277973413
0.00284025191
0.002830255556
0.002816135478
0.002799060126
0.002780407438
0.002761747013
0.00274481263
0.002731479332
0.00272374934
0.002782907277
0.002773138221
0.002759339067
0.002742651588
0.002724422334
0.002706185249
0.002689634831
0.002676603726
0.002669048904
0.002726884339
0.002717336376
0.002703849393
0.002687539223
0.002669721888
0.002651896648
0.002635719787
0.002622982694
0.002615598305
0.002672147275
0.002662814405
0.00264963113
0.002633688052
0.002616271498
0.002598846987
0.002583033612
0.002570582616
0.002563364077
0.00261866137
0.002609537792
0.00259665004
0.002581064174
0.00256403763
0.002547003091
0.002531543462
0.002519370906
0.002512313783
0.002566392989
0.002557473091
0.002544872948
0.002529634737
0.002512987783
0.002496332815
0.00248121751
0.002469315985
0.002462415987
0.002515309543
0.002506587901
0.002494267712
0.002479367915
0.002463090476
0.002446805017
0.002432024921
0.002420387263
0.002413640239
0.002465379473
0.002456850839
0.002444803203
0.002430232885
0.002414315216
0.002398389536
0.002383935834
0.002372555112
0.002365957048
0.002416572217
0.002408231521
0.002396449282
0.002382199802
0.002366632482
0.002351057174
0.002336921343
0.002325790857
0.002319337871
0.002368858199
0.002360700538
0.00234917678
0.002335239787
0.00232001371
0.00230477968
0.002290953484
0.002280066758
0.002273755099
0.002322208805
0.002314229442
0.002302957482
0.002289324909
0.002274431278
0.002259529744
0.002246005227
0.002235356005
0.002229182051
0.002276596376
0.002268790739
0.002257764126
0.002244428183
0.002229858507
0.002215280991
0.002202050475
0.002191632723
0.002185592978
0.002231994205
0.00222435788
0.002213570391
0.002200523567
0.002186269658
0.002172007989
0.002159064074
0.002148871976
0.002142963074
0.002188376537
0.002180905275
0.002170350915
0.002157585977
0.002143639953
0.002129686264
0.002117021832
0.002107049796
0.002101268499
0.002145718589
0.002138408304
0.002128081312
0.002115591308
0.002101945598
0.00208829234
0.002075900558
0.002066143222
0.002060486427
0.002103996579
0.002096843352
0.002086738205
0.002074516477
0.002061163831
0.00204780378
0.002035678119
0.002026130357
0.002020595101
0.002063187772
0.002056187861
0.002046299287
0.002034339483
0.002021272993
0.002008199269
0.001996333516
0.001986990459
0.00198157393
0.002023270555
0.002016420404
0.0020067434
0.001995039494
0.001982252615
0.001969458711
0.001957846998
0.001948704054
0.0019434036
0.001984224528
0.001977520787
0.001968050637
0.001956596964
0.00194408355
0.001931563368
0.001920200206
0.001911253088
0.001906066242
0.001946030636
0.001939470177
0.001930202491
0.001918993782
0.001906748135
0.001894496033
0.001883376362
0.001874621128
0.001869545626
0.001908671334
0.001902251284
0.001893182035
0.001882213472
0.001870230395
0.001858241255
0.001847360501
0.001838793604
0.001833827415
0.001872130791
0.001865848565
0.001856974141
0.001846241423
0.001834516303
0.001822785605
0.001812139756
0.001803758106
0.001798899472
0.001836395141
0.00183024849
0.001821565762
0.001811065184
0.001799594082
0.001788118002
0.001777703703
0.001769504741
0.00176475222
0.001801452786
0.001795439848
0.001786946248
0.001776674801
0.001765454562
0.001754230092
0.001744044749
0.001736026541
0.001731379064
0.001767294742
0.001761414108
0.001753107718
0.001743063207
0.001732091592
0.001721116671
0.001711158587
0.001703319924
0.001698776855
0.001733915031
0.001728165819
0.001720045482
0.001710226653
0.001699502489
0.001688776163
0.001679044678
0.001671385197
0.001666946404
0.001701311118
0.001695693052
0.001687758489
0.001678165182
0.001667688526
0.001657211116
0.001647706769
0.001640227083
0.001635893016
0.001669484361
0.001663997869
0.001656249807
0.001646883112
0.001636655432
0.001626428715
0.001617153414
0.00160985525
0.001605627021
0.001638440492
0.00163308679
0.001625527101
0.001616389522
0.001606413879
0.00159644128
0.001587398475
0.001580284809
0.001576164276
0.001608190062
0.001602971257
0.001595603084
0.001586698707
0.001576979933
0.001567266701
0.001558461549
0.001551536741
0.001547526581
0.001578748855
0.001573668028
0.001566495917
0.001557830555
0.001548375418
0.00153892879
0.001530368301
0.001523638206
0.001519741984
0.001550138216
0.001545199499
0.001538229501
0.001529810819
0.001520628152
0.00151145748
0.001503150626
0.001496622678
0.001492844891
0.001522385255
0.001517593884
0.001510833625
0.001502671222
0.001493772006
0.001484888827
0.0014768466
0.001470529849
0.001466875947
0.001495522871
0.001490885209
0.001484343921
0.001476449352
0.001467846727
0.00145926476
0.001451500151
0.001445405239
0.001441881602
0.001469589573
0.001465113087
0.001458801563
0.001451188285
0.001442897472
0.001434632519
0.001427160406
0.001421299462
0.001417913332
0.001444629025
0.001440322214
0.001434252697
0.001426935902
0.001418974
0.001411043722
0.001403880654
0.001398267094
0.001395026453
0.001420689273
0.001416561528
0.001410747505
0.001403743853
0.001396129515
0.001388553072
0.001381716897
0.001376365126
0.001373278503
0.001397821628
0.001393883027
0.001388338916
0.001381666134
0.001374419097
0.001367216636
0.001360726007
0.001355650989
0.001352727201
0.001376079193
0.001372340215
0.001367080945
0.001360757292
0.001353897753
0.001347089743
0.001340963472
0.001336180189
0.001333428014
0.001355515037
0.001351986197
0.001347026682
0.001341070275
0.001334618121
0.001328224538
0.001322480813
0.00131800362
0.001315431397
0.001336180039
0.001332871459
0.001328225963
0.001322653993
0.001316627896
0.001310667279
0.001305322763
0.001301164649
0.001298779838
0.001318120483
0.001315041397
0.001310722831
0.001305550672
0.00129996709
0.001294455502
0.001289524364
0.001285696152
0.001283504855
0.001301375494
0.00129853372
0.001294552874
0.001289793146
0.001284665278
0.001279615229
0.001275108136
0.001271617679
0.001269624162
0.00128597444
0.00128337584
0.001279740619
0.001275402251
0.001270738993
0.001266158392
0.001262081553
0.001258932973
0.001257139224
0.001271934472
0.001269582437
0.001266297133
0.001262384488
0.00125818949
0.001254080712
0.001250435037
0.001247628075
0.001246033428
0.001259258369
0.001257153371
0.001254218042
0.001250730183
0.001247001072
0.001243360212
0.001240140676
0.001237670219
0.0012362711
0.001247932881
0.001246072131
0.001243482136
0.0012404123
0.001237140161
0.001233956573
0.001231151859
0.001229007706
0.001227797524
0.001237927732
0.001236304978
0.001234050732
0.001231386086
0.001228555264
0.001225811449
0.001223403928
0.001221570845
0.001220540056
0.001229195422
0.001227800936
0.001225867916
0.001223589637
0.00122117791
0.001218849797
0.001216815884
0.001215273964
0.001214410331
0.001221671923
0.001220492669
0.001218861712
0.001216945411
0.001214924562
0.001212982191
0.001211293075
0.001210018406
0.001209307427
0.001215278271
0.001214298279
0.00121294615
0.001211362642
0.001209699401
0.001208107975
0.001206730692
0.001205696279
0.001205121772
0.001209922999
0.001209123914
0.001208024125
0.001206740496
0.001205397791
0.00120411904
0.001203017794
0.001202194678
0.001201739467
0.001205505258
0.001204867032
0.00120399086
0.001202971748
0.001201910182
0.001200903908
0.001200041548
0.001199400016
0.001199046659
0.001201918407
0.001201420084
0.001200737699
0.001199946694
0.001199126114
0.001198351804
0.00119769132
0.001197202104
0.001196933593
0.001199053813
0.001198674335
0.001198155949
0.001197556994
0.00119693803
0.001196356396
0.001195862304
0.001195497658
0.00119529804
0.001196804554
0.001196523533
0.001196140478
0.001195699155
0.001195244593
0.001194818902
0.00119445841
0.00119419299
0.001194047847
0.001195068764
0.00119486715
0.001194592803
0.001194277405
0.001193953297
0.00119365041
0.001193394282
0.001193205754
0.001193102522
0.00119375239
0.001193612993
0.001193423474
0.001193205795
0.001192982239
0.001192773292
0.001192596363
0.00119246574
0.001192393857
0.001192771201
0.001192679041
0.001192553663
0.001192409468
0.001192261027
0.001192121742
0.001192003105
0.0011919148
0.001191865697
0.001192051988
0.001191994459
0.00119191592
0.001191825103
0.001191730885
0.001191641549
0.001191564428
0.001191506085
0.001191473042
0.001191532976
0.001191499844
0.001191454181
0.001191400651
0.001191344101
0.001191289264
0.001191240663
0.001191202814
0.001191180703
0.001191163541
0.001191146802
0.001191123163
0.001191094512
0.001191062989
0.001191030977
0.00119100118
0.001190976825
0.001190962
0.001190903378
0.001190897018
0.001190887293
0.001190874327
0.001190858558
0.001190840897
0.001190823039
0.001190807414
0.001190797385
0.001190721297
0.001190720987
0.001190719378
0.001190715556
0.001190709063
0.001190700066
0.001190689571
0.00119067941
0.001190672424
0.001190593814
0.001190596588
0.001190599181
0.001190600251
0.00119059885
0.001190594746
0.001190588504
0.001190581661
0.00119057662
0.001190503926
0.00119050797
0.00119051236
0.001190515633
0.001190516641
0.001190514987
0.00119051109
0.001190506219
0.001190502417
0.001190439795
0.001190444006
0.001190448724
0.001190452534
0.001190454359
0.001190453768
0.001190451083
0.001190447377
0.001190444379
0.001190393033
0.001190396831
0.00119040111
0.001190404621
0.001190406425
0.001190406139
0.001190404038
0.001190401034
0.001190398581
0.001190358058
0.001190361194
0.001190364705
0.001190367548
0.001190368952
0.001190368612
0.001190366778
0.001190364224
0.001190362164
0.001190331158
0.001190333583
0.001190336257
0.001190338345
0.001190339238
0.001190338718
0.001190337014
0.001190334781
0.001190333023
0.001190309906
0.001190311681
0.001190313588
0.001190314979
0.001190315395
0.001190314688
0.001190313071
0.001190311094
0.001190309582
0.001190292727
0.00119029396
0.00119029523
0.001190296049
0.00119029608
0.001190295233
0.001190293704
0.00119029195
0.001190290648
0.001190278595
0.001190279404
0.001190280182
0.001190280568
0.001190280322
0.001190279398
0.001190277972
0.001190276423
0.001190275303
0.001190266831
0.001190267325
0.001190267743
0.001190267825
0.001190267402
0.001190266458
0.00119026515
0.001190263792
0.001190262833
0.001190256967
0.001190257238
0.001190257408
0.00119025729
0.001190256771
0.001190255854
0.001190254675
0.001190253494
0.001190252676
0.001190248666
0.001190248787
0.001190248796
0.00119024856
0.001190248005
0.001190247146
0.0011902461
0.001190245082
0.001190244388
0.001190241675
0.001190241699
0.001190241611
0.001190241317
0.001190240768
0.001190239986
0.001190239071
0.001190238199
0.001190237613
0.00119023579
0.001190235757
0.001190235617
0.001190235304
0.001190234788
0.001190234092
0.001190233301
0.001190232559
0.001190232064
0.001190230843
0.00119023078
0.001190230619
0.001190230314
0.001190229846
0.001190229237
0.001190228559
0.001190227929
0.001190227512
0.001190226694
0.001190226619
0.001190226456
0.001190226174
0.001190225761
0.001190225236
0.001190224658
0.001190224128
0.001190223781
0.001190223222
0.001190223146
0.001190222994
0.001190222742
0.001190222384
0.001190221935
0.00119022145
0.001190221011
0.001190220724
0.001190220323
0.001190220252
0.001190220116
0.001190219897
0.001190219591
0.001190219216
0.001190218815
0.001190218454
0.00119021822
0.001190217907
0.001190217844
0.001190217725
0.00119021754
0.001190217286
0.001190216979
0.001190216652
0.001190216358
0.001190216168
0.001190215894
0.001190215841
0.001190215744
0.001190215593
0.001190215389
0.001190215141
0.001190214878
0.00119021464
0.001190214485
0.001190214224
0.001190214183
0.001190214108
0.00119021399
0.001190213829
0.001190213633
0.001190213422
0.001190213231
0.001190213105
0.001190212846
0.001190212817
0.001190212762
0.001190212674
0.00119021255
0.001190212396
0.00119021223
0.001190212077
0.001190211976
0.001190211714
0.001190211695
0.001190211658
0.001190211594
0.001190211501
0.001190211383
0.001190211253
0.001190211133
0.001190211053
0.001190210787
0.001190210777
0.001190210754
0.001190210711
0.001190210644
0.001190210556
0.001190210456
0.001190210363
0.001190210299
0.00119021003
0.001190210028
0.001190210017
0.00119020999
0.001190209944
0.001190209881
0.001190209807
0.001190209735
0.001190209686
0.001190209414
0.001190209418
0.001190209416
0.001190209403
0.001190209375
0.001190209332
0.001190209279
0.001190209226
0.001190209188
0.001190208914
0.001190208923
0.00119020893
0.001190208928
0.001190208915
0.001190208888
0.001190208852
0.001190208813
0.001190208785
0.001190208512
0.001190208525
0.001190208538
0.001190208545
0.001190208543
0.00119020853
0.001190208507
0.00119020848
0.00119020846
0.00119020819
0.001190208206
0.001190208224
0.001190208239
0.001190208246
0.001190208243
0.001190208231
0.001190208213
0.001190208199
0.001190207935
0.001190207953
0.001190207975
0.001190207995
0.001190208009
0.001190208014
0.00119020801
0.001190208
0.00119020799
0.001190207735
0.001190207754
0.001190207779
0.001190207803
0.001190207821
0.001190207833
0.001190207835
0.001190207831
0.001190207825
0.001190207579
0.0011902076
0.001190207626
0.001190207652
0.001190207675
0.001190207691
0.001190207698
0.001190207699
0.001190207696
0.001190207461
0.001190207482
0.001190207509
0.001190207537
0.001190207562
0.001190207581
0.001190207592
0.001190207596
0.001190207595
0.001190207372
0.001190207393
0.00119020742
0.001190207449
0.001190207476
0.001190207497
0.001190207511
0.001190207517
0.001190207518
0.001190207308
0.001190207328
0.001190207356
0.001190207385
0.001190207412
0.001190207435
0.00119020745
0.001190207457
0.001190207459
0.001190207263
0.001190207283
0.00119020731
0.001190207339
0.001190207366
0.001190207389
0.001190207404
0.001190207413
0.001190207416
0.001190207234
0.001190207254
0.001190207279
0.001190207307
0.001190207334
0.001190207356
0.001190207372
0.00119020738
0.001190207383
0.001190207218
0.001190207236
0.001190207261
0.001190207287
0.001190207313
0.001190207334
0.001190207348
0.001190207357
0.00119020736
0.001190207211
0.001190207228
0.001190207251
0.001190207276
0.001190207299
0.001190207319
0.001190207332
0.00119020734
0.001190207343
0.001190207212
0.001190207228
0.001190207248
0.001190207271
0.001190207292
0.001190207309
0.001190207321
0.001190207328
0.001190207331
0.001190207218
0.001190207232
0.00119020725
0.00119020727
0.001190207289
0.001190207304
0.001190207315
0.001190207321
0.001190207323
0.001190207227
0.001190207239
0.001190207256
0.001190207273
0.001190207289
0.001190207302
0.001190207311
0.001190207316
0.001190207318
0.001190207238
0.001190207249
0.001190207263
0.001190207277
0.001190207291
0.001190207302
0.001190207309
0.001190207314
0.001190207316
0.00119020725
0.001190207259
0.00119020727
0.001190207283
0.001190207294
0.001190207303
0.001190207309
0.001190207313
0.001190207315
0.001190207262
0.001190207269
0.001190207278
0.001190207288
0.001190207297
0.001190207305
0.00119020731
0.001190207313
0.001190207315
0.001190207273
0.001190207278
0.001190207286
0.001190207294
0.001190207301
0.001190207308
0.001190207312
0.001190207315
0.001190207316
0.001190207283
0.001190207287
0.001190207293
0.0011902073
0.001190207306
0.00119020731
0.001190207314
0.001190207316
0.001190207317
0.001190207291
0.001190207295
0.0011902073
0.001190207305
0.00119020731
0.001190207314
0.001190207317
0.001190207318
0.001190207319
0.001190207299
0.001190207302
0.001190207306
0.00119020731
0.001190207314
0.001190207317
0.001190207319
0.001190207321
0.001190207321
0.001190207306
0.001190207308
0.001190207311
0.001190207314
0.001190207317
0.00119020732
0.001190207322
0.001190207323
0.001190207324
0.001190207312
0.001190207314
0.001190207316
0.001190207318
0.001190207321
0.001190207323
0.001190207324
0.001190207325
0.001190207326
0.001190207317
0.001190207318
0.00119020732
0.001190207322
0.001190207324
0.001190207325
0.001190207327
0.001190207328
0.001190207328
0.001190207321
0.001190207322
0.001190207324
0.001190207325
0.001190207327
0.001190207328
0.001190207329
0.00119020733
0.00119020733
0.001190207325
0.001190207326
0.001190207327
0.001190207328
0.001190207329
0.00119020733
0.001190207331
0.001190207332
0.001190207332
0.001190207329
0.001190207329
0.00119020733
0.001190207331
0.001190207332
0.001190207333
0.001190207333
0.001190207334
0.001190207334
0.001190207332
0.001190207332
0.001190207333
0.001190207333
0.001190207334
0.001190207335
0.001190207335
0.001190207336
0.001190207336
0.001190207334
0.001190207335
0.001190207335
0.001190207336
0.001190207336
0.001190207337
0.001190207337
0.001190207337
0.001190207338
0.001190207336
0.001190207337
0.001190207337
0.001190207337
0.001190207338
0.001190207338
0.001190207339
0.001190207339
0.001190207339
0.001190207339
0.001190207339
0.001190207339
0.001190207339
0.00119020734
0.00119020734
0.00119020734
0.001190207341
0.001190207341
0.00119020734
0.00119020734
0.001190207341
0.001190207341
0.001190207341
0.001190207341
0.001190207342
0.001190207342
0.001190207342
0.001190207342
0.001190207342
0.001190207342
0.001190207342
0.001190207343
0.001190207343
0.001190207343
0.001190207343
0.001190207343
0.001190207343
0.001190207343
0.001190207343
0.001190207344
0.001190207344
0.001190207344
0.001190207344
0.001190207344
0.001190207345
0.001190207345
0.001190207345
0.001190207345
0.001190207345
0.001190207345
0.001190207345
0.001190207345
0.001190207346
0.001190207346
0.001190207346
0.001190207346
0.001190207346
0.001190207346
0.001190207346
0.001190207346
0.001190207346
0.001190207347
0.001190207347
0.001190207347
0.001190207347
0.001190207347
0.001190207347
0.001190207347
0.001190207347
0.001190207347
0.001190207348
0.001190207348
0.001190207348
0.001190207348
0.001190207348
0.001190207348
0.001190207348
0.001190207348
0.001190207348
0.001190207349
0.001190207349
0.001190207349
0.001190207349
0.001190207349
0.001190207349
0.001190207349
0.001190207349
0.001190207349
0.001190207349
0.00119020735
0.001190207349
0.00119020735
0.00119020735
0.00119020735
0.00119020735
0.00119020735
0.00119020735
0.00119020735
0.00119020735
0.00119020735
0.00119020735
0.00119020735
0.00119020735
0.001190207351
0.001190207351
0.001190207351
0.001190207351
0.001190207351
0.001190207351
0.001190207351
0.001190207351
0.001190207351
0.001190207351
0.001190207351
0.001190207351
0.001190207352
0.001190207352
0.001190207352
0.001190207352
0.001190207352
0.001190207352
0.001190207352
0.001190207352
0.001190207352
0.001190207352
0.001190207352
0.001190207352
0.001190207352
0.001190207352
0.001190207352
0.001190207352
0.001190207352
0.001190207352
0.001190207352
0.001190207352
0.01368422948
0.01368422948
0.01368422948
0.01368422948
0.01368422948
0.01368422948
0.01368422948
0.01368422948
0.01368422948
0.01368422948
0.01368422948
0.01368422948
0.01368422948
0.01368422948
0.01368422948
0.01368422948
0.01368422948
0.01368422948
0.01368422948
0.01368422948
0.01368422948
0.01368422948
0.01368422948
0.01368422948
0.01368422948
0.01368422948
0.01368422948
0.01368422948
0.01368422948
0.01368422948
0.01368422948
0.01368422948
0.01368422948
0.01368422947
0.01368422947
0.01368422947
0.01368422947
0.01368422946
0.01368422945
0.01368422944
0.01368422941
0.01368422936
0.01368422929
0.01368422916
0.01368422895
0.01368422862
0.01368422808
0.01368422721
0.01368422582
0.01368422364
0.01368422024
0.01368421497
0.01368420688
0.01368419458
0.01368417605
0.01368414836
0.01368410736
0.01368404716
0.0136839595
0.01368383287
0.01368365141
0.01368339346
0.01368302975
0.0136825212
0.01368181621
0.01368084726
0.01367952689
0.01367774309
0.01367535422
0.01367218366
0.01366801438
0.01366258403
0.01365558086
0.01364664121
0.01363534907
0.01362123822
0.0136037974
0.01358247831
0.01355670656
0.01352589474
0.0134894569
0.01344682361
0.0133974565
0.0133408616
0.0132766004
0.01320430086
0.01312367831
0.01303453387
0.01293675782
0.012830331
0.01271532407
0.01259189477
0.01246028327
0.01232080584
0.01217384724
0.01201985197
0.0118593149
0.01169277148
0.01152078797
0.01134395184
0.01116286264
0.01097812355
0.01079033363
0.01060008101
0.01040793688
0.01021445054
0.01002014526
0.009825515066
0.009631022371
0.009437096321
0.009244131869
0.009052489439
0.008862495124
0.008674441322
0.008488587749
0.008305162734
0.008124364757
0.007946364132
0.007771304821
0.007599306296
0.007430465436
0.007264858412
0.007102542529
0.00694355802
0.006787929757
0.006635668883
0.006486774338
0.006341234295
0.006199027485
0.006060124429
0.005924488554
0.005792077223
0.005662842667
0.005536732824
0.005413692094
0.005293662021
0.005176581893
0.005062389281
0.004951020508
0.00484241106
0.004736495952
0.004633210052
0.004532488355
0.004434266219
0.004338479567
0.004245065053
0.004153960213
0.004065103582
0.00397843479
0.003893894647
0.0038114252
0.003730969786
0.003652473073
0.003575881076
0.003501141177
0.003428202135
0.003357014078
0.003287528507
0.003219698279
0.003153477593
0.003088821972
0.003025688242
0.002964034507
0.00290382012
0.002845005662
0.00278755291
0.002731424806
0.002676585432
0.002622999978
0.002570634718
0.002519456975
0.002469435104
0.002420538461
0.002372737389
0.002326003195
0.002280308143
0.002235625449
0.00219192928
0.002149194777
0.002107398076
0.002066516362
0.002026527932
0.001987412289
0.001949150274
0.001911724221
0.001875118163
0.001839318078
0.001804312184
0.001770091286
0.001736649159
0.001703982979
0.001672093779
0.001640986914
0.00161067252
0.001581165921
0.001552487967
0.001524665244
0.00149773012
0.001471720579
0.001446679794
0.00142265538
0.001399698317
0.001377861508
0.001357197988
0.001337758808
0.001319590654
0.001302733302
0.001287217025
0.001273060127
0.001260266753
0.001248825187
0.001238706785
0.0012298657
0.001222239478
0.001215750566
0.001210308652
0.001205813721
0.0012021596
0.001199237738
0.001196940929
0.001195166702
0.001193820142
0.001192815981
0.001192079889
0.001191548961
0.001191171504
0.001190906256
0.001190721212
0.001190592229
0.001190501738
0.001190437544
0.001190391009
0.001190356382
0.001190329852
0.00119030894
0.001190292045
0.001190278137
0.00119026654
0.001190256795
0.001190248577
0.001190241639
0.001190235786
0.001190230859
0.001190226719
0.00119022325
0.00119022035
0.001190217932
0.001190215915
0.00119021424
0.001190212857
0.00119021172
0.001190210789
0.001190210029
0.00119020941
0.001190208909
0.001190208504
0.001190208181
0.001190207925
0.001190207724
0.001190207569
0.00119020745
0.001190207361
0.001190207297
0.001190207253
0.001190207224
0.001190207209
0.001190207203
0.001190207204
0.001190207211
0.001190207221
0.001190207233
0.001190207245
0.001190207258
0.00119020727
0.00119020728
0.001190207289
0.001190207298
0.001190207305
0.001190207311
0.001190207316
0.001190207321
0.001190207325
0.001190207328
0.001190207331
0.001190207334
0.001190207336
0.001190207338
0.00119020734
0.001190207342
0.001190207343
0.001190207345
0.001190207346
0.001190207347
0.001190207348
0.001190207349
0.001190207349
0.00119020735
0.001190207351
0.001190207352
0.001190207352
)
;

boundaryField
{
    outlet
    {
        type            inletOutlet;
        inletValue      uniform 0.01368422948;
        value           nonuniform List<scalar> 10(0.001190207352 0.001190207352 0.001190207352 0.001190207352 0.001190207352 0.001190207352 0.001190207352 0.001190207352 0.001190207352 0.001190207352);
    }
    inlet
    {
        type            fixedValue;
        value           uniform 0.01368422948;
    }
    front
    {
        type            wedge;
    }
    wall
    {
        type            zeroGradient;
    }
    back
    {
        type            wedge;
    }
}


// ************************************************************************* //
