/*--------------------------------*- C++ -*----------------------------------*\
| =========                 |                                                 |
| \\      /  F ield         | OpenFOAM: The Open Source CFD Toolbox           |
|  \\    /   O peration     | Version:  2212                                  |
|   \\  /    A nd           | Website:  www.openfoam.com                      |
|    \\/     M anipulation  |                                                 |
\*---------------------------------------------------------------------------*/
FoamFile
{
    version     2.0;
    format      ascii;
    arch        "LSB;label=32;scalar=64";
    class       volScalarField;
    location    "20.00000000";
    object      C6H6;
}
// * * * * * * * * * * * * * * * * * * * * * * * * * * * * * * * * * * * * * //

dimensions      [0 0 0 0 0 0 0];

internalField   nonuniform List<scalar> 
3000
(
1.087998559e-28
1.349260345e-28
1.766829918e-28
2.365429745e-28
3.170388115e-28
4.190755975e-28
5.386981128e-28
6.616264511e-28
7.553280345e-28
4.584786201e-28
5.727434277e-28
7.553424237e-28
1.01759658e-27
1.373112088e-27
1.835505592e-27
2.41341631e-27
3.09695477e-27
3.767593554e-27
1.181448678e-27
1.494557471e-27
2.000156581e-27
2.740322055e-27
3.775340212e-27
5.184104791e-27
7.047981347e-27
9.377560515e-27
1.1664621e-26
2.581539479e-27
3.318903977e-27
4.532786595e-27
6.363472678e-27
9.024278395e-27
1.280500955e-26
1.800640163e-26
2.460622687e-26
3.083420904e-26
5.250252259e-27
6.884793626e-27
9.641253937e-27
1.393227732e-26
2.039184784e-26
2.987151165e-26
4.315021234e-26
5.977751629e-26
7.469841955e-26
1.034233502e-26
1.386049941e-26
1.994279229e-26
2.969344735e-26
4.480139322e-26
6.744901246e-26
9.933222972e-26
1.384108144e-25
1.718708351e-25
2.017214344e-26
2.764310986e-26
4.085789762e-26
6.25794582e-26
9.698357229e-26
1.49234748e-25
2.226941873e-25
3.107581042e-25
3.816041096e-25
3.937982169e-26
5.512213299e-26
8.352001492e-26
1.311458419e-25
2.078036908e-25
3.251889807e-25
4.900668772e-25
6.869992903e-25
8.521792511e-25
7.734626866e-26
1.103596109e-25
1.708660383e-25
2.738808165e-25
4.414381246e-25
6.98771559e-25
1.058070042e-24
1.480605271e-24
1.823327492e-24
1.530929298e-25
2.220888966e-25
3.501384956e-25
5.70599387e-25
9.31679148e-25
1.486705428e-24
2.25754741e-24
3.155062894e-24
3.874608111e-24
3.053388705e-25
4.49180891e-25
7.187670123e-25
1.186792881e-24
1.956963355e-24
3.140873728e-24
4.77814645e-24
6.671121971e-24
8.177443992e-24
6.130595959e-25
9.123437594e-25
1.47756866e-24
2.46501571e-24
4.095271479e-24
6.600575078e-24
1.005349537e-23
1.402472907e-23
1.716743097e-23
1.237632593e-24
1.859296226e-24
3.040413847e-24
5.113633469e-24
8.544431823e-24
1.381444607e-23
2.105808925e-23
2.935560746e-23
3.589466738e-23
2.509220876e-24
3.798633499e-24
6.259979091e-24
1.059611053e-23
1.778368583e-23
2.881941955e-23
4.395507894e-23
6.12385425e-23
7.481510922e-23
5.103991934e-24
7.774999257e-24
1.289266283e-23
2.193384473e-23
3.693920844e-23
5.996847153e-23
9.149828882e-23
1.274133343e-22
1.555534337e-22
1.040780014e-23
1.593466625e-23
2.655564538e-23
4.536093838e-23
7.660108461e-23
1.245283529e-22
1.900539022e-22
2.645448312e-22
3.227896927e-22
2.126283452e-23
3.268828133e-23
5.46970151e-23
9.37339609e-23
1.586314014e-22
2.581615726e-22
3.940810578e-22
5.483480221e-22
6.687676152e-22
4.350089547e-23
6.710134218e-23
1.12650572e-22
1.935556974e-22
3.281347165e-22
5.344731404e-22
8.159819527e-22
1.135065408e-21
1.383799675e-21
8.909264659e-23
1.378089326e-22
2.319799491e-22
3.994384483e-22
6.781165377e-22
1.105278681e-21
1.687586847e-21
2.346880448e-21
2.86022421e-21
1.826166258e-22
2.831198358e-22
4.776462998e-22
8.238777409e-22
1.400258102e-21
2.283521415e-21
3.486730417e-21
4.847683079e-21
5.906275839e-21
3.745474293e-22
5.817873295e-22
9.833225663e-22
1.698523393e-21
2.889421969e-21
4.713917626e-21
7.197674706e-21
1.000456876e-20
1.218582711e-20
7.685476489e-22
1.195698016e-21
2.024012118e-21
3.500212017e-21
5.958620851e-21
9.723891489e-21
1.48464333e-20
2.063051284e-20
2.512134342e-20
1.577501824e-21
2.457571169e-21
4.165303195e-21
7.210053246e-21
1.22808892e-20
2.004465509e-20
3.060003882e-20
4.250830948e-20
5.174560292e-20
3.238502806e-21
5.051033801e-21
8.569960242e-21
1.484566775e-20
2.529671657e-20
4.129106653e-20
6.302072318e-20
8.751273726e-20
1.064924693e-19
6.648600254e-21
1.038002139e-20
1.762705921e-20
3.05533589e-20
5.207551758e-20
8.49950021e-20
1.296808673e-19
1.799942473e-19
2.189398106e-19
1.364747135e-20
2.132540858e-20
3.624079732e-20
6.284493999e-20
1.071258361e-19
1.74809216e-19
2.665899796e-19
3.697987311e-19
4.49580714e-19
2.800441043e-20
4.379307739e-20
7.446792469e-20
1.291736229e-19
2.201820345e-19
3.5916509e-19
5.473936432e-19
7.587340902e-19
9.218346739e-19
5.743226689e-20
8.987418892e-20
1.529020276e-19
2.652706719e-19
4.520744368e-19
7.370250349e-19
1.122342178e-18
1.554158402e-18
1.886736361e-18
1.176860717e-19
1.842790146e-19
3.136332024e-19
5.441342201e-19
9.269578676e-19
1.510072082e-18
2.297053329e-18
3.176965599e-18
3.852975338e-18
2.40879306e-19
3.773957205e-19
6.424867511e-19
1.114519241e-18
1.897511559e-18
3.087992813e-18
4.690861105e-18
6.477919698e-18
7.846694365e-18
4.922952099e-19
7.716930935e-19
1.313961488e-18
2.278602683e-18
3.87618431e-18
6.299710077e-18
9.553234055e-18
1.31681194e-17
1.592674621e-17
1.004227316e-18
1.574868077e-18
2.68161289e-18
4.647897074e-18
7.897887626e-18
1.281447457e-17
1.93915372e-17
2.666883546e-17
3.219813397e-17
2.043768499e-18
3.20628258e-18
5.458840611e-18
9.454373266e-18
1.604230384e-17
2.597513013e-17
3.920634221e-17
5.377444097e-17
6.478675499e-17
4.147872475e-18
6.508900175e-18
1.107826919e-17
1.916709125e-17
3.246458785e-17
5.243327126e-17
7.890004572e-17
1.078743737e-16
1.296478697e-16
8.390850452e-18
1.316860903e-17
2.240120519e-17
3.870504525e-17
6.541223477e-17
1.053283066e-16
1.579259352e-16
2.151288899e-16
2.578297914e-16
1.69107705e-17
2.653811315e-17
4.510755294e-17
7.780274576e-17
1.311352622e-16
2.10405724e-16
3.141640281e-16
4.261710237e-16
5.091652182e-16
3.393828844e-17
5.324365849e-17
9.039645669e-17
1.555822864e-16
2.61391401e-16
4.176643043e-16
6.206707577e-16
8.380136414e-16
9.977640051e-16
6.779310389e-17
1.062936666e-16
1.801877142e-16
3.093043307e-16
5.176985867e-16
8.232750907e-16
1.216907091e-15
1.634555229e-15
1.938891379e-15
1.347294515e-16
2.110434782e-16
3.570471819e-16
6.109466241e-16
1.018099751e-15
1.610341956e-15
2.366243928e-15
3.160542043e-15
3.734102771e-15
2.66287044e-16
4.16542451e-16
7.029448524e-16
1.198278727e-15
1.986848502e-15
3.123785229e-15
4.560548385e-15
6.054954828e-15
7.123972668e-15
5.232350488e-16
8.169313936e-16
1.374356627e-15
2.332476627e-15
3.845572524e-15
6.006253108e-15
8.708080875e-15
1.148867612e-14
1.345885921e-14
1.021817941e-15
1.591434386e-15
2.667293232e-15
4.503774261e-15
7.378598939e-15
1.144186466e-14
1.64670811e-14
2.158309157e-14
2.517354705e-14
1.982774217e-15
3.078437666e-15
5.136563116e-15
8.623090443e-15
1.402935113e-14
2.158830675e-14
3.083133162e-14
4.013935584e-14
4.661051733e-14
3.822180688e-15
5.911490229e-15
9.812321649e-15
1.636586935e-14
2.642585622e-14
4.033442688e-14
5.714712919e-14
7.389599617e-14
8.543392808e-14
7.318515021e-15
1.126678578e-14
1.858941559e-14
3.078262246e-14
4.930261768e-14
7.461478843e-14
1.048620662e-13
1.346772985e-13
1.550362323e-13
1.391752568e-14
2.130959334e-14
3.492072611e-14
5.737221778e-14
9.11016784e-14
1.366687067e-13
1.905048691e-13
2.430318889e-13
2.786004403e-13
2.628431741e-14
3.999268896e-14
6.504048681e-14
1.059507549e-13
1.667273411e-13
2.478878848e-13
3.427205921e-13
4.343468398e-13
4.959054062e-13
4.929543381e-14
7.447237683e-14
1.201035688e-13
1.938766814e-13
3.022448159e-13
4.453163737e-13
6.107141863e-13
7.690482465e-13
8.746483244e-13
9.180785344e-14
1.375992477e-13
2.198949313e-13
3.515697688e-13
5.428305111e-13
7.925492582e-13
1.078311524e-12
1.349509149e-12
1.529165792e-12
1.6978888e-13
2.522643705e-13
3.992098718e-13
6.318814907e-13
9.661248877e-13
1.397881665e-12
1.887226813e-12
2.34790943e-12
2.65121311e-12
3.118109006e-13
4.589240846e-13
7.187440233e-13
1.125887974e-12
1.70450565e-12
2.44434022e-12
3.275339739e-12
4.051892692e-12
4.560307516e-12
5.68623288e-13
8.28529846e-13
1.283545631e-12
1.989324748e-12
2.982003133e-12
4.239082807e-12
5.639321566e-12
6.939014432e-12
7.785678929e-12
1.029699582e-12
1.484585127e-12
2.274067481e-12
3.486548361e-12
5.175117494e-12
7.294199437e-12
9.636562718e-12
1.179755099e-11
1.319908462e-11
1.851629897e-12
2.640518559e-12
3.998091564e-12
6.063194847e-12
8.912466357e-12
1.245813526e-11
1.635017292e-11
1.992158645e-11
2.222915265e-11
3.306471773e-12
4.662635105e-12
6.97710497e-12
1.046547022e-11
1.523597551e-11
2.112747839e-11
2.75547509e-11
3.34251459e-11
3.720609518e-11
5.862745486e-12
8.173640004e-12
1.208600908e-11
1.793195679e-11
2.586222409e-11
3.558898518e-11
4.614285357e-11
5.574426589e-11
6.19125151e-11
1.031878043e-11
1.422276523e-11
2.07826072e-11
3.050634037e-11
4.360046754e-11
5.956295598e-11
7.680186527e-11
9.243439132e-11
1.024584536e-10
1.802344995e-11
2.456364231e-11
3.547646072e-11
5.153444038e-11
7.301581486e-11
9.906269541e-11
1.270821012e-10
1.524275286e-10
1.686611173e-10
3.123372905e-11
4.210046058e-11
6.01162493e-11
8.645005968e-11
1.214709275e-10
1.637392498e-10
2.090648147e-10
2.499944783e-10
2.761990634e-10
5.368726e-11
7.159621743e-11
1.01113769e-10
1.440017142e-10
2.007428301e-10
2.689607516e-10
3.4193628e-10
4.07770902e-10
4.49934267e-10
9.150629301e-11
1.20781602e-10
1.687779675e-10
2.381420911e-10
3.294987808e-10
4.389839659e-10
5.559045764e-10
6.613563136e-10
7.289588099e-10
1.546033232e-10
2.020654913e-10
2.795079795e-10
3.908955025e-10
5.370308521e-10
7.117168163e-10
8.980629336e-10
1.066184808e-09
1.174126398e-09
2.58832137e-10
3.351319362e-10
4.590940542e-10
6.366398675e-10
8.687959554e-10
1.145746004e-09
1.441006109e-09
1.707590849e-09
1.879065715e-09
4.292248623e-10
5.508176782e-10
7.476027483e-10
1.02839078e-09
1.394486032e-09
1.830509143e-09
2.295235192e-09
2.715238544e-09
2.985924979e-09
7.047794765e-10
8.96801372e-10
1.206478943e-09
1.646854332e-09
2.219555946e-09
2.900713865e-09
3.626621934e-09
4.283322027e-09
4.707333921e-09
1.145415093e-09
1.445801193e-09
1.928679547e-09
2.613215243e-09
3.50135007e-09
4.556324357e-09
5.680414132e-09
6.698137737e-09
7.356245945e-09
1.841893407e-09
2.307167798e-09
3.052853915e-09
4.106832238e-09
5.471168325e-09
7.089613866e-09
8.813403599e-09
1.03747236e-08
1.138538229e-08
2.929708203e-09
3.642964883e-09
4.78278763e-09
6.389198255e-09
8.463762578e-09
1.092087306e-08
1.353589198e-08
1.590419352e-08
1.743787758e-08
4.608157604e-09
5.689831244e-09
7.413503039e-09
9.835652797e-09
1.295580825e-08
1.664431319e-08
2.056491598e-08
2.411310556e-08
2.641035966e-08
7.166012058e-09
8.78808688e-09
1.136552421e-08
1.497636111e-08
1.961479983e-08
2.508545247e-08
3.08897766e-08
3.613563742e-08
3.952904018e-08
1.101533935e-08
1.341964025e-08
1.722881847e-08
2.254794766e-08
2.935952029e-08
3.737077754e-08
4.585022167e-08
5.349848207e-08
5.843843391e-08
1.673509768e-08
2.025622305e-08
2.581776874e-08
3.355684046e-08
4.343269441e-08
5.500970819e-08
6.722666056e-08
7.821724721e-08
8.530110863e-08
2.5126002e-08
3.021926768e-08
3.823816237e-08
4.935481434e-08
6.34856456e-08
7.998788831e-08
9.734060639e-08
1.129018395e-07
1.229055095e-07
3.72778495e-08
4.455230332e-08
5.596657354e-08
7.172641523e-08
9.167377305e-08
1.148696605e-07
1.391622728e-07
1.608670051e-07
1.747775925e-07
5.464991653e-08
6.49060554e-08
8.094167286e-08
1.029869475e-07
1.307605434e-07
1.629064011e-07
1.964210884e-07
2.262431081e-07
2.452909832e-07
7.916420166e-08
9.343550684e-08
1.15665972e-07
1.460886118e-07
1.842265942e-07
2.28146384e-07
2.737140539e-07
3.140815893e-07
3.39769894e-07
1.133102311e-07
1.329070852e-07
1.633154073e-07
2.047313306e-07
2.563796488e-07
3.155411975e-07
3.766065455e-07
4.30449553e-07
4.645792479e-07
1.602589576e-07
1.868129966e-07
2.278531272e-07
2.834739612e-07
3.524604127e-07
4.310436086e-07
5.117204775e-07
5.825086217e-07
6.271974011e-07
2.2398212e-07
2.594886888e-07
3.141430282e-07
3.878411019e-07
4.787395551e-07
5.81692192e-07
6.868056315e-07
7.785744813e-07
8.36268347e-07
3.093724459e-07
3.562286423e-07
4.280581169e-07
5.244206447e-07
6.426013064e-07
7.756789429e-07
9.107912761e-07
1.028155133e-06
1.101632018e-06
4.223594374e-07
4.833952911e-07
5.765787266e-07
7.009475989e-07
8.526100046e-07
1.022397278e-06
1.193816642e-06
1.341967438e-06
1.434332887e-06
5.700152539e-07
6.485158977e-07
7.678759733e-07
9.263704237e-07
1.118556943e-06
1.332469039e-06
1.547240106e-06
1.731932797e-06
1.846608268e-06
7.6064544e-07
8.603626417e-07
1.011376509e-06
1.210896983e-06
1.451485861e-06
1.717750078e-06
1.983627739e-06
2.211153523e-06
2.351858647e-06
1.003859856e-06
1.12901192e-06
1.317805494e-06
1.566018145e-06
1.863696198e-06
2.191314423e-06
2.516721565e-06
2.793869539e-06
2.96459676e-06
1.310620065e-06
1.465879788e-06
1.699205628e-06
2.004507919e-06
2.368724056e-06
2.767417916e-06
3.16138935e-06
3.495398612e-06
3.700386723e-06
1.693260442e-06
1.883731428e-06
2.168930948e-06
2.540399616e-06
2.981301001e-06
3.461441975e-06
3.933557356e-06
4.332062437e-06
4.57576368e-06
2.165481343e-06
2.396663506e-06
2.741614825e-06
3.188938011e-06
3.717290776e-06
4.28981643e-06
4.850120942e-06
5.32109133e-06
5.608137609e-06
2.74231372e-06
3.020059182e-06
3.43311245e-06
3.966508314e-06
4.593605687e-06
5.269925714e-06
5.928843308e-06
6.480512502e-06
6.815672383e-06
3.440055542e-06
3.77051644e-06
4.260418695e-06
4.890542838e-06
5.628102444e-06
6.419993498e-06
7.188236018e-06
7.829030935e-06
8.217168628e-06
4.276181448e-06
4.665751377e-06
5.241563323e-06
5.979407483e-06
6.839460155e-06
7.758960708e-06
8.64742906e-06
9.385892718e-06
9.831928332e-06
5.269227889e-06
5.724478948e-06
6.395486761e-06
7.252273629e-06
8.247049891e-06
9.306346362e-06
1.032603267e-05
1.117075026e-05
1.167961822e-05
6.438656611e-06
6.966273459e-06
7.741896478e-06
8.728967691e-06
9.87078516e-06
1.108210153e-05
1.224398933e-05
1.320351737e-05
1.378012697e-05
7.804700251e-06
8.411412451e-06
9.301107978e-06
1.04298208e-05
1.173096742e-05
1.310645406e-05
1.442142695e-05
1.550422421e-05
1.615342178e-05
9.388186263e-06
1.008070422e-05
1.109388329e-05
1.237550242e-05
1.384812685e-05
1.53997555e-05
1.687850977e-05
1.809287269e-05
1.881940609e-05
1.121036821e-05
1.199531908e-05
1.314125602e-05
1.458685366e-05
1.624285754e-05
1.798232744e-05
1.963529155e-05
2.098929487e-05
2.179778097e-05
1.329273722e-05
1.417660508e-05
1.546435606e-05
1.708471366e-05
1.893566064e-05
2.0874312e-05
2.271157378e-05
2.421301705e-05
2.510791241e-05
1.565683618e-05
1.664590535e-05
1.808423019e-05
1.988975872e-05
2.194679136e-05
2.409552859e-05
2.612677095e-05
2.778313149e-05
2.87687066e-05
1.832406988e-05
1.942437555e-05
2.102167742e-05
2.30223464e-05
2.529611403e-05
2.766533935e-05
2.989978491e-05
3.171817737e-05
3.279849451e-05
2.131553082e-05
2.253282102e-05
2.429709283e-05
2.650236958e-05
2.900296722e-05
3.160252492e-05
3.404888979e-05
3.603603253e-05
3.721492735e-05
2.465184098e-05
2.59915431e-05
2.793032286e-05
3.034912242e-05
3.30860409e-05
3.592517212e-05
3.859162867e-05
4.07538168e-05
4.203488355e-05
2.835300499e-05
2.982019891e-05
3.194053403e-05
3.458117963e-05
3.756326659e-05
4.065057445e-05
4.354472286e-05
4.588780771e-05
4.727438794e-05
3.243827838e-05
3.403767595e-05
3.634609643e-05
3.92162901e-05
4.245172153e-05
4.5795146e-05
4.892399408e-05
5.145336878e-05
5.294854347e-05
3.692605203e-05
3.866198276e-05
4.116448268e-05
4.427128548e-05
4.776754701e-05
5.137434899e-05
5.474429976e-05
5.746489058e-05
5.907147535e-05
4.18337535e-05
4.371015599e-05
4.641218275e-05
4.976200383e-05
5.352588118e-05
5.740263498e-05
6.101948136e-05
6.393574424e-05
6.565628743e-05
4.717776538e-05
4.919818391e-05
5.210463459e-05
5.570322831e-05
5.974080581e-05
6.389339929e-05
6.776232518e-05
7.0878247e-05
7.271503039e-05
5.297336035e-05
5.514094616e-05
5.825617009e-05
6.210864027e-05
6.642530677e-05
7.085894817e-05
7.498453531e-05
7.830363936e-05
8.025868115e-05
5.923465222e-05
6.155216888e-05
6.487997574e-05
6.899078625e-05
7.359124734e-05
7.831047805e-05
8.269671775e-05
8.622207289e-05
8.829713282e-05
6.59745623e-05
6.844439458e-05
7.198806727e-05
7.636105787e-05
8.124935357e-05
8.625806598e-05
9.090837519e-05
9.464260818e-05
9.683919424e-05
7.32047998e-05
7.582896553e-05
7.959127698e-05
8.422968378e-05
8.940921082e-05
9.471067035e-05
9.962791128e-05
0.0001035732217
0.0001058925985
8.093585534e-05
8.371601967e-05
8.769925291e-05
9.260573249e-05
9.807927033e-05
0.000103676141
0.0001088626436
0.000113020821
0.0001154640192
8.917700611e-05
9.211449772e-05
9.632046862e-05
0.0001014971251
0.0001072668649
0.0001131612374
0.0001186188244
0.0001229912672
0.0001255590939
9.793633151e-05
0.0001010321603
0.0001054622422
0.0001109106565
0.0001169782323
0.0001231716547
0.0001289016679
0.0001334894033
0.0001361824535
0.000107220738
0.000110475614
0.0001151307639
0.0001208520245
0.0001272185462
0.0001337120553
0.0001397153835
0.0001445190888
0.0001473377568
0.000117035992
0.0001204503445
0.0001253311299
0.000131325865
0.0001379919519
0.000144786106
0.0001510632137
0.0001560832378
0.0001590277296
0.0001273867589
0.0001309607567
0.0001360673833
0.0001423357929
0.000149301608
0.0001563965202
0.0001629474762
0.0001681838616
0.0001712542068
0.0001382766486
0.0001420102196
0.0001473425585
0.0001538844471
0.0001611497315
0.0001685451024
0.0001753696089
0.0001808221136
0.000184018178
0.0001497082644
0.0001536011154
0.0001591587308
0.0001659735391
0.0001735376458
0.0001812327964
0.0001883302174
0.0001939983364
0.000197319834
0.0001616832558
0.0001657348919
0.0001715170676
0.0001786039042
0.0001864658311
0.0001944597346
0.0002018291239
0.0002077121107
0.0002111586158
0.0001742023739
0.0001784121172
0.0001844178825
0.0001917755541
0.0001999339764
0.0002082252891
0.0002158654177
0.0002219623047
0.0002255332634
0.000187265528
0.0001916325356
0.0001978606901
0.000205487731
0.0002139410317
0.0002225281234
0.000230437505
0.0002367471237
0.0002404418653
0.0002008718429
0.0002053951243
0.0002118442619
0.0002197389616
0.0002284852616
0.0002373662432
0.0002455431599
0.00025206416
0.0002558819077
0.0002150197169
0.00021969815
0.0002263666813
0.0002345271114
0.0002435642968
0.0002527370481
0.0002611795736
0.0002679104411
0.0002718503228
0.0002297068788
0.0002345392253
0.0002414253989
0.0002498494374
0.0002591751864
0.0002686373814
0.0002773434038
0.0002842824784
0.0002883435358
0.0002449304437
0.0002499153636
0.0002570172857
0.000265702641
0.0002753144482
0.0002850635788
0.0002940308219
0.000301176313
0.0003053575115
0.0002606869682
0.000265823033
0.0002731386859
0.000282082918
0.0002919781176
0.0003020115162
0.0003112375587
0.0003185875611
0.0003228877985
0.000276972503
0.0002822582079
0.000289785467
0.0002989860078
0.0003091617948
0.000319476655
0.0003289589494
0.000336511457
0.0003409295714
0.0002937826438
0.000299216419
0.0003069530686
0.00031640724
0.0003268606899
0.0003374540857
0.0003471899751
0.0003549428945
0.0003594776721
0.0003111125796
0.0003166928008
0.000324636548
0.0003343415792
0.0003450696661
0.0003559385693
0.000365925303
0.0003738764659
0.0003785266479
0.000328957139
0.0003346821365
0.0003428306245
0.0003527836672
0.0003637832801
0.0003749245767
0.000385159325
0.0003933064987
0.0003980707884
0.0003473108336
0.0003531789008
0.0003615297207
0.000371727863
0.0003829958209
0.0003944063255
0.0004048861926
0.0004132270912
0.0004181041592
0.0003661678985
0.0003721772997
0.0003807280008
0.00039116828
0.0004027013453
0.0004143778151
0.0004250998509
0.0004336321443
0.0004386206346
0.0003855223307
0.0003916713076
0.0004004194073
0.0004110988212
0.0004228937121
0.0004348328581
0.0004457940697
0.0004545153923
0.0004596139273
0.0004053679245
0.0004116547026
0.0004205976947
0.0004315132116
0.0004435666127
0.0004557651114
0.0004669624726
0.000475870431
0.000481077616
0.0004256983042
0.0004321210981
0.0004412564602
0.000452405028
0.0004647136007
0.0004771681034
0.0004885985636
0.0004976907439
0.0005030051711
0.0004465069545
0.0004530639723
0.0004623891728
0.0004737677272
0.0004863281179
0.0004990352596
0.0005106957519
0.0005199697259
0.0005253899785
0.000467787248
0.0004744766961
0.0004839891998
0.0004955946712
0.0005084035193
0.0005213599263
0.0005332473744
0.0005427007055
0.0005482253608
0.0004895324709
0.0004963525572
0.0005060498306
0.0005178791503
0.0005309330949
0.0005441353919
0.0005562467169
0.0005658769649
0.0005715045976
0.0005117358459
0.0005186847832
0.0005285642987
0.0005406144045
0.0005539100905
0.0005673549068
0.0005796870322
0.0005894917581
0.000595220943
0.0005343905532
0.0005414665616
0.000551525802
0.0005637936428
0.0005773277262
0.0005910117007
0.0006035615579
0.0006135383279
0.000619367642
0.0005574897493
0.000564691059
0.0005749275203
0.0005874100605
0.0006011792128
0.0006150989989
0.0006278635314
0.0006380099203
0.0006439379455
0.0005810265839
0.0005883514371
0.0005987626318
0.0006114568549
0.0006254577678
0.0006396100375
0.0006525862043
0.0006628997986
0.0006689251229
0.000604994214
0.0006124408665
0.0006230243259
0.0006359272372
0.0006501566254
0.0006645380736
0.0006777228538
0.0006882012547
0.0006943224741
0.000629385817
0.0006369525406
0.0006477058176
0.0006608144469
0.0006752690503
0.0006898763961
0.0007032667911
0.0007139076175
0.0007201233383
0.0006541946017
0.0006618796842
0.0006728003547
0.0006861117601
0.0007007883482
0.0007156183389
0.000729211374
0.0007400122635
0.0007463211028
0.0006794138259
0.0006872155715
0.000698301234
0.0007118125005
0.0007267078729
0.0007417572862
0.0007555500144
0.0007665086253
0.0007729092119
0.0007050368015
0.0007129535328
0.0007242018111
0.0007379100534
0.0007530210418
0.0007682866863
0.0007822761878
0.0007933902002
0.0007998811757
0.0007310569026
0.0007390869603
0.0007504955035
0.0007643978666
0.0007797213351
0.0007952000524
0.0008093834375
0.0008206505553
0.0008272305751
0.0007574675677
0.0007656093116
0.0007771757957
0.000791269457
0.0008068023045
0.0008224909704
0.0008368653808
0.0008482833324
0.0008549510663
0.0007842623092
0.0007925141185
0.0008042362469
0.0008185184166
0.0008342575777
0.0008501531037
0.0008647157131
0.0008762822525
0.0008830363852
0.0008114347175
0.0008197949913
0.0008316704952
0.0008461384169
0.0008620808626
0.0008781801964
0.0008929282117
0.0009046411192
0.0009114803505
0.0008389784657
0.000847445623
0.0008594722617
0.0008741232127
0.0008902659509
0.0009065660773
0.0009214967391
0.0009333538215
0.0009402768672
0.0008668873128
0.0008754597925
0.0008876353533
0.0009024666451
0.000918806721
0.000935304662
0.0009504152449
0.0009624143363
0.0009694199279
0.0008951551062
0.0009038313673
0.0009161536659
0.0009311626441
0.0009476971399
0.0009643899553
0.0009796777683
0.0009918167302
0.0009989036156
0.0009237757838
0.0009325543053
0.0009450211856
0.0009602052299
0.0009769312656
0.0009938160526
0.001009278439
0.001021555161
0.001028722104
0.0009527433758
0.0009616226564
0.0009742319903
0.0009895885144
0.001006503247
0.001023577141
0.00103921148
0.001051623877
0.001058869659
0.0009820520052
0.0009910305634
0.001003780251
0.001019306702
0.001036407326
0.0010536675
0.001069471203
0.001082017222
0.001089340638
0.001011695889
0.001020772262
0.00103366023
0.001049354091
0.001066637838
0.001084081501
0.001100052017
0.001112729628
0.001120129493
0.001041669336
0.001050842083
0.001063866287
0.001079725071
0.00109718921
0.001114813609
0.001130948419
0.001143755623
0.001151230766
0.001071966753
0.001081234449
0.001094392871
0.001110414126
0.001128055961
0.001145858382
0.001162155001
0.001175089825
0.001182639092
0.001102582636
0.001111943877
0.001125234525
0.001141415832
0.001159232704
0.001177210467
0.001193666446
0.001206726944
0.001214349197
0.001133511575
0.001142964975
0.001156385886
0.001172724856
0.001190714142
0.001208864605
0.001225477527
0.00123866178
0.001246355896
0.001164748252
0.001174292444
0.001187841678
0.001204335958
0.001222495069
0.001240815625
0.001257583105
0.001270889222
0.001278654094
0.001196287441
0.001205921075
0.00121959672
0.001236243984
0.001254570368
0.001273058446
0.001289978134
0.001303404247
0.001311238785
0.001228124003
0.001237845747
0.001251645916
0.001268443873
0.00128693501
0.001305588072
0.001322657649
0.00133620192
0.001344105049
0.001260252889
0.00127006143
0.00128398426
0.001300930647
0.001319584053
0.001338399597
0.001355616776
0.001369277389
0.001377248049
0.001292669136
0.001302563177
0.001316606831
0.001333699415
0.001352512638
0.001371488197
0.001388850722
0.001402625889
0.001410663033
0.001325367868
0.001335346129
0.001349508793
0.001366745373
0.001385715993
0.001404849131
0.001422354777
0.001436242732
0.001444345331
0.00135834429
0.001368405508
0.001382685393
0.001400063794
0.001419189425
0.001438477739
0.001456124311
0.001470123315
0.001478290352
0.001391593691
0.001401736619
0.001416131958
0.001433650035
0.001452928321
0.001472369441
0.001490154774
0.00150426311
0.001512493583
0.001425111437
0.001435334846
0.001449843895
0.00146749953
0.001486928146
0.001506519733
0.001524441691
0.001538657666
0.001546950585
0.001458892976
0.001469195649
0.001483816687
0.00150160779
0.001521184441
0.001540924186
0.00155898066
0.001573302602
0.001581656993
0.001492933828
0.001503314565
0.001518045892
0.0015359704
0.00155569282
0.001575578442
0.001593767351
0.00160819361
0.001616608509
0.001527229587
0.001537687204
0.00155252714
0.001570583012
0.001590448963
0.001610478211
0.001628797498
0.001643326444
0.001651800902
0.001561775918
0.001572309242
0.001587256128
0.001605441349
0.001625448618
0.001645619266
0.001664066898
0.001678696922
0.001687229997
0.00159656855
0.001607176423
0.001622228617
0.001640541194
0.001660687592
0.001680997437
0.001699571404
0.00171430091
0.001722891673
0.001631603274
0.00164228455
0.001657440426
0.001675878386
0.001696161745
0.001716608605
0.001735306912
0.001750134321
0.001758781848
0.001666875938
0.001677629479
0.001692887426
0.00171144881
0.00173186698
0.001752448689
0.001771269355
0.001786193095
0.00179489647
0.001702382433
0.001713207111
0.001728565528
0.001747248389
0.001767799229
0.001788513629
0.001807454681
0.001822473185
0.00183123149
0.001738118691
0.001749013379
0.001764470671
0.001783273066
0.001803954437
0.00182479937
0.00184385883
0.001858970526
0.001867782844
0.001774080659
0.001785044233
0.001800598798
0.00181951878
0.001840328534
0.001861301829
0.001880477706
0.001895681007
0.001904546407
0.001810264283
0.001821295609
0.001836945837
0.001855981438
0.001876917403
0.001898016857
0.001917307125
0.001932600415
0.001941517946
0.001846665476
0.001857763404
0.001873507656
0.001892656873
0.001913716829
0.001934940187
0.00195434276
0.001969724366
0.001978693044
0.001883280081
0.00189444343
0.001910280023
0.00192954079
0.001950722439
0.001972067353
0.001991580054
0.002007048222
0.002016067008
0.001920103815
0.001931331359
0.001947258536
0.001966628688
0.001987929613
0.0020093936
0.00202901411
0.002044566964
0.002053634743
0.001957132199
0.001968422639
0.001984438535
0.002003915766
0.002025333372
0.00204691375
0.00206663955
0.002082275039
0.002091390584
0.001994360462
0.002005712398
0.002021814993
0.002041396788
0.002062928231
0.002084622042
0.002104450332
0.002120166157
0.00212932809
0.002031783423
0.002043195311
0.002059382367
0.002079065926
0.002100708019
0.002122511919
0.002142439514
0.002158233047
0.002167439777
0.002069395336
0.002080865432
0.002097134416
0.002116916552
0.002138665639
0.002160575772
0.002180598972
0.002196467139
0.0022057168
0.002107189694
0.002118715993
0.002135063975
0.002154940981
0.002176792791
0.002198804619
0.002218919046
0.002234858192
0.002244148557
0.002145158997
0.002156739145
0.002173162675
0.00219313017
0.002215079624
0.002237187731
0.002257388131
0.002273393853
0.002282722228
0.002183294462
0.002194925655
0.002211420612
0.002231473343
0.002253514335
0.002275712178
0.00229599219
0.00231205914
0.002321422247
0.002221585687
0.00223326455
0.002249825964
0.002269957573
0.002292082694
0.002314362325
0.002334714202
0.002350835859
0.002360229692
0.002260020235
0.002271742682
0.002288364524
0.002308567294
0.002330767533
0.002353119261
0.002373533552
0.002389701958
0.002399121632
0.002298583192
0.002310344256
0.002327019197
0.002347283744
0.002369548137
0.002391960174
0.002412425378
0.002428630843
0.002438070413
0.002337256647
0.002349050299
0.002365769442
0.002386084374
0.00240839962
0.002430857674
0.002451359859
0.002467590659
0.002477042935
0.002376019135
0.002387838078
0.002404590666
0.00242494222
0.002447292267
0.002469779113
0.002490301513
0.002506543562
0.002515999913
0.002414845037
0.002426680492
0.002443453593
0.002463825246
0.002486190859
0.002508685898
0.002529208505
0.002545445023
0.002554895193
0.002453703958
0.002465545438
0.002482323624
0.002502695704
0.00252505403
0.002547532848
0.002568032009
0.002584243212
0.002593675127
0.002492560105
0.002504395192
0.002521160223
0.002541509521
0.00256383367
0.002586267622
0.002606715671
0.00262287848
0.002632278095
0.002531371688
0.002543185814
0.002559916338
0.002580215754
0.00260247442
0.00262483027
0.002645195208
0.002661283019
0.002670634187
0.002570090375
0.002581866636
0.002598537924
0.002618756159
0.00264091331
0.002663152938
0.002683398204
0.002699380725
0.002708665116
0.002608660839
0.002620379835
0.002636963576
0.002657064909
0.002679079565
0.002701159792
0.002721244138
0.002737087324
0.002746284406
0.002647020435
0.002658660167
0.00267512434
0.0026950685
0.002716894643
0.002738767188
0.002758644694
0.002774310804
0.002783397897
0.002685099042
0.002696634879
0.002712943718
0.00273268589
0.002754272529
0.002775884136
0.002795504391
0.002810952177
0.002819904594
0.00272281912
0.002734223835
0.002750337929
0.002769828914
0.002791120321
0.002812413081
0.00283172155
0.00284690661
0.002855697888
0.002760096002
0.002771339915
0.002787216433
0.002806402985
0.002827339143
0.002848251025
0.002867189615
0.002882064907
0.002890667143
0.002796838466
0.002807889688
0.00282348276
0.002842308111
0.002862825372
0.00288329098
0.002901798819
0.00291631534
0.002924699622
0.002832949596
0.002843774381
0.002859035645
0.002877440228
0.002897472195
0.002917423743
0.002935438164
0.002949545796
0.002957682728
0.002868327944
0.002878891161
0.002893770464
0.002911692834
0.00293117145
0.002950539955
0.002967997658
0.002981646156
0.002989506464
0.002902868996
0.002913134703
0.002927580957
0.002944958888
0.002963815717
0.002982532371
0.002999370758
0.003012510853
0.003020066057
0.002936466896
0.002946399015
0.002960361188
0.002977132927
0.002995300603
0.003013298289
0.003029456902
0.003042041488
0.003049264609
0.002969016415
0.00297857949
0.0029920077
0.003008113341
0.003025527114
0.003042742018
0.003058164051
0.003070149401
0.003077015683
0.003000415094
0.003009575101
0.003022421784
0.003037804704
0.003054404052
0.003070777301
0.003085411107
0.003096758074
0.00310324568
0.00303056549
0.003039290673
0.003051511773
0.00306612009
0.003081850314
0.003097329574
0.003111130109
0.003121805247
0.003127895902
0.003059377443
0.003067639145
0.003079195286
0.003092983258
0.003107796993
0.003122337953
0.003135268082
0.003145244643
0.00315092419
0.00308677028
0.003094543727
0.003105401302
0.003118330618
0.003132189193
0.003145756858
0.003157788461
0.003167047202
0.003172306035
0.003112674845
0.003119939853
0.00313007199
0.003142112881
0.003154987455
0.003167557185
0.003178672003
0.00318720177
0.003192035127
0.00313703528
0.003143776844
0.003153164194
0.003164296313
0.00317616873
0.003187726975
0.003197917146
0.003205715194
0.003210123284
0.003159810461
0.003166019201
0.003174650517
0.00318486354
0.003195726861
0.003206271542
0.003215539802
0.003222611836
0.003226599803
0.003180975032
0.003186647471
0.003194519932
0.003203813856
0.003213672539
0.003223213067
0.003231572607
0.003237932541
0.003241510252
0.003200519971
0.00320565863
0.003212777913
0.003221163019
0.00323003274
0.003238589676
0.003246063684
0.003251733158
0.003254914846
0.00321845267
0.003223065974
0.003229446048
0.003236942551
0.003244849674
0.003252454051
0.003259074973
0.003264082711
0.003266886629
0.003234796537
0.003238898533
0.003244561192
0.003251198561
0.003258179252
0.003264871537
0.003270680017
0.003275060973
0.003277508893
0.00324959014
0.003253200055
0.003258174226
0.003263990244
0.0032700893
0.00327591801
0.003280961306
0.00328475468
0.003286869613
0.00326288598
0.003266027645
0.00327034855
0.003275388244
0.003280657893
0.003285678475
0.003290009637
0.003293259131
0.003295069313
0.003274748911
0.003277450106
0.00328115829
0.003285472732
0.003289971301
0.003294244641
0.003297921124
0.003300675409
0.003302208341
0.003285254318
0.003287546035
0.003290686321
0.00329433133
0.003298121639
0.003301712439
0.00330479639
0.003307103517
0.003308387399
0.003294486129
0.003296401808
0.003299022207
0.003302056836
0.003305204579
0.003308181596
0.003310734154
0.003312642564
0.00331370547
0.003302534844
0.003304109464
0.003306259939
0.003308745024
0.003311319116
0.003313749459
0.003315831495
0.003317388827
0.003318258097
0.003309495173
0.003310763976
0.00331249577
0.003314494552
0.003316561545
0.003318511313
0.003320182087
0.00332143424
0.003322135965
0.003315464583
0.00331646526
0.003317828977
0.003319401215
0.003321025858
0.00332255877
0.003323874852
0.00332486521
0.003325423827
0.00332054322
0.003321310171
0.003322354471
0.003323557953
0.00332480213
0.003325978505
0.003326992924
0.003327761761
0.003328199753
0.003324826595
0.003325392958
0.003326164109
0.003327053559
0.003327975372
0.003328851319
0.003329612927
0.00333019699
0.003330534692
0.003328406982
0.003328803988
0.003329345288
0.003329971612
0.003330624676
0.003331251505
0.003331804552
0.003332236813
0.003332492309
0.00333137208
0.003331628626
0.003331979923
0.003332389674
0.003332822638
0.003333246494
0.0033336304
0.003333939953
0.003334129071
0.003333804007
0.003333946373
0.003334143731
0.003334378772
0.003334635043
0.003334896737
0.00333514604
0.003335358145
0.003335494509
0.003335778573
0.003335830257
0.003335905767
0.003336003113
0.003336120776
0.003336255803
0.003336400264
0.003336536488
0.003336631639
0.003337364827
0.003337346479
0.003337328211
0.003337320034
0.003337331936
0.00333737064
0.003337435467
0.003337513918
0.003337577474
0.003338624835
0.003338554283
0.003338466359
0.003338380128
0.003338314097
0.003338281962
0.003338288136
0.003338323755
0.003338363598
0.003339613678
0.00333950603
0.003339368792
0.003339227526
0.003339106696
0.003339024726
0.003338989386
0.003338994283
0.003339016763
0.003340379619
0.003340247424
0.003340077689
0.00333990029
0.003339743509
0.003339628668
0.003339565537
0.003339549335
0.003339559478
0.003340964425
0.003340817881
0.003340629245
0.00334043089
0.003340253171
0.003340118851
0.003340038676
0.003340008866
0.003340010569
0.003341403793
0.003341250981
0.003341054159
0.003340846728
0.003340659721
0.003340516227
0.00334042721
0.003340389477
0.003340385699
0.00334172785
0.003341574986
0.003341378175
0.003341170681
0.00334098315
0.00334083816
0.003340746368
0.003340704901
0.003340697828
0.003341961704
0.003341813395
0.00334162263
0.003341421651
0.003341239924
0.003341098928
0.003341008662
0.003340966421
0.0033409576
0.003342126012
0.003341985506
0.003341805004
0.003341615089
0.003341443485
0.003341310179
0.003341224296
0.003341183219
0.003341173639
0.003342237541
0.003342106965
0.003341939455
0.003341763497
0.003341604713
0.003341481356
0.003341401554
0.003341362713
0.003341352699
0.003342309723
0.003342190296
0.003342037314
0.003341876897
0.00334173236
0.00334162011
0.003341547244
0.003341511182
0.003341501238
0.003342353158
0.003342245393
0.003342107547
0.003341963246
0.003341833425
0.003341732627
0.003341666953
0.003341633882
0.003341624427
0.003342376088
0.003342279962
0.003342157163
0.003342028808
0.003341913466
0.003341823875
0.003341765178
0.003341735344
0.003341726604
0.003342384817
0.003342299915
0.003342191573
0.003342078465
0.003341976889
0.003341897889
0.003341845838
0.003341819278
0.003341811364
0.003342384075
0.003342309713
0.0033422149
0.003342115983
0.003342027128
0.003341957809
0.003341912115
0.003341888733
0.003341881681
0.003342377339
0.003342312665
0.003342230236
0.003342144237
0.003342066866
0.003342006441
0.003341966634
0.003341946231
0.003341940026
0.003342367096
0.003342311161
0.003342239864
0.003342165408
0.003342098307
0.003342045976
0.003342011524
0.00334199385
0.003341988444
0.003342355054
0.003342306876
0.003342245418
0.003342181106
0.003342123241
0.00334207817
0.003342048519
0.003342033302
0.00334202863
0.003342342312
0.003342300902
0.003342247995
0.003342192728
0.003342143071
0.003342104436
0.003342079038
0.003342066003
0.003342061992
0.003342329472
0.003342293935
0.003342248609
0.003342201326
0.00334215889
0.003342125905
0.003342104236
0.003342093118
0.003342089693
0.003342317006
0.003342286657
0.003342247987
0.003342207688
0.003342171552
0.003342143486
0.003342125061
0.003342115611
0.003342112699
0.003342305333
0.003342279514
0.003342246639
0.003342212402
0.003342181723
0.003342157911
0.003342142288
0.003342134279
0.003342131813
0.003342294678
0.003342272783
0.003342244915
0.003342215906
0.003342189925
0.003342169769
0.003342156551
0.003342149781
0.003342147698
0.003342285137
0.003342266615
0.003342243047
0.003342218522
0.003342196564
0.003342179535
0.003342168374
0.00334216266
0.003342160905
0.003342276718
0.003342261081
0.003342241187
0.003342220488
0.00334220196
0.003342187594
0.003342178182
0.003342173368
0.003342171892
0.003342269374
0.003342256194
0.003342239425
0.003342221978
0.003342206362
0.003342194257
0.003342186328
0.003342182276
0.003342181037
0.003342263028
0.00334225193
0.00334223781
0.003342223119
0.003342209968
0.003342199775
0.003342193101
0.003342189693
0.003342188654
0.003342257585
0.003342248248
0.003342236366
0.003342224002
0.003342212934
0.003342204354
0.003342198739
0.003342195874
0.003342195003
0.003342252945
0.003342245092
0.003342235097
0.003342224695
0.003342215381
0.003342208161
0.003342203437
0.003342201029
0.0033422003
0.00334224901
0.003342242405
0.003342233998
0.003342225246
0.003342217408
0.003342211332
0.003342207357
0.003342205334
0.003342204722
0.003342245684
0.003342240129
0.003342233056
0.00334222569
0.003342219093
0.003342213978
0.003342210633
0.003342208931
0.003342208419
0.003342242884
0.003342238209
0.003342232255
0.003342226054
0.003342220497
0.003342216189
0.003342213373
0.003342211942
0.003342211513
0.003342240531
0.003342236594
0.00334223158
0.003342226354
0.003342221672
0.003342218041
0.003342215668
0.003342214464
0.003342214105
0.003342238557
0.00334223524
0.003342231013
0.003342226606
0.003342222657
0.003342219594
0.003342217594
0.00334221658
0.003342216279
0.003342236905
0.003342234106
0.003342230539
0.00334222682
0.003342223485
0.0033422209
0.003342219211
0.003342218357
0.003342218105
0.003342235522
0.003342233158
0.003342230145
0.003342227002
0.003342224184
0.003342221999
0.003342220573
0.003342219852
0.00334221964
0.003342234365
0.003342232367
0.003342229818
0.003342227159
0.003342224774
0.003342222925
0.00334222172
0.003342221112
0.003342220934
0.003342233398
0.003342231706
0.003342229547
0.003342227294
0.003342225274
0.003342223708
0.003342222688
0.003342222174
0.003342222025
0.003342232589
0.003342231154
0.003342229323
0.003342227412
0.003342225699
0.003342224371
0.003342223506
0.003342223072
0.003342222946
0.003342231912
0.003342230693
0.003342229138
0.003342227515
0.00334222606
0.003342224933
0.003342224199
0.003342223831
0.003342223726
0.003342231345
0.003342230309
0.003342228986
0.003342227606
0.003342226368
0.003342225409
0.003342224786
0.003342224475
0.003342224386
0.00334223087
0.003342229987
0.003342228861
0.003342227685
0.003342226631
0.003342225815
0.003342225285
0.003342225021
0.003342224945
0.003342230472
0.003342229719
0.003342228758
0.003342227755
0.003342226856
0.00334222616
0.003342225709
0.003342225484
0.003342225421
0.003342230138
0.003342229494
0.003342228673
0.003342227816
0.003342227048
0.003342226455
0.00334222607
0.003342225879
0.003342225825
0.003342229856
0.003342229306
0.003342228603
0.00334222787
0.003342227214
0.003342226707
0.003342226378
0.003342226215
0.003342226169
0.00334222962
0.003342229148
0.003342228546
0.003342227918
0.003342227356
0.003342226922
0.003342226641
0.003342226502
0.003342226463
0.003342229421
0.003342229016
0.003342228499
0.00334222796
0.003342227478
0.003342227106
0.003342226866
0.003342226747
0.003342226714
0.003342229252
0.003342228904
0.00334222846
0.003342227998
0.003342227584
0.003342227264
0.003342227058
0.003342226956
0.003342226928
0.00334222911
0.003342228811
0.003342228429
0.003342228031
0.003342227674
0.0033422274
0.003342227223
0.003342227135
0.003342227111
0.00334222899
0.003342228732
0.003342228403
0.00334222806
0.003342227753
0.003342227517
0.003342227364
0.003342227289
0.003342227269
0.003342228888
0.003342228665
0.003342228381
0.003342228085
0.003342227821
0.003342227617
0.003342227485
0.003342227421
0.003342227403
0.003342228802
0.003342228609
0.003342228363
0.003342228108
0.003342227879
0.003342227703
0.003342227589
0.003342227534
0.003342227519
0.003342228728
0.003342228561
0.003342228349
0.003342228127
0.003342227929
0.003342227777
0.003342227679
0.003342227631
0.003342227618
0.003342228665
0.003342228521
0.003342228336
0.003342228144
0.003342227973
0.003342227841
0.003342227756
0.003342227714
0.003342227703
0.003342228612
0.003342228486
0.003342228326
0.003342228159
0.00334222801
0.003342227896
0.003342227822
0.003342227786
0.003342227776
0.003342228566
0.003342228457
0.003342228317
0.003342228172
0.003342228043
0.003342227943
0.003342227879
0.003342227847
0.003342227838
0.003342228526
0.003342228431
0.00334222831
0.003342228183
0.00334222807
0.003342227983
0.003342227927
0.0033422279
0.003342227892
0.003342228492
0.003342228409
0.003342228303
0.003342228193
0.003342228094
0.003342228018
0.003342227969
0.003342227945
0.003342227938
0.003342228463
0.00334222839
0.003342228298
0.003342228201
0.003342228115
0.003342228048
0.003342228005
0.003342227983
0.003342227977
0.003342228437
0.003342228374
0.003342228292
0.003342228208
0.003342228132
0.003342228073
0.003342228035
0.003342228015
0.003342228009
0.003342228415
0.003342228359
0.003342228288
0.003342228213
0.003342228146
0.003342228094
0.00334222806
0.003342228042
0.003342228036
0.003342228397
0.003342228347
0.003342228284
0.003342228218
0.003342228158
0.003342228111
0.003342228079
0.003342228062
0.003342228056
0.003342228383
0.003342228338
0.003342228281
0.00334222822
0.003342228165
0.003342228122
0.003342228091
0.003342228074
0.003342228067
9.715386402e-29
4.07325878e-28
1.041630903e-27
2.255584102e-27
4.538239349e-27
8.835514777e-27
1.702453355e-26
3.284484035e-26
6.381127722e-26
1.250921878e-25
2.474385804e-25
4.93373591e-25
9.903121097e-25
1.998364103e-24
4.049252526e-24
8.231127409e-24
1.677276929e-23
3.424241727e-23
7.00084776e-23
1.432913434e-22
2.935351177e-22
6.0169941e-22
1.233954375e-21
2.531304816e-21
5.193255649e-21
1.065370089e-20
2.184916599e-20
4.478564658e-20
9.172591682e-20
1.876537308e-19
3.833360564e-19
7.816083888e-19
1.590019116e-18
3.225715286e-18
6.523221421e-18
1.314354166e-17
2.63744798e-17
5.26858459e-17
1.047308975e-16
2.07098694e-16
4.072616721e-16
7.962650207e-16
1.547554527e-15
2.989339128e-15
5.738514525e-15
1.09467872e-14
2.074979671e-14
3.908074869e-14
7.313350305e-14
1.35973583e-13
2.511616454e-13
4.608761015e-13
8.400699309e-13
1.520946132e-12
2.734900793e-12
4.883440414e-12
8.655680396e-12
1.522367293e-11
2.656079357e-11
4.595420948e-11
7.881789634e-11
1.339627973e-10
2.255493386e-10
3.760387522e-10
6.205772985e-10
1.013394214e-09
1.636970369e-09
2.614936316e-09
4.129874733e-09
6.447412543e-09
9.94815897e-09
1.516913122e-08
2.285625152e-08
3.402923681e-08
5.005968634e-08
7.276238213e-08
1.044987826e-07
1.482904944e-07
2.079392906e-07
2.88149173e-07
3.946452137e-07
5.342835711e-07
7.151471986e-07
9.466223076e-07
1.239451511e-06
1.605760606e-06
2.059057068e-06
2.614199418e-06
3.287337703e-06
4.095826361e-06
5.058111664e-06
6.193596731e-06
7.522487806e-06
9.065617459e-06
1.084427505e-05
1.28800166e-05
1.519447689e-05
1.780917807e-05
2.074534828e-05
2.402376151e-05
2.766458767e-05
3.168725771e-05
3.61103451e-05
4.095146438e-05
4.622718692e-05
5.195297376e-05
5.814312464e-05
6.481074259e-05
7.196771301e-05
7.962469585e-05
8.77911299e-05
9.647524771e-05
0.0001056840999
0.0001154235875
0.0001256985013
0.0001365125667
0.0001478684933
0.0001597680274
0.000172212008
0.0001852004234
0.0001987324694
0.0002128066073
0.0002274206214
0.0002425716756
0.0002582563688
0.0002744707882
0.0002912105603
0.0003084709004
0.0003262466585
0.0003445323637
0.000363322265
0.00038261037
0.0004023904805
0.0004226562261
0.0004434010941
0.0004646184581
0.0004863016034
0.0005084437503
0.0005310380752
0.0005540777299
0.0005775558581
0.0006014656102
0.0006258001562
0.000650552697
0.0006757164822
0.0007012848155
0.0007272510619
0.000753608651
0.0007803510858
0.0008074719472
0.000834964899
0.0008628236905
0.0008910421597
0.000919614235
0.0009485339371
0.0009777953795
0.00100739277
0.001037320409
0.001067572693
0.001098144109
0.001129029239
0.001160222757
0.001191719426
0.001223514101
0.001255601723
0.001287977322
0.001320636013
0.001353572994
0.001386783545
0.001420263026
0.001454006876
0.001488010609
0.001522269812
0.001556780142
0.001591537324
0.001626537143
0.00166177544
0.001697248105
0.001732951066
0.001768880271
0.001805031668
0.001841401179
0.00187798466
0.001914777849
0.001951776299
0.001988975287
0.002026369697
0.002063953874
0.002101721432
0.002139665031
0.002177776095
0.002216044484
0.002254458092
0.002293002411
0.002331660022
0.00237041005
0.002409227565
0.002448082968
0.002486941371
0.002525761987
0.002564497582
0.002603094005
0.002641489835
0.002679616204
0.002717396804
0.002754748145
0.00279158007
0.00282779657
0.00286329689
0.002897976938
0.00293173097
0.002964453516
0.002996041491
0.003026396433
0.003055426768
0.00308305003
0.003109194931
0.003133803192
0.003156831045
0.003178250347
0.003198049227
0.003216232266
0.003232820173
0.003247849023
0.003261369082
0.003273443282
0.00328414543
0.003293558239
0.003301771394
0.00330887928
0.003314978672
0.003320170636
0.003324551413
0.003328214183
0.003331247735
0.003333735415
0.003335754347
0.003337374934
0.00333866059
0.0033396677
0.003340445761
0.003341037679
0.003341480176
0.00334180429
0.003342035914
0.003342196372
0.003342302985
0.00334236963
0.003342407261
0.003342424386
0.003342427504
0.003342421483
0.003342409885
0.003342395245
0.003342379294
0.003342363131
0.003342347346
0.003342332279
0.003342318331
0.003342305704
0.003342294465
0.003342284593
0.003342276013
0.003342268617
0.003342262288
0.0033422569
0.003342252335
0.003342248481
0.003342245236
0.003342242511
0.003342240226
0.003342238312
0.003342236711
0.00334223537
0.003342234249
0.003342233311
0.003342232525
0.003342231866
0.003342231314
0.003342230851
0.003342230461
0.003342230133
0.003342229857
0.003342229624
0.003342229427
0.003342229261
0.00334222912
0.003342229
0.003342228899
0.003342228812
0.003342228738
0.003342228675
0.003342228621
0.003342228574
0.003342228534
0.0033422285
0.003342228469
0.003342228443
0.003342228422
0.003342228406
)
;

boundaryField
{
    outlet
    {
        type            inletOutlet;
        inletValue      uniform 0;
        value           nonuniform List<scalar> 10(0.003342228383 0.003342228338 0.003342228281 0.00334222822 0.003342228165 0.003342228122 0.003342228091 0.003342228074 0.003342228067 0.003342228406);
    }
    inlet
    {
        type            fixedValue;
        value           uniform 0;
    }
    front
    {
        type            wedge;
    }
    wall
    {
        type            zeroGradient;
    }
    back
    {
        type            wedge;
    }
}


// ************************************************************************* //
