/*--------------------------------*- C++ -*----------------------------------*\
| =========                 |                                                 |
| \\      /  F ield         | OpenFOAM: The Open Source CFD Toolbox           |
|  \\    /   O peration     | Version:  2212                                  |
|   \\  /    A nd           | Website:  www.openfoam.com                      |
|    \\/     M anipulation  |                                                 |
\*---------------------------------------------------------------------------*/
FoamFile
{
    version     2.0;
    format      ascii;
    arch        "LSB;label=32;scalar=64";
    class       volScalarField;
    location    "20.00000000";
    object      SC3H5;
}
// * * * * * * * * * * * * * * * * * * * * * * * * * * * * * * * * * * * * * //

dimensions      [0 0 0 0 0 0 0];

internalField   nonuniform List<scalar> 
3000
(
1.196885751e-28
1.484425172e-28
1.944013809e-28
2.602882076e-28
3.488928139e-28
4.612129465e-28
5.928953979e-28
7.282202088e-28
8.313728182e-28
5.043997335e-28
6.301684409e-28
8.311608322e-28
1.119848076e-27
1.511217276e-27
2.020265012e-27
2.656503625e-27
3.409038832e-27
4.147366174e-27
1.299945341e-27
1.644627058e-27
2.20123975e-27
3.016136159e-27
4.155721715e-27
5.706887975e-27
7.759241106e-27
1.032443855e-26
1.284283341e-26
2.840953343e-27
3.652825812e-27
4.989449463e-27
7.00538362e-27
9.935631222e-27
1.409944606e-26
1.982811999e-26
2.70972117e-26
3.395689373e-26
5.779095247e-27
7.579212628e-27
1.061510681e-26
1.534149269e-26
2.245697071e-26
3.289987379e-26
4.75285876e-26
6.584706034e-26
8.228609482e-26
1.138701732e-26
1.526257712e-26
2.196325203e-26
3.270615533e-26
4.935287863e-26
7.430899788e-26
1.094441805e-25
1.525107682e-25
1.893873373e-25
2.221623674e-26
3.044852923e-26
4.501115836e-26
6.895040233e-26
1.068704536e-25
1.644661849e-25
2.454454466e-25
3.425314273e-25
4.206412738e-25
4.338425294e-26
6.073622577e-26
9.204055139e-26
1.445459365e-25
2.29066255e-25
3.58503497e-25
5.403251792e-25
7.575113486e-25
9.396889973e-25
8.524088962e-26
1.216420582e-25
1.88363813e-25
3.019723245e-25
4.86780292e-25
7.706360209e-25
1.167003291e-24
1.63317035e-24
2.011307898e-24
1.687803017e-25
2.448834295e-25
3.861368407e-25
6.293571243e-25
1.027757434e-24
1.640215776e-24
2.490906166e-24
3.481479111e-24
4.275686444e-24
3.36753671e-25
4.954706369e-25
7.929648721e-25
1.309500366e-24
2.159595201e-24
3.46651141e-24
5.274080323e-24
7.364139728e-24
9.027413757e-24
6.763950528e-25
1.006752728e-24
1.630726938e-24
2.720936239e-24
4.521064756e-24
7.287738836e-24
1.110129733e-23
1.548771634e-23
1.895924588e-23
1.366027937e-24
2.052499273e-24
3.356884218e-24
5.646748672e-24
9.436515733e-24
1.525862155e-23
2.326198493e-23
3.243063189e-23
3.965676284e-23
2.770630855e-24
4.195016405e-24
6.914301297e-24
1.170542378e-23
1.964817578e-23
3.184485602e-23
4.857461484e-23
6.768023827e-23
8.26893236e-23
5.63797292e-24
8.589734498e-24
1.424593804e-23
2.423976724e-23
4.082828967e-23
6.629035931e-23
1.011548702e-22
1.408722937e-22
1.719940713e-22
1.150127964e-23
1.761150399e-23
2.935480962e-23
5.014985524e-23
8.469983796e-23
1.377113796e-22
2.101962411e-22
2.926068047e-22
3.57049171e-22
2.350625157e-23
3.614268731e-23
6.048682743e-23
1.036714964e-22
1.754735304e-22
2.856064832e-22
4.360222814e-22
6.0675933e-22
7.400459628e-22
4.811008273e-23
7.422242244e-23
1.246252466e-22
2.141626631e-22
3.631198949e-22
5.915313934e-22
9.031901033e-22
1.256482954e-21
1.531906467e-21
9.857257549e-23
1.524956636e-22
2.567433241e-22
4.421439322e-22
7.507203201e-22
1.223769628e-21
1.868704833e-21
2.598978176e-21
3.16763439e-21
2.021303721e-22
3.134204265e-22
5.288492042e-22
9.123325901e-22
1.550809561e-21
2.529353031e-21
3.862507908e-21
5.370593412e-21
6.543725195e-21
4.147399557e-22
6.443159579e-22
1.089178089e-21
1.881651773e-21
3.201389561e-21
5.223521907e-21
7.976643803e-21
1.108825787e-20
1.350651087e-20
8.51370506e-22
1.324752318e-21
2.242819552e-21
3.879182481e-21
6.604672132e-21
1.077951761e-20
1.645992129e-20
2.287454575e-20
2.785533901e-20
1.748226248e-21
2.723949255e-21
4.617504331e-21
7.9939889e-21
1.361803012e-20
2.222985048e-20
3.393955266e-20
4.715140293e-20
5.740070861e-20
3.590489067e-21
5.600856793e-21
9.504307144e-21
1.64666572e-20
2.806266738e-20
4.581145183e-20
6.992737462e-20
9.711168927e-20
1.181794587e-19
7.374341561e-21
1.15147842e-20
1.955710154e-20
3.390371087e-20
5.779370575e-20
9.433939448e-20
1.439531247e-19
1.998204278e-19
2.430684801e-19
1.514369189e-20
2.366688293e-20
4.022611109e-20
6.976599102e-20
1.189394237e-19
1.941101081e-19
2.960551611e-19
4.107048865e-19
4.99337863e-19
3.108825627e-20
4.86226977e-20
8.269302489e-20
1.434617106e-19
2.445690809e-19
3.98993062e-19
6.081564536e-19
8.430246073e-19
1.024296547e-18
6.378540371e-20
9.983054476e-20
1.698662415e-19
2.947439298e-19
5.023683748e-19
8.191158022e-19
1.247475072e-18
1.727572368e-18
2.097363678e-18
1.307653043e-19
2.047886185e-19
3.485913156e-19
6.048692207e-19
1.030555008e-18
1.679030368e-18
2.55431499e-18
3.533046577e-18
4.285031752e-18
2.677798193e-19
4.196015437e-19
7.144436411e-19
1.239513432e-18
2.110584062e-18
3.435127956e-18
5.218677107e-18
7.207352232e-18
8.73066111e-18
5.475531554e-19
8.584326862e-19
1.461863869e-18
2.535429503e-18
4.31360618e-18
7.011379618e-18
1.063341937e-17
1.465808258e-17
1.772963125e-17
1.117557324e-18
1.75283914e-18
2.985076638e-18
5.174556367e-18
8.793849208e-18
1.426966552e-17
2.159547808e-17
2.970186239e-17
3.586148917e-17
2.275755193e-18
3.570712471e-18
6.080142932e-18
1.053177883e-17
1.787249441e-17
2.894134799e-17
4.368702225e-17
5.992371601e-17
7.219804663e-17
4.621675257e-18
7.253374614e-18
1.23470572e-17
2.136493653e-17
3.619115332e-17
5.845736908e-17
8.797141344e-17
1.202835907e-16
1.445665532e-16
9.356008768e-18
1.468528832e-17
2.498457093e-17
4.317378441e-17
7.297196825e-17
1.175110321e-16
1.762037829e-16
2.400383494e-16
2.876913176e-16
1.887107239e-17
2.961836969e-17
5.034978107e-17
8.685475136e-17
1.464063495e-16
2.349257601e-16
3.50794906e-16
4.758788317e-16
5.685645104e-16
3.79069056e-17
5.947783788e-17
1.009940996e-16
1.738416743e-16
2.920950129e-16
4.667547626e-16
6.936513579e-16
9.365724331e-16
1.115122994e-15
7.579935302e-17
1.188636096e-16
2.015234893e-16
3.459677633e-16
5.791135201e-16
9.209928227e-16
1.361387276e-15
1.828639837e-15
2.169113046e-15
1.508205447e-16
2.362854151e-16
3.998102905e-16
6.841999742e-16
1.140267917e-15
1.803666482e-15
2.650363296e-15
3.540018898e-15
4.182399425e-15
2.984979793e-16
4.670115033e-16
7.882462867e-16
1.343867449e-15
2.228452541e-15
3.503814775e-15
5.115422118e-15
6.791539867e-15
7.990431726e-15
5.874387001e-16
9.173709966e-16
1.543645366e-15
2.62021512e-15
4.320466969e-15
6.74839396e-15
9.784199674e-15
1.2908155e-14
1.51213438e-14
1.149192258e-15
1.790310009e-15
3.00141735e-15
5.069079398e-15
8.306120727e-15
1.288147607e-14
1.853974567e-14
2.429960202e-14
2.834133822e-14
2.234135677e-15
3.469981795e-15
5.792007503e-15
9.726565545e-15
1.582878105e-14
2.436190107e-14
3.479655616e-14
4.530416558e-14
5.260859016e-14
4.315102918e-15
6.677207732e-15
1.108905335e-14
1.850422804e-14
2.989140262e-14
4.564036748e-14
6.468298261e-14
8.365697292e-14
9.67291951e-14
8.277602479e-15
1.275194438e-14
2.105514627e-14
3.489077481e-14
5.592117552e-14
8.468674543e-14
1.190877264e-13
1.530237469e-13
1.762136887e-13
1.57650088e-14
2.415999807e-14
3.963143012e-14
6.517987953e-14
1.036125121e-13
1.556127709e-13
2.171587365e-13
2.773318847e-13
3.181739508e-13
2.979714273e-14
4.53892724e-14
7.391465331e-14
1.205830794e-13
1.900628069e-13
2.830985561e-13
3.921879029e-13
4.98070155e-13
5.696303098e-13
5.58641467e-14
8.451166837e-14
1.365195607e-13
2.208010719e-13
3.450048726e-13
5.097064255e-13
7.01279207e-13
8.862775762e-13
1.011213721e-12
1.038361259e-13
1.558668108e-13
2.495693428e-13
3.999588512e-13
6.193753165e-13
9.076983007e-13
1.240759302e-12
1.561300054e-12
1.777960378e-12
1.912604414e-13
2.846202054e-13
4.513554213e-13
7.163497524e-13
1.099174849e-12
1.597869588e-12
2.170151958e-12
2.71793662e-12
3.082057695e-12
3.490113884e-13
5.144471912e-13
8.073740965e-13
1.26833716e-12
1.927811989e-12
2.779640819e-12
3.749888912e-12
4.665206948e-12
5.254609392e-12
6.309411221e-13
9.204574599e-13
1.428582654e-12
2.220220656e-12
3.341771957e-12
4.777683188e-12
6.395182087e-12
7.864555515e-12
8.791415604e-12
1.13041417e-12
1.631049393e-12
2.501831126e-12
3.844634591e-12
5.727126355e-12
8.106821123e-12
1.070384567e-11
1.298892783e-11
1.43570976e-11
2.00886672e-12
2.865309495e-12
4.341542961e-12
6.594339655e-12
9.714783643e-12
1.357009033e-11
1.757682525e-11
2.091732721e-11
2.268767036e-11
3.545566361e-12
4.997547591e-12
7.477491583e-12
1.121991354e-11
1.63184257e-11
2.230787461e-11
2.822459647e-11
3.261813947e-11
3.428806812e-11
6.224411201e-12
8.667687865e-12
1.279982372e-11
1.894339529e-11
2.70140021e-11
3.602485986e-11
4.416475237e-11
4.886655091e-11
4.893192625e-11
1.088513944e-11
1.49735847e-11
2.181112747e-11
3.173902918e-11
4.407775934e-11
5.705198719e-11
6.7041434e-11
6.98118851e-11
6.53240534e-11
1.898254936e-11
2.577984414e-11
3.696047864e-11
5.239731471e-11
7.078408179e-11
8.828350346e-11
9.817032287e-11
9.460203918e-11
8.158643922e-11
3.300001208e-11
4.413184354e-11
6.17520473e-11
8.52538372e-11
1.114872765e-10
1.326804835e-10
1.3771642e-10
1.213928779e-10
9.653461275e-11
5.700972976e-11
7.457178054e-11
1.01668001e-10
1.362713791e-10
1.711779554e-10
1.920761818e-10
1.838088127e-10
1.480599779e-10
1.104473933e-10
9.676408404e-11
1.239332582e-10
1.644622801e-10
2.127566434e-10
2.541130948e-10
2.654476505e-10
2.326184005e-10
1.734490113e-10
1.245596786e-10
1.614283029e-10
2.021598765e-10
2.599600874e-10
3.218781132e-10
3.612918871e-10
3.477729202e-10
2.802340422e-10
1.980742037e-10
1.402108241e-10
2.636643541e-10
3.217463093e-10
3.982834134e-10
4.673259602e-10
4.875955497e-10
4.31347205e-10
3.251084199e-10
2.236076185e-10
1.58570369e-10
4.184059512e-10
4.95158642e-10
5.854211574e-10
6.445192253e-10
6.212542616e-10
5.098809754e-10
3.686184851e-10
2.520330429e-10
1.808060817e-10
6.382044261e-10
7.285391848e-10
8.162684424e-10
8.375464192e-10
7.484615191e-10
5.8196759e-10
4.136724917e-10
2.852963836e-10
2.082633307e-10
9.237465552e-10
1.012228687e-09
1.069194662e-09
1.023259775e-09
8.609769426e-10
6.505936572e-10
4.633499616e-10
3.253308168e-10
2.425276446e-10
1.25260794e-09
1.314554946e-09
1.310356494e-09
1.183129156e-09
9.59417032e-10
7.203431777e-10
5.204305601e-10
3.74135507e-10
2.854255033e-10
1.577862563e-09
1.590316865e-09
1.510573657e-09
1.312657389e-09
1.049874975e-09
7.954506438e-10
5.873806124e-10
4.337855717e-10
3.389971387e-10
1.848207004e-09
1.804925522e-09
1.660965675e-09
1.419200443e-09
1.139170828e-09
8.792239785e-10
6.663871817e-10
5.063868183e-10
4.054373266e-10
2.037718313e-09
1.952354394e-09
1.771457569e-09
1.513568799e-09
1.232540376e-09
9.740549615e-10
7.593150323e-10
5.939748495e-10
4.869879157e-10
2.154289447e-09
2.048890488e-09
1.858052923e-09
1.604465643e-09
1.333233891e-09
1.081468088e-09
8.676088183e-10
6.983623983e-10
5.857738391e-10
2.222309538e-09
2.115624789e-09
1.933696805e-09
1.697113207e-09
1.442832766e-09
1.202138726e-09
9.921552251e-10
8.209410465e-10
7.035854004e-10
2.264365239e-09
2.168206155e-09
2.006033269e-09
1.793853898e-09
1.561525086e-09
1.335877112e-09
1.133126492e-09
9.624559014e-10
8.416238805e-10
2.294853016e-09
2.215328565e-09
2.078460575e-09
1.894972758e-09
1.688376127e-09
1.481616349e-09
1.289837632e-09
1.122786257e-09
1.000243183e-09
2.320885707e-09
2.260723548e-09
2.151705407e-09
1.99938066e-09
1.821553327e-09
1.63743407e-09
1.460655808e-09
1.300776447e-09
1.178733761e-09
2.345312652e-09
2.305285134e-09
2.224931248e-09
2.105139682e-09
1.958551083e-09
1.800641575e-09
1.643001741e-09
1.494164826e-09
1.375201279e-09
2.368593755e-09
2.348414112e-09
2.29654058e-09
2.209881999e-09
2.096445168e-09
1.96796282e-09
1.833472352e-09
1.699649884e-09
1.586585713e-09
2.390144936e-09
2.388940286e-09
2.364729382e-09
2.311173422e-09
2.232186457e-09
2.135804742e-09
2.028091107e-09
1.913108969e-09
1.808843934e-09
2.409139301e-09
2.425700985e-09
2.427891048e-09
2.406839968e-09
2.362918984e-09
2.300594211e-09
2.222661752e-09
2.129950716e-09
2.037283341e-09
2.424989623e-09
2.457914651e-09
2.484914006e-09
2.495247232e-09
2.486286281e-09
2.45913314e-09
2.413171332e-09
2.345546689e-09
2.26699549e-09
2.437630891e-09
2.485410212e-09
2.535380181e-09
2.575506163e-09
2.600679327e-09
2.608910464e-09
2.596170268e-09
2.555663968e-09
2.493310927e-09
2.447654554e-09
2.508732571e-09
2.579656394e-09
2.647577391e-09
2.705382883e-09
2.748313554e-09
2.769058713e-09
2.756817688e-09
2.71218984e-09
2.456316771e-09
2.529131381e-09
2.618872312e-09
2.712257454e-09
2.800594303e-09
2.876702558e-09
2.930229759e-09
2.94647691e-09
2.920452274e-09
2.465436367e-09
2.548442912e-09
2.654790345e-09
2.771049923e-09
2.887316099e-09
2.994347734e-09
3.07907185e-09
3.123137812e-09
3.116035765e-09
2.477203098e-09
2.568884794e-09
2.689588137e-09
2.825944479e-09
2.967148529e-09
3.102260668e-09
3.215876874e-09
3.286403834e-09
3.297910149e-09
2.493925912e-09
2.592794544e-09
2.725586968e-09
2.87914009e-09
3.042019539e-09
3.201949168e-09
3.341620357e-09
3.436821963e-09
3.466448382e-09
2.517759448e-09
2.622351467e-09
2.764967253e-09
2.932753814e-09
3.113892652e-09
3.29516009e-09
3.457936838e-09
3.576159296e-09
3.625155025e-09
2.550451604e-09
2.659326008e-09
2.809517037e-09
2.988559079e-09
3.184463748e-09
3.383413386e-09
3.566145476e-09
3.705369845e-09
3.77248594e-09
2.593152039e-09
2.704898048e-09
2.860463014e-09
3.047835199e-09
3.255050453e-09
3.46826189e-09
3.668021823e-09
3.827256428e-09
3.909073619e-09
2.646307463e-09
2.75956504e-09
2.918394885e-09
3.111319243e-09
3.326659644e-09
3.550852068e-09
3.765181171e-09
3.940799256e-09
4.034749415e-09
2.709653094e-09
2.823144347e-09
2.983271519e-09
3.179163363e-09
3.399801299e-09
3.632213702e-09
3.859210277e-09
4.046339444e-09
4.14973144e-09
2.78229009e-09
2.894863237e-09
3.054530893e-09
3.251330229e-09
3.475040984e-09
3.714363479e-09
3.949160389e-09
4.143824716e-09
4.25421296e-09
2.862797224e-09
2.973500336e-09
3.131392274e-09
3.327411893e-09
3.552788206e-09
3.796412845e-09
4.034561223e-09
4.23327298e-09
4.3484319e-09
2.949705196e-09
3.057822584e-09
3.212929856e-09
3.407217046e-09
3.633884087e-09
3.877201329e-09
4.114983687e-09
4.314730459e-09
4.432660923e-09
3.041468928e-09
3.146707563e-09
3.298869348e-09
3.492289636e-09
3.71608852e-09
3.955618558e-09
4.190035098e-09
4.388264289e-09
4.507200307e-09
3.137235014e-09
3.240127408e-09
3.390351004e-09
3.579594656e-09
3.797592175e-09
4.030729268e-09
4.259391588e-09
4.45397212e-09
4.572378127e-09
3.238166185e-09
3.33865269e-09
3.484201943e-09
3.666873421e-09
3.876989111e-09
4.101784371e-09
4.322810091e-09
4.511988696e-09
4.628550293e-09
3.342153927e-09
3.438528515e-09
3.577796849e-09
3.752389714e-09
3.953183941e-09
4.168198151e-09
4.380127358e-09
4.56248719e-09
4.676098168e-09
3.445742577e-09
3.537180972e-09
3.669262719e-09
3.834839382e-09
4.025334352e-09
4.229527716e-09
4.431255329e-09
4.605677292e-09
4.715424234e-09
3.546759116e-09
3.632860147e-09
3.757258424e-09
3.913250828e-09
4.092805225e-09
4.285454977e-09
4.476174698e-09
4.641801223e-09
4.746946608e-09
3.643773459e-09
3.724355199e-09
3.840818237e-09
3.986907945e-09
4.155132188e-09
4.335770276e-09
4.514927275e-09
4.671128547e-09
4.771093147e-09
3.735812128e-09
3.810817127e-09
3.919249539e-09
4.05529488e-09
4.211992632e-09
4.38035728e-09
4.547607708e-09
4.693950454e-09
4.788295734e-09
3.822205348e-09
3.891653582e-09
3.992066424e-09
4.118056066e-09
4.263182036e-09
4.419179019e-09
4.574355094e-09
4.710574082e-09
4.798985117e-09
3.90250061e-09
3.966463975e-09
4.05894455e-09
4.174965958e-09
4.308594061e-09
4.45226507e-09
4.595344938e-09
4.721317236e-09
4.803586537e-09
3.976409128e-09
4.03499624e-09
4.119688322e-09
4.225905018e-09
4.348203513e-09
4.479699984e-09
4.610781722e-09
4.726503724e-09
4.802516202e-09
4.043769351e-09
4.097115661e-09
4.174205637e-09
4.270840056e-09
4.38205169e-09
4.501613012e-09
4.620892292e-09
4.726459392e-09
4.796178599e-09
4.104520141e-09
4.152781062e-09
4.222487721e-09
4.309807894e-09
4.410233808e-09
4.518169119e-09
4.625920094e-09
4.721508858e-09
4.784964546e-09
4.158680113e-09
4.202025994e-09
4.264592733e-09
4.34290171e-09
4.432888292e-09
4.52956126e-09
4.626120256e-09
4.71197289e-09
4.769249883e-09
4.206331292e-09
4.244943602e-09
4.300632314e-09
4.370259651e-09
4.450187711e-09
4.536003795e-09
4.621755445e-09
4.698166351e-09
4.749394667e-09
4.247606e-09
4.281674335e-09
4.330760522e-09
4.392055333e-09
4.462331151e-09
4.537726937e-09
4.613092428e-09
4.680396614e-09
4.725742777e-09
4.282676244e-09
4.312395918e-09
4.355164696e-09
4.408489933e-09
4.469537823e-09
4.534972088e-09
4.600399218e-09
4.658962366e-09
4.6986218e-09
4.311745071e-09
4.337315128e-09
4.374057924e-09
4.419785618e-09
4.472041716e-09
4.527987946e-09
4.583942732e-09
4.634152719e-09
4.668343143e-09
4.335039478e-09
4.356661018e-09
4.387672794e-09
4.426180062e-09
4.470087133e-09
4.517027247e-09
4.563986869e-09
4.606246561e-09
4.635202277e-09
4.352804561e-09
4.370679305e-09
4.396256196e-09
4.427921878e-09
4.463924955e-09
4.502344056e-09
4.54079093e-09
4.575512085e-09
4.599479077e-09
4.365298653e-09
4.379627701e-09
4.400064992e-09
4.425266797e-09
4.453809514e-09
4.484191503e-09
4.514608333e-09
4.542206472e-09
4.561438218e-09
4.37278925e-09
4.383771991e-09
4.399362375e-09
4.418474457e-09
4.439995978e-09
4.462819892e-09
4.485685552e-09
4.506575673e-09
4.521329594e-09
4.37554958e-09
4.383382738e-09
4.394414808e-09
4.407805709e-09
4.422738146e-09
4.438475132e-09
4.454261267e-09
4.468854284e-09
4.479388751e-09
4.373855689e-09
4.378732483e-09
4.385489439e-09
4.393520343e-09
4.402286613e-09
4.411397427e-09
4.420565671e-09
4.429265481e-09
4.435837325e-09
4.367983963e-09
4.370093375e-09
4.372851904e-09
4.375875174e-09
4.378887223e-09
4.381820201e-09
4.384819919e-09
4.388021029e-09
4.390883468e-09
4.358209007e-09
4.357735149e-09
4.356764481e-09
4.35512243e-09
4.352779784e-09
4.349969211e-09
4.34723571e-09
4.345321324e-09
4.344722282e-09
4.344801835e-09
4.341923403e-09
4.337484515e-09
4.331508406e-09
4.324197013e-09
4.316061835e-09
4.308014967e-09
4.301355491e-09
4.297536236e-09
4.328028328e-09
4.322918146e-09
4.315263106e-09
4.305272346e-09
4.293363664e-09
4.280306516e-09
4.267349622e-09
4.256301519e-09
4.249495595e-09
4.308147924e-09
4.300972571e-09
4.290344012e-09
4.276645524e-09
4.26049584e-09
4.242902333e-09
4.225421486e-09
4.210326441e-09
4.200758843e-09
4.285412523e-09
4.276332037e-09
4.262962752e-09
4.245850508e-09
4.225800458e-09
4.204038695e-09
4.182402202e-09
4.163586543e-09
4.151473106e-09
4.260065584e-09
4.249233235e-09
4.233345881e-09
4.213100582e-09
4.189474843e-09
4.163895146e-09
4.138453268e-09
4.116227613e-09
4.101774588e-09
4.232341389e-09
4.219903523e-09
4.201710427e-09
4.178599316e-09
4.151706458e-09
4.122641265e-09
4.093726123e-09
4.068385223e-09
4.051789003e-09
4.202464467e-09
4.188560415e-09
4.168263475e-09
4.142540263e-09
4.112672735e-09
4.080436649e-09
4.048362298e-09
4.020185035e-09
4.001632021e-09
4.170649166e-09
4.155411206e-09
4.133201869e-09
4.105106769e-09
4.07254101e-09
4.037430983e-09
4.002493612e-09
3.971743137e-09
3.951409713e-09
4.137099349e-09
4.120652723e-09
4.096712043e-09
4.066471895e-09
4.031468543e-09
3.993764161e-09
3.956242421e-09
3.923166401e-09
3.901219004e-09
4.102008212e-09
4.084471185e-09
4.058969945e-09
4.026798423e-09
3.989602616e-09
3.949566485e-09
3.909721897e-09
3.874552861e-09
3.851148124e-09
4.065558206e-09
4.047042174e-09
4.020141065e-09
3.986238945e-09
3.947080693e-09
3.904958898e-09
3.863036346e-09
3.8259921e-09
3.801277068e-09
4.027921055e-09
4.00853068e-09
3.98038053e-09
3.944936022e-09
3.904030646e-09
3.860053273e-09
3.816281554e-09
3.777565655e-09
3.751678042e-09
3.989257856e-09
3.969091236e-09
3.939833275e-09
3.903022405e-09
3.860571019e-09
3.814952724e-09
3.769545145e-09
3.72934743e-09
3.702415921e-09
3.949719246e-09
3.92886811e-09
3.89863428e-09
3.8606213e-09
3.816811339e-09
3.769751955e-09
3.722906968e-09
3.681404104e-09
3.653548688e-09
3.909445642e-09
3.887995562e-09
3.856908843e-09
3.817846684e-09
3.772852455e-09
3.724537627e-09
3.676439485e-09
3.63379555e-09
3.605127872e-09
3.868567517e-09
3.846598142e-09
3.814772906e-09
3.774803644e-09
3.728786901e-09
3.679388737e-09
3.630208167e-09
3.586575243e-09
3.557198976e-09
3.827205731e-09
3.804791029e-09
3.772333405e-09
3.731588748e-09
3.684699283e-09
3.634377014e-09
3.584271892e-09
3.53979067e-09
3.509801894e-09
3.78547189e-09
3.762680399e-09
3.729688654e-09
3.688290435e-09
3.640666668e-09
3.589567315e-09
3.538683347e-09
3.493483724e-09
3.462971307e-09
3.74346873e-09
3.720363817e-09
3.686928736e-09
3.64498941e-09
3.596758991e-09
3.545018022e-09
3.493489417e-09
3.447691095e-09
3.41673708e-09
3.701290524e-09
3.677930643e-09
3.644135915e-09
3.601759062e-09
3.553039455e-09
3.500781439e-09
3.448731568e-09
3.402444641e-09
3.371124625e-09
3.659023498e-09
3.635462449e-09
3.601385052e-09
3.558665864e-09
3.509564933e-09
3.456904177e-09
3.404446225e-09
3.357771754e-09
3.326155263e-09
3.616746256e-09
3.593033446e-09
3.558744026e-09
3.515769796e-09
3.466386372e-09
3.413427548e-09
3.360665139e-09
3.313695707e-09
3.281846561e-09
3.574530209e-09
3.550710901e-09
3.516274141e-09
3.473124738e-09
3.423549182e-09
3.370387935e-09
3.31741574e-09
3.270235995e-09
3.238212661e-09
3.532439999e-09
3.508555568e-09
3.474030555e-09
3.430778882e-09
3.381093614e-09
3.327817138e-09
3.274721466e-09
3.227408639e-09
3.195264575e-09
3.490533908e-09
3.466622078e-09
3.432062658e-09
3.388775107e-09
3.339055129e-09
3.285742733e-09
3.232602087e-09
3.18522649e-09
3.153010474e-09
3.448864269e-09
3.424959348e-09
3.390414463e-09
3.347151336e-09
3.29746473e-09
3.244188374e-09
3.191073994e-09
3.143699502e-09
3.111455952e-09
3.407477868e-09
3.383610974e-09
3.349124991e-09
3.305940917e-09
3.256349323e-09
3.203174137e-09
3.150150511e-09
3.102835007e-09
3.070604279e-09
3.366416337e-09
3.342615615e-09
3.308228638e-09
3.265172969e-09
3.215732037e-09
3.162716803e-09
3.109842152e-09
3.062637964e-09
3.030456637e-09
3.32571652e-09
3.302007347e-09
3.26775552e-09
3.224872703e-09
3.175632526e-09
3.122830142e-09
3.070156881e-09
3.023111188e-09
2.991012341e-09
3.285410829e-09
3.261816013e-09
3.227731803e-09
3.18506174e-09
3.136067262e-09
3.083525182e-09
3.031100353e-09
2.984255567e-09
2.952269032e-09
3.245527582e-09
3.222067551e-09
3.188180018e-09
3.145758401e-09
3.097049807e-09
3.044810451e-09
2.992676136e-09
2.946070266e-09
2.914222874e-09
3.206091327e-09
3.182784304e-09
3.149119359e-09
3.106977992e-09
3.05859107e-09
3.006692215e-09
2.954885919e-09
2.908552912e-09
2.876868718e-09
3.167123143e-09
3.143985315e-09
3.110565962e-09
3.068733062e-09
3.020699546e-09
2.969174692e-09
2.917729704e-09
2.871699765e-09
2.840200265e-09
3.128640932e-09
3.10568661e-09
3.072533171e-09
3.031033649e-09
2.983381544e-09
2.932260257e-09
2.881205988e-09
2.835505879e-09
2.804210211e-09
3.090659688e-09
3.067901455e-09
3.035031786e-09
2.993887513e-09
2.946641395e-09
2.895949624e-09
2.845311927e-09
2.799965246e-09
2.768890379e-09
3.053191753e-09
3.030640599e-09
2.99807029e-09
2.957300349e-09
2.910481648e-09
2.860242026e-09
2.810043489e-09
2.765070932e-09
2.734231839e-09
3.016247048e-09
2.993912509e-09
2.961655071e-09
2.921275985e-09
2.874903249e-09
2.825135374e-09
2.775395594e-09
2.730815196e-09
2.70022502e-09
2.979833305e-09
2.957723579e-09
2.925790618e-09
2.88581657e-09
2.839905708e-09
2.790626402e-09
2.741362243e-09
2.697189606e-09
2.666859814e-09
2.943956264e-09
2.922078328e-09
2.890479711e-09
2.850922741e-09
2.805487257e-09
2.756710806e-09
2.707936634e-09
2.664185136e-09
2.63412566e-09
2.90861987e-09
2.886979585e-09
2.85572359e-09
2.816593789e-09
2.771644989e-09
2.723383366e-09
2.675111274e-09
2.631792264e-09
2.602011632e-09
2.87382645e-09
2.852428659e-09
2.821522117e-09
2.782827796e-09
2.738374987e-09
2.690638065e-09
2.642878073e-09
2.600001052e-09
2.57050651e-09
2.839576876e-09
2.818425498e-09
2.787873923e-09
2.749621778e-09
2.705672449e-09
2.65846819e-09
2.611228433e-09
2.568801221e-09
2.53959885e-09
2.805870717e-09
2.78496883e-09
2.754776541e-09
2.716971802e-09
2.673531796e-09
2.626866426e-09
2.580153334e-09
2.538182223e-09
2.50927704e-09
2.772706381e-09
2.752056302e-09
2.722226535e-09
2.684873102e-09
2.641946769e-09
2.595824947e-09
2.549643402e-09
2.5081333e-09
2.479529355e-09
2.740081242e-09
2.719684598e-09
2.690219611e-09
2.653320183e-09
2.610910525e-09
2.565335492e-09
2.519688978e-09
2.47864354e-09
2.450344007e-09
2.707991757e-09
2.687849555e-09
2.65875072e-09
2.622306915e-09
2.580415719e-09
2.535389437e-09
2.490280177e-09
2.449701924e-09
2.421709185e-09
2.676433577e-09
2.656546262e-09
2.627814158e-09
2.59182662e-09
2.550454578e-09
2.50597786e-09
2.46140694e-09
2.421297375e-09
2.393613092e-09
2.645401644e-09
2.625769159e-09
2.59740365e-09
2.561872148e-09
2.521018972e-09
2.477091599e-09
2.433059087e-09
2.393418792e-09
2.366043982e-09
2.614890281e-09
2.59551212e-09
2.567512432e-09
2.53243595e-09
2.492100475e-09
2.448721305e-09
2.405226354e-09
2.366055088e-09
2.338990182e-09
2.584893277e-09
2.56576853e-09
2.538133316e-09
2.503510143e-09
2.463690419e-09
2.420857486e-09
2.377898435e-09
2.33919522e-09
2.312440128e-09
2.555403957e-09
2.536531356e-09
2.509258765e-09
2.475086567e-09
2.435779949e-09
2.393490553e-09
2.351065015e-09
2.312828216e-09
2.286382375e-09
2.526415252e-09
2.507793211e-09
2.480880939e-09
2.447156834e-09
2.408360059e-09
2.366610854e-09
2.324715797e-09
2.286943194e-09
2.260805627e-09
2.497919754e-09
2.479546409e-09
2.452991755e-09
2.419712373e-09
2.381421636e-09
2.340208703e-09
2.29884053e-09
2.261529385e-09
2.235698742e-09
2.469909772e-09
2.451783009e-09
2.425582925e-09
2.392744469e-09
2.354955488e-09
2.314274406e-09
2.27342902e-09
2.236576142e-09
2.211050746e-09
2.442377368e-09
2.424494859e-09
2.398645987e-09
2.36624429e-09
2.328952364e-09
2.288798273e-09
2.248471145e-09
2.212072948e-09
2.186850832e-09
2.415314393e-09
2.397673618e-09
2.372172333e-09
2.340202898e-09
2.303402964e-09
2.263770626e-09
2.223956847e-09
2.1880094e-09
2.163088353e-09
2.388712499e-09
2.371310772e-09
2.346153213e-09
2.314611258e-09
2.278297932e-09
2.239181775e-09
2.199876114e-09
2.164375193e-09
2.139752788e-09
2.362563142e-09
2.345397626e-09
2.320579721e-09
2.289460209e-09
2.253627827e-09
2.215021989e-09
2.176218929e-09
2.141160056e-09
2.116833685e-09
2.336857552e-09
2.319925273e-09
2.295442757e-09
2.264740414e-09
2.229383055e-09
2.191281408e-09
2.152975179e-09
2.118353653e-09
2.094320554e-09
2.311586681e-09
2.29488453e-09
2.270732947e-09
2.240442272e-09
2.205553759e-09
2.167949917e-09
2.130134503e-09
2.095945416e-09
2.072202691e-09
2.286741098e-09
2.270265824e-09
2.246440515e-09
2.216555759e-09
2.182129638e-09
2.145016932e-09
2.107686056e-09
2.073924285e-09
2.050468904e-09
2.262310829e-09
2.246059014e-09
2.22255508e-09
2.193070191e-09
2.159099675e-09
2.12247109e-09
2.085618152e-09
2.052278316e-09
2.029107093e-09
2.238285118e-09
2.222253128e-09
2.199065357e-09
2.169973894e-09
2.136451748e-09
2.100299802e-09
2.063917757e-09
2.030994114e-09
2.008103651e-09
2.214652088e-09
2.198835998e-09
2.175958752e-09
2.147253731e-09
2.114172087e-09
2.078488622e-09
2.042569777e-09
2.010056043e-09
1.987442617e-09
2.191398283e-09
2.175793764e-09
2.153220802e-09
2.124894461e-09
2.092244542e-09
2.057020414e-09
2.021556097e-09
1.989445154e-09
1.967104526e-09
2.168508061e-09
2.15311021e-09
2.130834439e-09
2.102877914e-09
2.070649627e-09
2.035874243e-09
2.00085433e-09
1.969137795e-09
1.947064916e-09
2.145962811e-09
2.130765926e-09
2.108779058e-09
2.081181922e-09
2.049363301e-09
2.015023985e-09
1.98043623e-09
1.949103834e-09
1.927292425e-09
2.123739969e-09
2.108737245e-09
2.08702934e-09
2.059778998e-09
2.028355466e-09
1.99443661e-09
1.960265748e-09
1.9293045e-09
1.90774646e-09
2.101811818e-09
2.08699496e-09
2.065553839e-09
2.038634754e-09
2.007588163e-09
1.974070137e-09
1.940296719e-09
1.909689806e-09
1.888374441e-09
2.080144059e-09
2.065502797e-09
2.044313309e-09
2.017706027e-09
1.987013477e-09
1.953871258e-09
1.9204702e-09
1.890195612e-09
1.869108652e-09
2.058694146e-09
2.044215646e-09
2.023258785e-09
1.996938769e-09
1.966571171e-09
1.9337727e-09
1.900711522e-09
1.870740383e-09
1.849862782e-09
2.037409417e-09
2.023077584e-09
2.002329445e-09
1.976265705e-09
1.946186112e-09
1.913690378e-09
1.880927154e-09
1.851221768e-09
1.830528299e-09
2.016225055e-09
2.002019746e-09
1.981450337e-09
1.955603861e-09
1.925765566e-09
1.893520452e-09
1.861001521e-09
1.831513179e-09
1.810970848e-09
1.995061925e-09
1.98095807e-09
1.960530012e-09
1.934852065e-09
1.905196543e-09
1.873136467e-09
1.840793947e-09
1.811460593e-09
1.791026937e-09
1.973824372e-09
1.959791048e-09
1.939458187e-09
1.913888521e-09
1.884343281e-09
1.852386793e-09
1.820136036e-09
1.790879848e-09
1.770501215e-09
1.952398111e-09
1.938397588e-09
1.918103602e-09
1.892568662e-09
1.863045126e-09
1.831092545e-09
1.798829696e-09
1.769554811e-09
1.749164723e-09
1.930648329e-09
1.916635154e-09
1.89631222e-09
1.87072346e-09
1.841115012e-09
1.809046316e-09
1.776646167e-09
1.747236726e-09
1.7267545e-09
1.908418163e-09
1.894338348e-09
1.87390598e-09
1.848158436e-09
1.818338826e-09
1.786011989e-09
1.753326385e-09
1.723645148e-09
1.702974979e-09
1.885527752e-09
1.871318138e-09
1.850682312e-09
1.824653593e-09
1.794475901e-09
1.761725948e-09
1.728583019e-09
1.698470842e-09
1.677501548e-09
1.86177405e-09
1.847361939e-09
1.826414648e-09
1.799964529e-09
1.769260925e-09
1.735899972e-09
1.702104506e-09
1.671380987e-09
1.64998667e-09
1.836931605e-09
1.822234761e-09
1.800854149e-09
1.77382497e-09
1.742407521e-09
1.708226089e-09
1.673561354e-09
1.642026962e-09
1.620068807e-09
1.810754526e-09
1.795681646e-09
1.773732864e-09
1.745950929e-09
1.713613692e-09
1.678383576e-09
1.642614906e-09
1.610054874e-09
1.587384326e-09
1.782979804e-09
1.767431554e-09
1.7447685e-09
1.716046674e-09
1.682569299e-09
1.646048247e-09
1.60892863e-09
1.575118868e-09
1.551582336e-09
1.753332156e-09
1.737202872e-09
1.71367093e-09
1.68381259e-09
1.648965619e-09
1.610904e-09
1.572181861e-09
1.53689702e-09
1.512342218e-09
1.721530505e-09
1.704710614e-09
1.680150504e-09
1.648954958e-09
1.612506936e-09
1.572656497e-09
1.532085734e-09
1.495109448e-09
1.469393347e-09
1.687296113e-09
1.669675338e-09
1.64392812e-09
1.611197544e-09
1.572923949e-09
1.531048636e-09
1.488400804e-09
1.449537955e-09
1.422536193e-09
1.650362352e-09
1.631833689e-09
1.604746914e-09
1.570294752e-09
1.529988651e-09
1.48587729e-09
1.440955664e-09
1.400046308e-09
1.371663727e-09
1.610485929e-09
1.590950361e-09
1.562385281e-09
1.526045956e-09
1.483530119e-09
1.437010587e-09
1.389665584e-09
1.346599952e-09
1.316781747e-09
1.56745932e-09
1.546831156e-09
1.516670804e-09
1.478310444e-09
1.433450486e-09
1.384404786e-09
1.334550007e-09
1.289283756e-09
1.258026553e-09
1.521123971e-09
1.499336647e-09
1.467494502e-09
1.427022248e-09
1.379740201e-09
1.328119627e-09
1.275747558e-09
1.228316236e-09
1.195678253e-09
1.471383749e-09
1.448395833e-09
1.414824668e-09
1.372203988e-09
1.322491505e-09
1.268330931e-09
1.213527137e-09
1.164058658e-09
1.130168006e-09
1.418217933e-09
1.394019027e-09
1.358719436e-09
1.31397872e-09
1.261909003e-09
1.20533914e-09
1.148293691e-09
1.097017564e-09
1.062077722e-09
1.361692947e-09
1.3363091e-09
1.299337114e-09
1.252578757e-09
1.198316162e-09
1.139572608e-09
1.080587439e-09
1.02783952e-09
9.92131149e-10
1.30197195e-09
1.275470161e-09
1.236943298e-09
1.188350408e-09
1.132156708e-09
1.071584619e-09
1.011075673e-09
9.57297454e-10
9.211758738e-10
1.239321373e-09
1.211812732e-09
1.171913844e-09
1.121753731e-09
1.06399008e-09
1.0020435e-09
9.405367633e-10
8.862685218e-10
8.50156582e-10
1.174113516e-09
1.145754574e-09
1.104732877e-09
1.053356629e-09
9.944804793e-10
9.317156448e-10
8.698366125e-10
8.1570428e-10
7.800807328e-10
1.106824488e-09
1.0778165e-09
1.035985323e-09
9.838229438e-10
9.243794789e-10
8.614418664e-10
7.998985066e-10
7.465946913e-10
7.119787131e-10
1.038026961e-09
1.00861276e-09
9.663437481e-10
9.138946625e-10
8.545027361e-10
7.921081884e-10
7.316682571e-10
6.799288228e-10
6.468622154e-10
9.683775449e-10
9.388359907e-10
8.96549747e-10
8.443688714e-10
7.857020779e-10
7.246134124e-10
6.660788994e-10
6.166599696e-10
5.856931023e-10
8.985989764e-10
8.692370872e-10
8.273906165e-10
7.760708158e-10
7.188355234e-10
6.59838834e-10
6.040275925e-10
5.577061185e-10
5.294292423e-10
8.294577495e-10
8.006009179e-10
7.596726874e-10
7.098254085e-10
6.547399322e-10
5.986314996e-10
5.463980037e-10
5.040980245e-10
4.795606997e-10
7.617383723e-10
7.337193707e-10
6.941935002e-10
6.464307727e-10
5.942127907e-10
5.418130221e-10
4.941472526e-10
4.572902231e-10
4.374482075e-10
6.962161487e-10
6.69364283e-10
6.317168015e-10
5.866409884e-10
5.380170896e-10
4.902394448e-10
4.484829434e-10
4.177326783e-10
4.021870131e-10
6.33631631e-10
6.0826505e-10
5.72959345e-10
5.311778032e-10
4.869578921e-10
4.45043776e-10
4.098011534e-10
3.848630503e-10
3.738875203e-10
5.746730848e-10
5.511015568e-10
5.186112864e-10
4.808214214e-10
4.421474832e-10
4.066392334e-10
3.776059605e-10
3.587589041e-10
3.524175451e-10
5.199863551e-10
4.985436956e-10
4.694511675e-10
4.367221356e-10
4.039707759e-10
3.745276536e-10
3.519599902e-10
3.393780136e-10
3.381715233e-10
4.702960918e-10
4.514603682e-10
4.267542173e-10
3.99097609e-10
3.71906886e-10
3.487283749e-10
3.327804284e-10
3.270489349e-10
3.315376544e-10
4.270399516e-10
4.112112742e-10
3.903212808e-10
3.674209335e-10
3.459432334e-10
3.291248755e-10
3.203305526e-10
3.221005261e-10
3.329701785e-10
3.900226017e-10
3.768072309e-10
3.596569878e-10
3.41668682e-10
3.259429568e-10
3.159329016e-10
3.148779104e-10
3.249376106e-10
3.430746438e-10
3.586430087e-10
3.481190655e-10
3.347954187e-10
3.217021419e-10
3.120921128e-10
3.093725027e-10
3.167586369e-10
3.361209136e-10
3.627098598e-10
3.32905476e-10
3.249491935e-10
3.155744188e-10
3.076898674e-10
3.045783589e-10
3.097205647e-10
3.26445968e-10
3.564610243e-10
3.931125687e-10
3.126608401e-10
3.074421921e-10
3.0219343e-10
2.998038815e-10
3.036351644e-10
3.173683224e-10
3.446304549e-10
3.87132184e-10
4.360531113e-10
2.980926278e-10
2.957343882e-10
2.948090354e-10
2.98247831e-10
3.095901249e-10
3.328891317e-10
3.723164017e-10
4.298133395e-10
4.940347949e-10
2.893302142e-10
2.899642073e-10
2.936052948e-10
3.033058216e-10
3.229245803e-10
3.571198959e-10
4.109402117e-10
4.868675709e-10
5.705559046e-10
2.865145285e-10
2.903105051e-10
2.988437031e-10
3.153978044e-10
3.443443015e-10
3.912596767e-10
4.625187149e-10
5.6157554e-10
6.704608535e-10
2.89844634e-10
2.970376719e-10
3.109156438e-10
3.351432714e-10
3.748635631e-10
4.369907245e-10
5.298376423e-10
6.5844161e-10
8.004122224e-10
2.99625301e-10
3.105469838e-10
3.304021885e-10
3.634357297e-10
4.159056911e-10
4.966261735e-10
6.166849517e-10
7.835772794e-10
9.694919491e-10
3.163204133e-10
3.314355767e-10
3.581434377e-10
4.015298055e-10
4.694196959e-10
5.732738726e-10
7.28086772e-10
9.4504708e-10
1.189715043e-09
3.40614446e-10
3.605649525e-10
3.953192224e-10
4.511397852e-10
5.379965462e-10
6.709398777e-10
8.702690723e-10
1.152354738e-09
1.47464782e-09
3.73484699e-10
3.991418624e-10
4.435429893e-10
5.145428487e-10
6.249333781e-10
7.943123874e-10
1.049209088e-09
1.410688005e-09
1.822911221e-09
4.162883783e-10
4.48816407e-10
5.049745794e-10
5.946909626e-10
7.342212118e-10
9.479525876e-10
1.265598279e-09
1.694408336e-09
2.084919911e-09
4.708700175e-10
5.118041933e-10
5.824655608e-10
6.953891919e-10
8.707980788e-10
1.136968005e-09
1.51830885e-09
1.966789598e-09
2.379415771e-09
5.396931605e-10
5.910289524e-10
6.797000079e-10
8.213576932e-10
1.040260359e-09
1.365752805e-09
1.802697928e-09
2.241750031e-09
2.749131735e-09
6.259972477e-10
6.902692741e-10
8.012383711e-10
9.777292149e-10
1.245814441e-09
1.623376557e-09
2.043327821e-09
2.576387905e-09
3.229760884e-09
7.339759277e-10
8.142962212e-10
9.524570306e-10
1.169181679e-09
1.484338029e-09
1.868503738e-09
2.331415374e-09
3.016607001e-09
3.854129194e-09
8.68918341e-10
9.688639105e-10
1.139043626e-09
1.397884994e-09
1.739354913e-09
2.121906231e-09
2.703940913e-09
3.59925976e-09
4.649604696e-09
1.037003103e-09
1.15982764e-09
1.364126181e-09
1.655530188e-09
1.967455334e-09
2.433367038e-09
3.198451811e-09
4.360149059e-09
5.63642489e-09
1.243414519e-09
1.388261745e-09
1.613153519e-09
1.866258658e-09
2.232221262e-09
2.842199708e-09
3.853677085e-09
5.328567058e-09
6.81829734e-09
1.483398048e-09
1.632026274e-09
1.817271656e-09
2.100164052e-09
2.57404276e-09
3.386424826e-09
4.706869234e-09
6.518318701e-09
8.181445984e-09
1.696176175e-09
1.821140237e-09
2.032960007e-09
2.396564609e-09
3.028341742e-09
4.105188592e-09
5.785946409e-09
7.918798494e-09
9.692471085e-09
1.880657382e-09
2.029755217e-09
2.304181787e-09
2.789023854e-09
3.632432343e-09
5.03441848e-09
7.097411429e-09
9.492974511e-09
1.130224026e-08
2.10045392e-09
2.296499523e-09
2.663210679e-09
3.312386329e-09
4.424810187e-09
6.197735212e-09
8.619593066e-09
1.118283105e-08
1.295360401e-08
2.388639268e-09
2.651275641e-09
3.142703069e-09
4.00442436e-09
5.438612967e-09
7.594506973e-09
1.030297356e-08
1.292052645e-08
1.459029446e-08
2.773719579e-09
3.125381948e-09
3.779009836e-09
4.902189506e-09
6.691006073e-09
9.195388316e-09
1.207971442e-08
1.464050228e-08
1.616422152e-08
3.287474313e-09
3.75458322e-09
4.610358751e-09
6.033837474e-09
8.174056498e-09
1.094518844e-08
1.387713573e-08
1.628829143e-08
1.763947686e-08
3.966937043e-09
4.577834225e-09
5.670482921e-09
7.40777984e-09
9.851695122e-09
1.277356179e-08
1.562970961e-08
1.782459421e-08
1.899306369e-08
4.852427688e-09
5.631316057e-09
6.977800425e-09
9.006084238e-09
1.166480145e-08
1.46082125e-08
1.728626516e-08
1.922532977e-08
2.021336349e-08
5.980034277e-09
6.937940237e-09
8.527135342e-09
1.078410244e-08
1.354224895e-08
1.638561165e-08
1.881211773e-08
2.047924999e-08
2.12975097e-08
7.371028426e-09
8.498052411e-09
1.028556877e-08
1.267748556e-08
1.541305806e-08
1.805682753e-08
2.018758284e-08
2.158453303e-08
2.224846455e-08
9.02152911e-09
1.028324581e-08
1.219568675e-08
1.461337053e-08
1.721559353e-08
1.958867456e-08
2.140460552e-08
2.254512849e-08
2.307201085e-08
1.089639151e-08
1.223757154e-08
1.418486818e-08
1.652136443e-08
1.890219674e-08
2.096170218e-08
2.246267958e-08
2.336689825e-08
2.37731014e-08
1.293159556e-08
1.428598253e-08
1.617684112e-08
1.834131773e-08
2.043982532e-08
2.216673745e-08
2.336466572e-08
2.405292847e-08
2.434914545e-08
1.504455475e-08
1.634663768e-08
1.810178e-08
2.002712452e-08
2.180844012e-08
2.320173211e-08
2.411383623e-08
2.459826539e-08
2.47697183e-08
1.714813096e-08
1.834276716e-08
1.990288404e-08
2.15474347e-08
2.29990887e-08
2.407121853e-08
2.471855406e-08
2.500777475e-08
2.502756743e-08
1.916336357e-08
2.021104586e-08
2.15391347e-08
2.288440569e-08
2.40118477e-08
2.47857188e-08
2.519563757e-08
2.531373821e-08
2.522140627e-08
2.102770455e-08
2.19054973e-08
2.298503179e-08
2.403126116e-08
2.485250406e-08
2.535496381e-08
2.554634352e-08
2.547759091e-08
2.534396314e-08
2.269811052e-08
2.339765856e-08
2.422869478e-08
2.499017866e-08
2.553225057e-08
2.579511808e-08
2.579747302e-08
2.558178305e-08
2.542292334e-08
2.415014302e-08
2.46743759e-08
2.526906851e-08
2.576934414e-08
2.606292479e-08
2.611297856e-08
2.593061901e-08
2.564020847e-08
2.546949787e-08
2.537489462e-08
2.573467476e-08
2.611328459e-08
2.638149248e-08
2.645932237e-08
2.632548113e-08
2.598447986e-08
2.566131543e-08
2.548907427e-08
2.637525451e-08
2.658648075e-08
2.677384586e-08
2.684077479e-08
2.673195057e-08
2.64289964e-08
2.599479207e-08
2.565709886e-08
2.548786707e-08
2.716243835e-08
2.724373022e-08
2.726645002e-08
2.716201456e-08
2.689226859e-08
2.643584683e-08
2.596735249e-08
2.563165315e-08
2.546904074e-08
2.775303352e-08
2.772376858e-08
2.760753206e-08
2.735713761e-08
2.694061361e-08
2.639304878e-08
2.591471441e-08
2.55895976e-08
2.543540325e-08
2.816649835e-08
2.804513486e-08
2.781275851e-08
2.743699073e-08
2.688765427e-08
2.631196959e-08
2.584285837e-08
2.553388243e-08
2.538904283e-08
2.842272248e-08
2.822481534e-08
2.789208442e-08
2.739375e-08
2.677943329e-08
2.620511138e-08
2.575657089e-08
2.546679516e-08
2.533164676e-08
2.853975154e-08
2.827732411e-08
2.785543225e-08
2.72611801e-08
2.663487929e-08
2.608072831e-08
2.565935583e-08
2.53901577e-08
2.526464691e-08
2.852824398e-08
2.820607417e-08
2.769034248e-08
2.707475206e-08
2.646633452e-08
2.594433682e-08
2.555373295e-08
2.530544939e-08
2.518929695e-08
2.83787647e-08
2.799143002e-08
2.745446682e-08
2.685647785e-08
2.628314148e-08
2.580005297e-08
2.544167329e-08
2.521395839e-08
2.510675155e-08
2.809158691e-08
2.769956718e-08
2.718248575e-08
2.662127881e-08
2.609224876e-08
2.565105424e-08
2.532482987e-08
2.511687839e-08
2.501812177e-08
2.774418293e-08
2.737470298e-08
2.689433347e-08
2.63794446e-08
2.58987392e-08
2.549981704e-08
2.520464276e-08
2.501534928e-08
2.492449729e-08
2.737819658e-08
2.70398522e-08
2.660300969e-08
2.613811571e-08
2.57062838e-08
2.534827984e-08
2.508238607e-08
2.491046329e-08
2.482694409e-08
2.701273776e-08
2.670830929e-08
2.631693245e-08
2.590211308e-08
2.551747408e-08
2.51979561e-08
2.49591867e-08
2.480325472e-08
2.472648893e-08
2.665854846e-08
2.638814763e-08
2.604142085e-08
2.567455027e-08
2.533408122e-08
2.505001651e-08
2.483603138e-08
2.469468438e-08
2.462409992e-08
2.632194075e-08
2.60841774e-08
2.577963919e-08
2.545730229e-08
2.515726176e-08
2.490535266e-08
2.471377062e-08
2.458562539e-08
2.452066892e-08
2.600642316e-08
2.579900081e-08
2.553324353e-08
2.525136141e-08
2.498771737e-08
2.476462803e-08
2.459312358e-08
2.44768533e-08
2.441699849e-08
2.571357185e-08
2.553368877e-08
2.530284516e-08
2.505710375e-08
2.482581676e-08
2.462831944e-08
2.447468495e-08
2.436904124e-08
2.431379439e-08
2.544361944e-08
2.52882653e-08
2.508835123e-08
2.487448597e-08
2.467168748e-08
2.44967512e-08
2.435893378e-08
2.42627598e-08
2.421166311e-08
2.519589764e-08
2.506206879e-08
2.488921461e-08
2.470318857e-08
2.452528481e-08
2.437012357e-08
2.424624395e-08
2.415848072e-08
2.411111386e-08
2.496917692e-08
2.485402072e-08
2.470461468e-08
2.454271913e-08
2.438644338e-08
2.424853689e-08
2.413689585e-08
2.405658372e-08
2.401256397e-08
2.476191981e-08
2.466282003e-08
2.453358518e-08
2.439248569e-08
2.42549159e-08
2.413201213e-08
2.403108855e-08
2.395736544e-08
2.391634705e-08
2.457246076e-08
2.448707797e-08
2.43751019e-08
2.425184814e-08
2.413040245e-08
2.402050874e-08
2.392895256e-08
2.386105027e-08
2.382272341e-08
2.439912674e-08
2.43254076e-08
2.422814121e-08
2.412015398e-08
2.401257304e-08
2.391394091e-08
2.383056349e-08
2.376780343e-08
2.373189336e-08
2.424031233e-08
2.417647923e-08
2.409171687e-08
2.399676268e-08
2.390108552e-08
2.381219302e-08
2.373595744e-08
2.367774739e-08
2.364401485e-08
2.409452318e-08
2.403905319e-08
2.396490366e-08
2.388106399e-08
2.379560235e-08
2.371513741e-08
2.364515124e-08
2.359098547e-08
2.355922974e-08
2.396039777e-08
2.391199719e-08
2.384685203e-08
2.377249296e-08
2.369580878e-08
2.362265782e-08
2.355817285e-08
2.350763968e-08
2.347770748e-08
2.383672249e-08
2.3794302e-08
2.373680651e-08
2.367055366e-08
2.360144424e-08
2.353469106e-08
2.347511569e-08
2.342791899e-08
2.339972437e-08
2.372245778e-08
2.36851113e-08
2.363414233e-08
2.357486614e-08
2.351236394e-08
2.345130788e-08
2.339624348e-08
2.335225012e-08
2.332581455e-08
2.361685055e-08
2.358384169e-08
2.353849677e-08
2.348531313e-08
2.342870546e-08
2.337290517e-08
2.332221419e-08
2.328153725e-08
2.325705992e-08
2.351985541e-08
2.349060651e-08
2.345019834e-08
2.340247856e-08
2.33513411e-08
2.330067679e-08
2.325457404e-08
2.321768248e-08
2.319563529e-08
2.343377961e-08
2.340782949e-08
2.337183666e-08
2.332915625e-08
2.328330198e-08
2.32379231e-08
2.319692424e-08
2.316460999e-08
2.314574683e-08
2.336946338e-08
2.334615534e-08
2.331377433e-08
2.32753522e-08
2.323416418e-08
2.319371197e-08
2.31577581e-08
2.313025337e-08
2.311498244e-08
1.068715944e-28
4.480988682e-28
1.146034377e-27
2.482076118e-27
4.994992801e-27
9.72720953e-27
1.874806069e-26
3.618148651e-26
7.031785853e-26
1.378972394e-25
2.728700823e-25
5.442915971e-25
1.092943783e-24
2.206339083e-24
4.472452588e-24
9.095036619e-24
1.854064944e-23
3.786694924e-23
7.745026861e-23
1.585876391e-22
3.250029656e-22
6.664778056e-22
1.367367641e-21
2.806159548e-21
5.759589074e-21
1.18205876e-20
2.425292082e-20
4.973518758e-20
1.019106181e-19
2.085911418e-19
4.263252739e-19
8.697374441e-19
1.770344515e-18
3.593867054e-18
7.272920668e-18
1.466585703e-17
2.945596413e-17
5.890237697e-17
1.172270306e-16
2.321223291e-16
4.571686332e-16
8.953583242e-16
1.743320248e-15
3.373767119e-15
6.487771578e-15
1.239306918e-14
2.350680037e-14
4.425255204e-14
8.264165592e-14
1.530311599e-13
2.808966446e-13
5.110618091e-13
9.219107505e-13
1.650084186e-12
2.933720791e-12
5.188514796e-12
9.140931608e-12
1.606122548e-11
2.815227439e-11
4.911718784e-11
8.445830085e-11
1.425875095e-10
2.359228327e-10
3.799780822e-10
5.896234479e-10
8.702155276e-10
1.205032811e-09
1.549378404e-09
1.846378612e-09
2.059646831e-09
2.190128974e-09
2.26199824e-09
2.300978525e-09
2.324594671e-09
2.342064547e-09
2.357364807e-09
2.37161511e-09
2.384577321e-09
2.395605518e-09
2.404202351e-09
2.41033912e-09
2.414610721e-09
2.418257328e-09
2.423072502e-09
2.431219337e-09
2.44498405e-09
2.466504699e-09
2.497517368e-09
2.539159582e-09
2.591858833e-09
2.655317608e-09
2.728585173e-09
2.810162927e-09
2.898475965e-09
2.991814383e-09
3.08904215e-09
3.19094816e-09
3.296808198e-09
3.402710045e-09
3.5062472e-09
3.60587063e-09
3.700542518e-09
3.78955519e-09
3.8724319e-09
3.948867345e-09
4.018688224e-09
4.081824832e-09
4.138289465e-09
4.188159496e-09
4.231563874e-09
4.268672254e-09
4.299686168e-09
4.324831806e-09
4.344354066e-09
4.358511616e-09
4.367572759e-09
4.371811951e-09
4.371506837e-09
4.366935735e-09
4.358375469e-09
4.346099524e-09
4.330376464e-09
4.311468588e-09
4.289630803e-09
4.26510968e-09
4.238142693e-09
4.208957616e-09
4.177772061e-09
4.144793155e-09
4.110217336e-09
4.074230252e-09
4.037006766e-09
3.998711036e-09
3.959496679e-09
3.919506988e-09
3.878875212e-09
3.837724875e-09
3.796170128e-09
3.754316139e-09
3.712259487e-09
3.670088587e-09
3.627884112e-09
3.585719422e-09
3.543660994e-09
3.50176883e-09
3.460096873e-09
3.418693416e-09
3.377601495e-09
3.336859261e-09
3.296500339e-09
3.256554174e-09
3.217046355e-09
3.177998924e-09
3.139430672e-09
3.101357412e-09
3.063792236e-09
3.026745759e-09
2.990226342e-09
2.954240307e-09
2.918792126e-09
2.883884609e-09
2.849519067e-09
2.815695467e-09
2.782412579e-09
2.749668103e-09
2.717458793e-09
2.685780563e-09
2.654628596e-09
2.623997428e-09
2.593881039e-09
2.564272924e-09
2.535166164e-09
2.506553487e-09
2.478427318e-09
2.450779822e-09
2.423602941e-09
2.396888406e-09
2.370627745e-09
2.344812254e-09
2.319432948e-09
2.294480465e-09
2.269944909e-09
2.245815624e-09
2.222080868e-09
2.198727373e-09
2.175739763e-09
2.153099792e-09
2.130785404e-09
2.108769566e-09
2.087018886e-09
2.065491995e-09
2.044137727e-09
2.022893127e-09
2.001681319e-09
1.980409346e-09
1.958966059e-09
1.937220207e-09
1.91501888e-09
1.892186473e-09
1.868524384e-09
1.843811628e-09
1.817806592e-09
1.790250101e-09
1.760869963e-09
1.729387108e-09
1.695523377e-09
1.659010919e-09
1.619603081e-09
1.577086536e-09
1.531294257e-09
1.482118853e-09
1.429525572e-09
1.373564233e-09
1.314379203e-09
1.252216515e-09
1.187427266e-09
1.120466506e-09
1.05188708e-09
9.823281349e-10
9.124984054e-10
8.431548032e-10
7.750773583e-10
7.090421783e-10
6.457950214e-10
5.860304333e-10
5.303920057e-10
4.79565804e-10
4.348408496e-10
3.965901082e-10
3.639919816e-10
3.370351937e-10
3.155249972e-10
2.996421082e-10
2.895116492e-10
2.852606181e-10
2.870626229e-10
2.951836071e-10
3.100329391e-10
3.322219631e-10
3.626324904e-10
4.02498971e-10
4.535094608e-10
5.179308085e-10
5.987627818e-10
6.999216843e-10
8.264202233e-10
9.843535855e-10
1.179829313e-09
1.412800437e-09
1.642270658e-09
1.819546854e-09
2.021170448e-09
2.282661894e-09
2.63161609e-09
3.09779054e-09
3.716385314e-09
4.52769872e-09
5.571842298e-09
6.87828003e-09
8.454701264e-09
1.027765084e-08
1.229122974e-08
1.441524226e-08
1.655937559e-08
1.863780054e-08
2.057975876e-08
2.233451037e-08
2.387142495e-08
2.517713133e-08
2.625158632e-08
2.710428561e-08
2.775107309e-08
2.821150094e-08
2.850640637e-08
2.865539694e-08
2.86723474e-08
2.855678105e-08
2.828290771e-08
2.792791332e-08
2.754727079e-08
2.716527365e-08
2.679428662e-08
2.644142856e-08
2.611069677e-08
2.580395918e-08
2.552158883e-08
2.526294231e-08
2.502673296e-08
2.481131504e-08
2.461488826e-08
2.443563629e-08
2.427181356e-08
2.412179527e-08
2.398410216e-08
2.385741584e-08
2.374060354e-08
2.363282706e-08
2.353396324e-08
2.344626449e-08
2.338066278e-08
)
;

boundaryField
{
    outlet
    {
        type            inletOutlet;
        inletValue      uniform 0;
        value           nonuniform List<scalar> 10(2.336946338e-08 2.334615534e-08 2.331377433e-08 2.32753522e-08 2.323416418e-08 2.319371197e-08 2.31577581e-08 2.313025337e-08 2.311498244e-08 2.338066278e-08);
    }
    inlet
    {
        type            fixedValue;
        value           uniform 0;
    }
    front
    {
        type            wedge;
    }
    wall
    {
        type            zeroGradient;
    }
    back
    {
        type            wedge;
    }
}


// ************************************************************************* //
