/*--------------------------------*- C++ -*----------------------------------*\
| =========                 |                                                 |
| \\      /  F ield         | OpenFOAM: The Open Source CFD Toolbox           |
|  \\    /   O peration     | Version:  2212                                  |
|   \\  /    A nd           | Website:  www.openfoam.com                      |
|    \\/     M anipulation  |                                                 |
\*---------------------------------------------------------------------------*/
FoamFile
{
    version     2.0;
    format      ascii;
    arch        "LSB;label=32;scalar=64";
    class       volScalarField;
    location    "20.00000000";
    object      H2_0;
}
// * * * * * * * * * * * * * * * * * * * * * * * * * * * * * * * * * * * * * //

dimensions      [0 0 0 0 0 0 0];

internalField   nonuniform List<scalar> 
3000
(
5.382910579e-22
6.047174078e-22
7.049566874e-22
8.385390889e-22
1.004111788e-21
1.197184356e-21
1.406128948e-21
1.605519164e-21
1.746503378e-21
2.021080756e-21
2.279640338e-21
2.669645882e-21
3.190530688e-21
3.841795291e-21
4.619870321e-21
5.511249142e-21
6.4711253e-21
7.321220553e-21
4.527548333e-21
5.146896409e-21
6.090017925e-21
7.370593739e-21
9.011672205e-21
1.1037131e-20
1.343893779e-20
1.608246814e-20
1.834119017e-20
8.624637341e-21
9.907149951e-21
1.188875474e-20
1.46365558e-20
1.824796305e-20
2.281486666e-20
2.831232216e-20
3.430074032e-20
3.913387848e-20
1.5317125e-20
1.781077951e-20
2.172436365e-20
2.725679305e-20
3.466840046e-20
4.416715495e-20
5.559434773e-20
6.773044048e-20
7.704661114e-20
2.634288616e-20
3.102362052e-20
3.847497429e-20
4.917273927e-20
6.368785282e-20
8.238609014e-20
1.047091699e-19
1.278425708e-19
1.449578949e-19
4.472928981e-20
5.332839125e-20
6.717696246e-20
8.72835368e-20
1.147682776e-19
1.501785047e-19
1.920502251e-19
2.34595068e-19
2.652952946e-19
7.571504587e-20
9.12793676e-20
1.165679988e-19
1.535681453e-19
2.043442614e-19
2.696289754e-19
3.461483612e-19
4.227657624e-19
4.771306028e-19
1.28384726e-19
1.562592288e-19
2.018411715e-19
2.688687684e-19
3.610132818e-19
4.791623041e-19
6.166447672e-19
7.528715389e-19
8.484675094e-19
2.184862022e-19
2.680174014e-19
3.493807801e-19
4.694043066e-19
6.344945515e-19
8.456087461e-19
1.089900665e-18
1.330190198e-18
1.497568137e-18
3.733508323e-19
4.608589836e-19
6.050514277e-19
8.181638756e-19
1.111264444e-18
1.485180693e-18
1.916034009e-18
2.337678771e-18
2.629990143e-18
6.404511549e-19
7.94412567e-19
1.048629685e-18
1.424753336e-18
1.941779951e-18
2.59991572e-18
3.35570056e-18
4.092731804e-18
4.602570554e-18
1.102314126e-18
1.37242555e-18
1.819037631e-18
2.48013448e-18
3.388080935e-18
4.541022567e-18
5.860311938e-18
7.143084962e-18
8.033700551e-18
1.902443016e-18
2.375484204e-18
3.158406589e-18
4.317598903e-18
5.907878935e-18
7.920962288e-18
1.021064416e-17
1.24200033e-17
1.399696116e-17
3.290201891e-18
4.117706069e-18
5.488662304e-18
7.5198092e-18
1.030591474e-17
1.382483349e-17
1.778604348e-17
2.141976803e-17
2.440520983e-17
5.698187159e-18
7.144109028e-18
9.542342101e-18
1.310103987e-17
1.799719927e-17
2.422947449e-17
3.141354251e-17
3.859345738e-17
4.307918882e-17
9.875786164e-18
1.239759588e-17
1.658236005e-17
2.279359209e-17
3.133641002e-17
4.218980211e-17
5.460812648e-17
6.664985202e-17
7.482589057e-17
1.712234334e-17
2.151338984e-17
2.880111535e-17
3.961622644e-17
5.44813777e-17
7.334091844e-17
9.487005966e-17
1.156953078e-16
1.299519628e-16
2.96925077e-17
3.733003845e-17
5.000687345e-17
6.881741113e-17
9.466303517e-17
1.274349668e-16
1.648219045e-16
2.009735777e-16
2.25738809e-16
5.150004262e-17
6.477594328e-17
8.681310655e-17
1.19511934e-16
1.644329093e-16
2.213774515e-16
2.863221395e-16
3.491056927e-16
3.921094528e-16
8.933983933e-17
1.124085001e-16
1.50703905e-16
2.075269072e-16
2.855825024e-16
3.845142959e-16
4.97320809e-16
6.063485754e-16
6.810146079e-16
1.55010029e-16
1.950870203e-16
2.616211978e-16
3.603453138e-16
4.959494721e-16
6.677976382e-16
8.637091455e-16
1.053020286e-15
1.182643116e-15
2.689972863e-16
3.386145881e-16
4.5419408e-16
6.256892137e-16
8.612306019e-16
1.159685758e-15
1.499870969e-15
1.828531669e-15
2.05353862e-15
4.668768125e-16
5.877991962e-16
7.885556557e-16
1.086419973e-15
1.495479255e-15
2.013715201e-15
2.604294442e-15
3.174751969e-15
3.565241392e-15
8.104237458e-16
1.020448317e-15
1.369118627e-15
1.886395249e-15
2.596664715e-15
3.496313368e-15
4.52129567e-15
5.511105432e-15
6.188502994e-15
1.40689946e-15
1.771658076e-15
2.377155637e-15
3.275318987e-15
4.508313584e-15
6.069621082e-15
7.84785929e-15
9.564501755e-15
1.073897753e-14
2.442511294e-15
3.07594993e-15
4.127303711e-15
5.686479508e-15
7.826251961e-15
1.053474529e-14
1.361820263e-14
1.659350362e-14
1.862828724e-14
4.240397942e-15
5.340277584e-15
7.165418951e-15
9.871276347e-15
1.358314305e-14
1.827909888e-14
2.362195409e-14
2.877418592e-14
3.229573791e-14
7.360994545e-15
9.270357815e-15
1.243780065e-14
1.713162564e-14
2.356682594e-14
3.170230909e-14
4.095094357e-14
4.98619593e-14
5.594777195e-14
1.277544496e-14
1.608885325e-14
2.158320382e-14
2.972045126e-14
4.086785837e-14
5.494707928e-14
7.09351005e-14
8.632156986e-14
9.681826061e-14
2.216453707e-14
2.791123803e-14
3.743529101e-14
5.152954977e-14
7.08176945e-14
9.514782063e-14
1.227362206e-13
1.492454361e-13
1.673032868e-13
3.843253593e-14
4.839124642e-14
6.488405858e-14
8.926612928e-14
1.225884493e-13
1.645519977e-13
2.120448815e-13
2.575874917e-13
2.885501841e-13
6.658729048e-14
8.382490743e-14
1.123460922e-13
1.544548143e-13
2.119046061e-13
2.840997303e-13
3.656092456e-13
4.435689451e-13
4.964379381e-13
1.15241393e-13
1.450300999e-13
1.942604126e-13
2.668231057e-13
3.656068017e-13
4.894152803e-13
6.287715798e-13
7.616262403e-13
8.514399397e-13
1.991601599e-13
2.505287046e-13
3.352983558e-13
4.599843695e-13
6.292684323e-13
8.407412131e-13
1.077879998e-12
1.303057384e-12
1.45470106e-12
3.435623425e-13
4.318998473e-13
5.774124123e-13
7.908969355e-13
1.079785265e-12
1.439233663e-12
1.840491186e-12
2.219699672e-12
2.473911468e-12
5.913337783e-13
7.427207557e-13
9.915402054e-13
1.355458008e-12
1.845961104e-12
2.453374957e-12
3.127835782e-12
3.761698291e-12
4.184382129e-12
1.015042779e-12
1.27338003e-12
1.696857851e-12
2.313939392e-12
3.141770879e-12
4.161235999e-12
5.286281986e-12
6.336910622e-12
7.033336583e-12
1.736800397e-12
2.175404632e-12
2.892131342e-12
3.932000739e-12
5.319429007e-12
7.017184946e-12
8.877769152e-12
1.060301289e-11
1.173911731e-11
2.960813381e-12
3.701029891e-12
4.906211791e-12
6.646014884e-12
8.95293635e-12
1.175572183e-11
1.480374409e-11
1.760830845e-11
1.944215277e-11
5.026258273e-12
6.266905785e-12
8.278427623e-12
1.116579927e-11
1.496783814e-11
1.955086418e-11
2.4493497e-11
2.900409452e-11
3.193168151e-11
8.492321679e-12
1.055555003e-11
1.38850426e-11
1.863409087e-11
2.484005469e-11
3.225752045e-11
4.018662295e-11
4.736094299e-11
5.198213205e-11
1.427353716e-11
1.767507599e-11
2.313574106e-11
3.087093154e-11
4.089660364e-11
5.277240017e-11
6.535154955e-11
7.663438562e-11
8.384675155e-11
2.385274936e-11
2.940770104e-11
3.82751605e-11
5.074349253e-11
6.67648549e-11
8.556737805e-11
1.052989466e-10
1.228436367e-10
1.339749871e-10
3.961225381e-11
4.859170458e-11
6.283999553e-11
8.271903929e-11
1.080360674e-10
1.374694375e-10
1.680721079e-10
1.950519948e-10
2.120461798e-10
6.534230584e-11
7.970131324e-11
1.023437065e-10
1.3368244e-10
1.732352751e-10
2.187905057e-10
2.657284006e-10
3.06771922e-10
3.324479045e-10
1.070120494e-10
1.297163277e-10
1.652904336e-10
2.141321422e-10
2.752256732e-10
3.449504805e-10
4.161696762e-10
4.779647747e-10
5.163761763e-10
1.739232517e-10
2.094106035e-10
2.646600272e-10
3.399128713e-10
4.332248217e-10
5.387911812e-10
6.457391035e-10
7.378689928e-10
7.948011699e-10
2.804149475e-10
3.352388958e-10
4.200606065e-10
5.347032424e-10
6.756764083e-10
8.338524126e-10
9.928821971e-10
1.128976625e-09
1.212631723e-09
4.48350953e-10
5.320691019e-10
6.608181083e-10
8.335567187e-10
1.04431005e-09
1.278979332e-09
1.513277011e-09
1.712593137e-09
1.834531598e-09
7.107070877e-10
8.370967918e-10
1.030369355e-09
1.287900524e-09
1.599838429e-09
1.944758836e-09
2.286978915e-09
2.576566966e-09
2.752998399e-09
1.116686981e-09
1.305397688e-09
1.592452931e-09
1.972535399e-09
2.429891207e-09
2.93244622e-09
3.428303738e-09
3.84596614e-09
4.099520329e-09
1.7389419e-09
2.017730905e-09
2.439760853e-09
2.99535835e-09
3.659974075e-09
4.386243207e-09
5.099389651e-09
5.697714899e-09
6.059870782e-09
2.683614363e-09
3.091330063e-09
3.705823014e-09
4.510657336e-09
5.468426855e-09
6.510046776e-09
7.528669065e-09
8.380502426e-09
8.894878081e-09
4.104016553e-09
4.694583056e-09
5.581199941e-09
6.737228485e-09
8.106734936e-09
9.590055026e-09
1.103566817e-08
1.224139916e-08
1.296815281e-08
6.219553206e-09
7.067255025e-09
8.33557412e-09
9.982816846e-09
1.192667254e-08
1.402476332e-08
1.606371267e-08
1.776074938e-08
1.878226123e-08
9.341226528e-09
1.054764074e-08
1.234730314e-08
1.467668259e-08
1.74162818e-08
2.036444604e-08
2.322258984e-08
2.559724617e-08
2.702507811e-08
1.39058186e-08
1.560882633e-08
1.814269309e-08
2.141261825e-08
2.524706853e-08
2.936254915e-08
3.334365627e-08
3.664581286e-08
3.862918783e-08
2.052124426e-08
2.290661413e-08
2.64476208e-08
3.10051186e-08
3.633518981e-08
4.204191087e-08
4.755069912e-08
5.211240993e-08
5.484935601e-08
3.002595095e-08
3.334199483e-08
3.825438042e-08
4.456155596e-08
5.191951977e-08
5.977897389e-08
6.735040061e-08
7.361039443e-08
7.73628949e-08
4.356530226e-08
4.814102467e-08
5.490651506e-08
6.357310145e-08
7.365959007e-08
8.440962988e-08
9.474656273e-08
1.032820243e-07
1.083953626e-07
6.268743895e-08
6.895456293e-08
7.820419828e-08
9.002743723e-08
1.037573549e-07
1.183613302e-07
1.323821707e-07
1.439479892e-07
1.508740902e-07
8.946082469e-08
9.798049048e-08
1.105336148e-07
1.265478294e-07
1.451079504e-07
1.648157862e-07
1.837122711e-07
1.992878303e-07
2.086129222e-07
1.266174351e-07
1.381132118e-07
1.55025972e-07
1.765641081e-07
2.014834226e-07
2.279045125e-07
2.532097231e-07
2.740537729e-07
2.865308007e-07
1.777284336e-07
1.931269335e-07
2.15751259e-07
2.445182961e-07
2.777503392e-07
3.129380033e-07
3.46605022e-07
3.743190468e-07
3.909049486e-07
2.474165358e-07
2.678950063e-07
2.979468395e-07
3.361038073e-07
3.801203907e-07
4.266680033e-07
4.711592606e-07
5.077591374e-07
5.296568008e-07
3.416022046e-07
3.686419098e-07
4.082774918e-07
4.58535284e-07
5.164312223e-07
5.775792811e-07
6.359655812e-07
6.83960599e-07
7.126648974e-07
4.677780858e-07
5.032226351e-07
5.551219029e-07
6.208437395e-07
6.964506542e-07
7.762024802e-07
8.522693799e-07
9.147466361e-07
9.520933293e-07
6.353046117e-07
6.814220199e-07
7.488769636e-07
8.34186273e-07
9.321916295e-07
1.035433478e-06
1.133790869e-06
1.214501552e-06
1.262716923e-06
8.557153332e-07
9.152610386e-07
1.002264899e-06
1.112153363e-06
1.238218515e-06
1.370837379e-06
1.497025725e-06
1.600467783e-06
1.662215664e-06
1.143013785e-06
1.219290585e-06
1.330621898e-06
1.471049942e-06
1.631918176e-06
1.800907616e-06
1.961491431e-06
2.092980773e-06
2.171402202e-06
1.513937896e-06
1.610847304e-06
1.752140709e-06
1.930120156e-06
2.133702797e-06
2.347244071e-06
2.549880404e-06
2.715600465e-06
2.814339894e-06
1.988162885e-06
2.110241092e-06
2.288034957e-06
2.511681256e-06
2.767107417e-06
3.034610775e-06
3.28807834e-06
3.495096424e-06
3.618307619e-06
2.588410713e-06
2.740841418e-06
2.962591081e-06
3.241131221e-06
3.558745565e-06
3.890835704e-06
4.205010043e-06
4.461248914e-06
4.613573936e-06
3.340434677e-06
3.529030978e-06
3.803076528e-06
4.146799127e-06
4.538092953e-06
4.946524259e-06
5.332286374e-06
5.646442634e-06
5.83296367e-06
4.272853019e-06
4.504001723e-06
4.839481149e-06
5.259618112e-06
5.737082881e-06
6.234574168e-06
6.703644298e-06
7.085050372e-06
7.31120095e-06
5.416815996e-06
5.697380426e-06
6.104083276e-06
6.612618028e-06
7.189517057e-06
7.789503024e-06
8.354200582e-06
8.812608181e-06
9.084025906e-06
6.805506312e-06
7.142687823e-06
7.630850625e-06
8.24025601e-06
8.930320236e-06
9.646632278e-06
1.031954626e-05
1.086484341e-05
1.118722469e-05
8.47349093e-06
8.87465392e-06
9.45470456e-06
1.017762424e-05
1.099469319e-05
1.184114723e-05
1.263474891e-05
1.327668069e-05
1.365561031e-05
1.045595827e-05
1.092843143e-05
1.161070781e-05
1.245959668e-05
1.34171615e-05
1.440712426e-05
1.533340168e-05
1.608126978e-05
1.65220483e-05
1.278790459e-05
1.333876189e-05
1.413316619e-05
1.51198537e-05
1.623065592e-05
1.73766528e-05
1.844674285e-05
1.930912048e-05
1.981660313e-05
1.550319798e-05
1.613900568e-05
1.705469698e-05
1.819006266e-05
1.946571786e-05
2.077905719e-05
2.200291562e-05
2.298739775e-05
2.356585608e-05
1.863369943e-05
1.93603473e-05
2.040548878e-05
2.169914575e-05
2.314981067e-05
2.464026625e-05
2.602639609e-05
2.713939936e-05
2.779241291e-05
2.220856343e-05
2.303109926e-05
2.421263267e-05
2.567266823e-05
2.730677539e-05
2.898234145e-05
3.053759037e-05
3.178420872e-05
3.251458915e-05
2.625360442e-05
2.717610546e-05
2.849957899e-05
3.013236193e-05
3.195642924e-05
3.382315191e-05
3.555257942e-05
3.693649418e-05
3.774624021e-05
3.079078433e-05
3.18162681e-05
3.328572015e-05
3.509577559e-05
3.711428907e-05
3.91761697e-05
4.108297756e-05
4.260641527e-05
4.349669373e-05
3.583781902e-05
3.696819171e-05
3.858608673e-05
4.057603221e-05
4.279139323e-05
4.505035305e-05
4.713586801e-05
4.879959645e-05
4.977074374e-05
4.140789076e-05
4.264392819e-05
4.441113692e-05
4.658166969e-05
4.899419441e-05
5.145008734e-05
5.371378353e-05
5.551713574e-05
5.656867377e-05
4.750944913e-05
4.885080363e-05
5.076661829e-05
5.311654162e-05
5.572449941e-05
5.837515956e-05
6.081470837e-05
6.275562541e-05
6.388628683e-05
5.414608229e-05
5.559130866e-05
5.765348305e-05
6.017976007e-05
6.297943802e-05
6.582074939e-05
6.843208602e-05
7.050717019e-05
7.171492842e-05
6.131644381e-05
6.286303775e-05
6.506784333e-05
6.77656672e-05
7.075144922e-05
7.377742627e-05
7.655482288e-05
7.875939404e-05
8.004149419e-05
6.901422542e-05
7.065866856e-05
7.300095821e-05
7.586382895e-05
7.902827853e-05
8.22311468e-05
8.516728249e-05
8.749542975e-05
8.884841613e-05
7.722817165e-05
7.896597854e-05
8.143925115e-05
8.445905041e-05
8.779298707e-05
9.116325267e-05
9.424926901e-05
9.669388816e-05
9.811362258e-05
8.594213994e-05
8.776790387e-05
9.036436531e-05
9.353142305e-05
9.702398424e-05
0.0001005504815
0.0001037760103
0.000106328813
0.0001078104744
9.513521721e-05
9.704265569e-05
9.975327735e-05
0.0001030564316
0.0001066951201
0.0001103650332
0.0001137181843
0.0001163696582
0.0001179077039
0.0001047819112
0.0001067639184
0.0001095785057
0.0001130051742
0.0001167759149
0.0001205747982
0.0001240421203
0.0001267814182
0.0001283694318
0.000114852436
0.0001169011577
0.0001198084572
0.0001233447671
0.0001272320472
0.0001311439532
0.0001347105025
0.0001375253524
0.0001391556693
0.0001253130989
0.0001274200519
0.000130407934
0.0001340389754
0.0001380261845
0.0001420341154
0.0001456840614
0.00014856162
0.000150227515
0.0001361267836
0.000138283034
0.0001413387756
0.0001450490071
0.000149118993
0.0001532056802
0.0001569234084
0.0001598528585
0.0001615484816
0.0001472535287
0.0001494499485
0.0001525606347
0.000156334455
0.0001604703067
0.0001646195449
0.0001683922669
0.0001713640861
0.000173084087
0.0001586512605
0.0001608788977
0.000164032017
0.0001678546649
0.0001720416695
0.0001762403554
0.0001800566917
0.0001830622105
0.0001848016674
0.0001702770134
0.0001725276755
0.0001757124536
0.0001795722762
0.0001837984243
0.0001880349225
0.0001918845764
0.000194915843
0.0001966702063
0.0001820915152
0.0001843590163
0.0001875669357
0.0001914537942
0.0001957082943
0.000199972018
0.0002038455316
0.000206895191
0.0002086602333
0.0001940610268
0.0001963398868
0.0001995632907
0.0002034680146
0.0002077409822
0.0002120221651
0.0002159107723
0.0002189719848
0.0002207437651
0.0002061544569
0.0002084396601
0.0002116715066
0.0002155856403
0.0002198679224
0.0002241574952
0.0002280530401
0.0002311194329
0.0002328942752
0.0002183427151
0.0002206296101
0.0002238633616
0.0002277790516
0.00023206214
0.0002363516671
0.000240246561
0.0002433122022
0.0002450866825
0.0002305984021
0.0002328826625
0.0002361122403
0.0002400221888
0.0002442981809
0.0002485798307
0.0002524670301
0.0002555264147
0.0002572973541
0.0002428956782
0.0002451732896
0.0002483930577
0.0002522905044
0.0002565520863
0.0002608186163
0.0002646916117
0.0002677396525
0.0002695041128
0.0002552102211
0.0002574774774
0.0002606822366
0.0002645609514
0.0002688013895
0.0002730461376
0.0002768989444
0.0002799309657
0.0002816862452
0.0002675192245
0.0002697727259
0.0002729577104
0.0002768119878
0.0002810251211
0.0002852419965
0.0002890691463
0.0002920808761
0.0002938245052
0.0002798014094
0.0002820380593
0.0002851989313
0.0002890235824
0.0002932038126
0.0002973872845
0.0003011838138
0.0003041713743
0.0003059011105
0.000292037033
0.0002942540328
0.0002973868743
0.0003011772156
0.0003053194931
0.0003094645762
0.000313226012
0.0003161859088
0.0003178997297
0.0003042078906
0.0003064027314
0.0003095040322
0.0003132558705
0.0003173556774
0.000321457913
0.0003251802564
0.0003281093644
0.00032980546
0.0003162973041
0.0003184677569
0.0003215343995
0.0003252440131
0.0003292973419
0.0003333527772
0.0003370324833
0.0003399280318
0.000341604796
0.000328290099
0.0003304342022
0.0003334634448
0.0003371275625
0.0003411308926
0.0003451360566
0.0003487700129
0.0003516295682
0.0003532855889
0.0003401725697
0.0003422886157
0.0003452780725
0.0003488938496
0.0003528441217
0.0003567959992
0.0003603815025
0.0003632029501
0.0003648369989
0.000351932434
0.0003540189544
0.0003569665752
0.0003605315688
0.0003644261571
0.000368322162
0.0003718568939
0.0003746384195
0.0003762494411
0.0003635587791
0.0003656145295
0.000368518578
0.0003720307208
0.0003758674056
0.0003797053525
0.0003831873545
0.0003859274243
0.0003875145254
0.0003750420005
0.0003770659448
0.0003799249766
0.000383382551
0.0003871594894
0.000390937566
0.0003943652139
0.0003970625557
0.0003986249938
0.0003863737351
0.00038836503
0.0003911778709
0.0003945794822
0.0003982951804
0.0004020119189
0.0004053838982
0.0004080374815
0.0004095746536
0.000397546791
0.0003995047706
0.0004022704946
0.0004056150455
0.0004092683305
0.0004129225804
0.0004162378616
0.0004188468782
0.0004203583105
0.0004085550747
0.0004104792353
0.000413197144
0.0004164838091
0.0004200738014
0.0004236647026
0.0004269225168
0.0004294863631
0.0004309716996
0.0004193935169
0.0004212835027
0.0004239531044
0.0004271813061
0.0004307073938
0.0004342343506
0.0004374341669
0.000439952425
0.0004414114176
0.0004300579988
0.0004319135874
0.0004345345782
0.0004377039632
0.0004411657766
0.0004446284332
0.0004477699361
0.0004502423571
0.0004516748558
0.0004405452781
0.0004423663682
0.000444938613
0.0004480490303
0.0004514464183
0.000454844635
0.0004579277038
0.0004603541913
0.0004617601345
0.0004508529181
0.0004526395164
0.0004551630317
0.0004582145119
0.0004615475194
0.0004648813506
0.000467906039
0.0004702866337
0.0004716660394
0.000460979218
0.0004627314276
0.0004652063652
0.0004681991006
0.0004714679474
0.0004747376208
0.0004777041388
0.0004800390036
0.0004813919612
0.0004709231458
0.0004726411555
0.000475067787
0.0004780021136
0.0004812071747
0.0004844130718
0.0004873217679
0.0004896111749
0.000490937837
0.0004806842747
0.0004823683488
0.0004847470518
0.0004876234322
0.0004907652197
0.0004939078578
0.0004967592028
0.00049900352
0.0005003040955
0.000490262723
0.0004919131918
0.0004942444365
0.0004970634444
0.0005001425904
0.0005032226057
0.0005060171779
0.0005082168579
0.0005094916047
0.0004996590964
0.0005012763478
0.0005035606851
0.0005063229909
0.0005093402319
0.0005123583643
0.0005150968356
0.0005172524045
0.0005185016236
0.0005088744351
0.0005104589068
0.000512696957
0.0005154033145
0.0005183594774
0.0005213165563
0.000523999679
0.0005261117267
0.0005273357564
0.0005179101635
0.0005194623355
0.0005216547789
0.0005243060131
0.0005272020019
0.0005300989333
0.0005327275292
0.0005347966999
0.0005359959102
0.0005267680441
0.0005282884325
0.0005304359994
0.0005330329958
0.0005358697798
0.0005387075343
0.0005412824837
0.000543309468
0.0005444842562
0.0005354501346
0.0005369392855
0.0005390427484
0.0005415864428
0.0005443650458
0.0005471446483
0.0005496668803
0.0005516524072
0.0005528031932
0.0005439587481
0.0005454172322
0.0005474773983
0.0005499687681
0.0005526902586
0.0005554127783
0.0005578832621
0.0005598280926
0.0005609553148
0.0005522964173
0.0005537248253
0.0005557425296
0.0005581825851
0.0005608480676
0.0005635146096
0.0005659343469
0.0005678392673
0.0005689433794
0.0005604658613
0.0005618647993
0.0005638408983
0.0005662306761
0.0005688412833
0.0005714529802
0.0005738229978
0.0005756888146
0.0005767702819
0.0005684699552
0.000569840041
0.0005717754078
0.0005741159638
0.0005766728492
0.0005792308547
0.0005815521982
0.0005833797327
0.0005844390297
0.0005763117028
0.0005776535625
0.0005795490814
0.0005818414855
0.0005843458174
0.0005868512996
0.0005891250279
0.000590915112
0.0005919527192
0.000583994212
0.0005853084768
0.0005871650396
0.0005894103697
0.0005918633257
0.0005943174618
0.0005965446419
0.000598298114
0.0005993145159
0.0005915206724
0.0005928079762
0.0005946264777
0.0005968258161
0.0005992285776
0.0006016325488
0.0006038142514
0.0006055319529
0.000606527636
0.0005988943354
0.0006001553118
0.0006019366473
0.0006040910759
0.0006064448244
0.0006087998116
0.000610937107
0.0006126198792
0.0006135953301
0.0006061184966
0.0006073537773
0.0006090988389
0.0006112094361
0.0006135153487
0.0006158225285
0.0006179164832
0.0006195651648
0.0006205208686
0.0006131964795
0.0006144066926
0.0006161163667
0.000618184204
0.0006204434502
0.0006227039918
0.0006247556658
0.0006263710899
0.0006273075288
0.0006201316212
0.000621317389
0.0006229925544
0.0006250186937
0.000627232433
0.0006294474953
0.0006314579391
0.0006330409319
0.0006339585839
0.0006269272597
0.0006280891978
0.0006297307236
0.0006317162155
0.0006338855945
0.0006360563236
0.0006380265762
0.0006395779545
0.0006404772925
0.0006335867231
0.0006347254393
0.0006363341835
0.0006382800648
0.0006404062154
0.0006425337424
0.0006444648293
0.0006459853994
0.0006468668901
0.0006401133206
0.0006412294135
0.0006428062215
0.0006447135138
0.000646797551
0.0006488829903
0.0006507759216
0.0006522664779
0.0006531305814
0.0006465103333
0.000647604392
0.0006491500953
0.0006510198036
0.000653062824
0.0006551072717
0.000656963041
0.000658424365
0.0006592715336
0.0006527810078
0.0006538536108
0.0006553690262
0.0006572021373
0.0006592052182
0.0006612097508
0.0006630293338
0.0006644621929
0.0006652928711
0.0006589285491
0.000659980264
0.0006614661927
0.0006632636748
0.0006652278727
0.000667193546
0.0006689778999
0.0006703830469
0.0006711976707
0.0006649561163
0.0006659874991
0.000667444726
0.0006692075275
0.0006711338774
0.0006730617258
0.0006748117884
0.0006761899607
0.0006769889572
0.0006708668172
0.0006718784121
0.0006733077055
0.0006750367546
0.0006769262695
0.0006788173052
0.000680533994
0.0006818859135
0.0006826697008
0.0006766637052
0.0006776560443
0.0006790581552
0.0006807543595
0.0006826080297
0.0006844632425
0.0006861474547
0.0006874738269
0.0006882428137
0.0006823497759
0.0006833233791
0.0006846990412
0.0006863632872
0.0006881820801
0.0006900024367
0.0006916550486
0.0006929565629
0.0006937111487
0.000687927965
0.0006888833395
0.0006902332691
0.0006918664221
0.000693651282
0.0006954377259
0.0006970595929
0.0006983369221
0.0006990774966
0.0006934011459
0.0006943387867
0.0006956636824
0.0006972665864
0.0006990184341
0.0007007718857
0.0007023638421
0.0007036176425
0.0007043445859
0.0006987721287
0.0006996925182
0.0007009930608
0.0007025665385
0.0007042862719
0.0007060076283
0.0007075704873
0.0007088013985
0.0007095150813
0.0007040436588
0.000704947267
0.00070622412
0.0007077689728
0.0007094574664
0.0007111476013
0.0007126821551
0.0007138908002
0.0007145915835
0.0007092184165
0.0007101057009
0.0007113595101
0.0007128765184
0.0007145346236
0.000716194388
0.0007177014078
0.0007188883936
0.0007195766289
0.0007142990162
0.0007151704223
0.0007164018164
0.0007178917395
0.0007195202849
0.0007211505068
0.000722630743
0.0007237966599
0.0007244726892
0.000719288007
0.0007201439678
0.0007213535582
0.0007228171348
0.0007244169265
0.0007260184111
0.000727472594
0.0007286180161
0.0007292821722
0.0007241878718
0.0007250288087
0.0007262171899
0.0007276551383
0.0007292269599
0.0007308004904
0.0007322293296
0.0007333548153
0.0007340074217
0.0007290010286
0.000729827351
0.0007309951008
0.000732408119
0.0007339527323
0.0007354990696
0.0007369032551
0.000738009347
0.000738650718
0.0007337298303
0.0007345419359
0.0007356896157
0.0007370783821
0.0007385965269
0.0007401164105
0.0007414966124
0.0007425838376
0.0007432142786
0.0007383765653
0.0007391748404
0.0007403029956
0.0007416681687
0.0007431605638
0.0007446547116
0.0007460115807
0.0007470804512
0.0007477002587
0.0007429434582
0.000743728278
0.0007448374379
0.0007461796573
0.0007476470002
0.0007491161092
0.0007504502772
0.0007515012897
0.0007521107516
0.0007474326706
0.0007482043991
0.0007492950774
0.0007506149634
0.0007520579311
0.0007535026776
0.0007548147573
0.0007558483938
0.0007564477893
0.0007518463013
0.0007526052914
0.0007536779864
0.0007549761409
0.0007563953898
0.0007578164296
0.0007591070153
0.000760123743
0.0007607133429
0.0007561863868
0.0007569329809
0.0007579881755
0.0007592651819
0.0007606613482
0.0007620593167
0.0007633289842
0.000764329256
0.0007649093223
0.0007604549019
0.0007611894315
0.0007622275936
0.0007634840168
0.0007648577168
0.0007662332292
0.000767482536
0.0007684667901
0.0007690375767
0.0007646537595
0.0007653765455
0.0007663981278
0.0007676345145
0.0007689863441
0.0007703399958
0.0007715694809
0.0007725381409
0.0007730998932
0.00076878481
0.0007694961627
0.0007705016029
0.0007717184812
0.0007730490165
0.0007743813822
0.0007755915661
0.0007765450412
0.0007770979959
0.000772849841
0.0007735500598
0.00077453978
0.0007757376598
0.0007770474561
0.00077835909
0.0007795504743
0.0007804891583
0.0007810335434
0.0007768505751
0.0007775399483
0.0007785143554
0.0007796937271
0.0007809833187
0.0007822747537
0.0007834478204
0.0007843720918
0.0007849081261
0.0007807886678
0.0007814674724
0.0007824269566
0.000783588291
0.0007848581903
0.000786129937
0.0007872851478
0.0007881953686
0.0007887232614
0.0007846657037
0.0007853342046
0.0007862791392
0.000787422886
0.0007886735822
0.0007899261277
0.0007910639222
0.0007919604371
0.0007924803873
0.0007884831914
0.0007891416408
0.0007900723807
0.0007911989671
0.0007924309243
0.0007936647299
0.0007947855242
0.0007956686588
0.0007961808543
0.0007922425569
0.0007928911928
0.0007938080729
0.0007949179015
0.0007961315562
0.0007973470552
0.0007984512393
0.0007993212979
0.000799825914
0.000795945134
0.0007965841791
0.0007974875119
0.0007985809578
0.0007997767159
0.00080097431
0.0008020622442
0.0008029195077
0.0008034167056
0.0007995921531
0.0008002218124
0.0008011118854
0.0008021892925
0.000803367525
0.0008045475799
0.0008056195911
0.0008064643129
0.0008069542378
0.0008031847263
0.0008038051848
0.0008046822566
0.0008057439332
0.0008069049708
0.0008080678107
0.0008091241868
0.0008099565889
0.000810439367
0.0008067238293
0.0008073352488
0.0008081995446
0.0008092457573
0.000810389884
0.0008115357848
0.0008125767682
0.0008133970356
0.0008138727712
0.0008102102794
0.0008108127946
0.0008116645004
0.0008126954674
0.0008138229124
0.000814952093
0.000815977873
0.0008167861474
0.000817254919
0.0008136447095
0.0008142384233
0.0008150776793
0.0008160935617
0.0008172044897
0.0008183171026
0.0008193278055
0.0008201241775
0.0008205860331
0.0008170275377
0.0008176125157
0.0008184394082
0.0008194403001
0.0008205348003
0.0008216309194
0.000822626598
0.000823411098
0.00082386605
0.0008203589327
0.0008209351967
0.0008217497491
0.0008227356663
0.0008238137393
0.0008248933469
0.0008258739675
0.0008266465559
0.0008270945747
0.0008236387756
0.0008242062966
0.0008250084587
0.0008259793255
0.0008270408691
0.0008281038407
0.0008290692697
0.0008298298254
0.0008302708328
0.0008268666182
0.0008274253083
0.0008282149451
0.0008291705805
0.0008302153738
0.0008312614622
0.0008322114504
0.0008329597587
0.0008333936209
0.0008300416393
0.0008305913431
0.0008313682226
0.0008323083255
0.000833336012
0.0008343648302
0.0008352989977
0.0008360347375
0.0008364612575
0.0008331626006
0.0008337030866
0.0008344668672
0.0008353910007
0.0008364010717
0.0008374120757
0.0008383298956
0.000839052627
0.0008394715372
0.0008362278038
0.0008367587555
0.0008375089739
0.0008384165504
0.0008394083285
0.0008404008005
0.0008413015841
0.0008420107366
0.0008424216919
0.000839235052
0.0008397560601
0.0008404921193
0.0008413823869
0.0008423550107
0.0008433280451
0.0008442109286
0.0008449057903
0.0008453083624
0.0008421816181
0.0008426921731
0.0008434133333
0.0008442853641
0.0008452377766
0.0008461902674
0.0008470542017
0.0008477339125
0.0008481275853
0.0008450642242
0.0008455637116
0.0008462690825
0.0008471217644
0.0008480527045
0.0008489833389
0.0008498270843
0.0008504906313
0.0008508747992
0.0008478790324
0.0008483667303
0.0008490552693
0.0008498873042
0.000850795305
0.0008517025615
0.0008525246873
0.0008531709067
0.0008535448758
0.0008506216576
0.0008510967375
0.0008517672512
0.0008525771579
0.0008534605523
0.000854342709
0.0008551416022
0.0008557691857
0.0008561321789
0.0008532871997
0.000853748732
0.0008543998843
0.0008551860104
0.0008560429455
0.0008568980962
0.0008576719779
0.0008582794887
0.0008586306544
0.0008558703014
0.0008563172658
0.000856947594
0.0008577081362
0.0008585365976
0.000859362679
0.0008601096322
0.0008606955276
0.0008610339549
0.0008583652339
0.0008587965351
0.0008594044735
0.0008601375082
0.0008609353566
0.0008617301869
0.0008624481942
0.0008630108581
0.0008633355962
0.0008607660106
0.0008611805005
0.0008617644123
0.0008624679371
0.0008632329555
0.000863994286
0.0008646812789
0.0008652190627
0.0008655291461
0.0008630665293
0.0008634630349
0.0008640212537
0.0008646932386
0.000865423192
0.0008661487692
0.0008668026881
0.0008673139604
0.000867608439
0.0008652607416
0.0008656380984
0.0008661689765
0.0008668074252
0.0008675001302
0.0008681877687
0.0008688066317
0.000869289835
0.0008695678077
0.0008673428428
0.0008676999333
0.000868201897
0.000868804916
0.000869458318
0.0008701059811
0.0008706879599
0.0008711416717
0.0008714023235
0.0008693074778
0.0008696432731
0.0008701148827
0.0008706807545
0.0008712930108
0.0008718988948
0.0008724423931
0.0008728653896
0.000873108029
0.0008711499528
0.0008714635556
0.0008719035667
0.0008724308252
0.0008730003875
0.0008735630059
0.0008740667364
0.0008744580536
0.0008746821482
0.0008728664425
0.0008731571292
0.000873564552
0.0008740520542
0.0008745777471
0.0008750960081
0.0008755590627
0.0008759180509
0.0008761232589
0.0008744541807
0.0008747214395
0.0008750955922
0.0008755425815
0.0008760236699
0.000876496942
0.0008769188488
0.0008772452158
0.0008774314099
0.0008759116207
0.0008761551835
0.0008764957356
0.000876901892
0.000877338132
0.0008777662913
0.0008781470526
0.0008784408904
0.0008786081717
0.0008772385556
0.0008774584206
0.0008777654231
0.0008781308958
0.0008785225658
0.0008789060195
0.0008792461276
0.0008795079185
0.0008796566161
0.0008784361884
0.0008786326324
0.0008789065329
0.0008792319545
0.0008795798644
0.0008799195538
0.0008802199834
0.0008804505871
0.0008805812419
0.0008795071457
0.0008796807272
0.0008799223721
0.0008802088588
0.0008805143468
0.000880811743
0.0008810739386
0.0008812745879
0.0008813879811
0.0008804554403
0.0008806069939
0.0008808176244
0.000881066774
0.0008813317043
0.0008815888488
0.0008818148829
0.0008819873645
0.0008820845992
0.0008812863982
0.0008814170256
0.000881598275
0.0008818122023
0.0008820391003
0.0008822586935
0.0008824511461
0.0008825975874
0.0008826799444
0.0008820066709
0.0008821178179
0.0008822717887
0.0008824531275
0.0008826449683
0.0008828301038
0.0008829918833
0.0008831146458
0.0008831835282
0.0008826243585
0.0008827176702
0.0008828467285
0.0008829984037
0.0008831584569
0.0008833124857
0.0008834467017
0.000883548281
0.0008836051566
0.0008831483593
0.0008832256059
0.0008833322793
0.0008834573874
0.0008835890821
0.0008837154811
0.0008838253261
0.0008839082587
0.0008839546066
0.00088358802
0.0008836510296
0.0008837379132
0.0008838396104
0.000883946413
0.0008840486648
0.0008841373069
0.0008842040875
0.0008842413513
0.0008839528213
0.000884003419
0.0008840730912
0.000884154493
0.0008842397992
0.0008843212871
0.000884391778
0.0008844447903
0.0008844743391
0.000884252102
0.0008842920572
0.0008843470062
0.0008844111014
0.000884478146
0.0008845420683
0.0008845972697
0.0008846387318
0.0008846618312
0.0008844948264
0.000884525809
0.0008845683734
0.0008846179554
0.0008846697421
0.000884719047
0.0008847615775
0.0008847935048
0.0008848112972
0.0008846893996
0.0008847129471
0.0008847452714
0.000884782889
0.0008848221415
0.0008848594844
0.0008848916865
0.0008849158697
0.0008849293647
0.0008848435332
0.0008848610284
0.000884885035
0.0008849129616
0.0008849420957
0.0008849698177
0.0008849937431
0.0008850117415
0.0008850218133
0.0008849641614
0.0008849768214
0.0008849941963
0.0008850144175
0.0008850355322
0.0008850556557
0.0008850730672
0.0008850862134
0.0008850936059
0.0008850574033
0.0008850662771
0.0008850784695
0.0008850926848
0.0008851075686
0.0008851218086
0.0008851341942
0.0008851436086
0.0008851489453
0.0008851285646
0.0008851345386
0.0008851427693
0.0008851524059
0.0008851625544
0.0008851723392
0.0008851809341
0.0008851875481
0.0008851913492
0.00088518217
0.0008851859785
0.0008851912568
0.0008851974898
0.0008852041301
0.0008852106257
0.0008852164333
0.0008852209785
0.0008852236332
0.0008852220193
0.0008852242588
0.0008852274024
0.000885231181
0.0008852353008
0.000885239432
0.0008852432198
0.0008852462624
0.0008852480913
0.0008852512564
0.0008852524015
0.0008852540613
0.0008852561319
0.000885258485
0.0008852609514
0.0008852633242
0.0008852653189
0.0008852665653
0.0008852724485
0.0008852728626
0.0008852735224
0.0008852744381
0.0008852756053
0.0008852769609
0.0008852783826
0.0008852796669
0.0008852805157
0.0008852876059
0.0008852875541
0.0008852875854
0.0008852877813
0.0008852882017
0.0008852888528
0.0008852896681
0.0008852904943
0.0008852910832
0.0008852983145
0.0008852980071
0.0008852976848
0.0008852974714
0.0008852974653
0.0008852977088
0.0008852981674
0.0008852987178
0.0008852991454
0.0008853058239
0.0008853054019
0.0008853049202
0.000885304519
0.0008853043121
0.0008853043566
0.0008853046323
0.0008853050329
0.0008853053676
0.0008853110784
0.0008853106389
0.0008853101298
0.0008853096905
0.0008853094342
0.0008853094183
0.000885309626
0.0008853099598
0.0008853102461
0.0008853147866
0.0008853143918
0.0008853139388
0.0008853135555
0.0008853133439
0.000885313353
0.0008853135628
0.0008853138802
0.0008853141456
0.0008853174677
0.0008853171529
0.0008853168028
0.0008853165276
0.0008853164122
0.0008853164926
0.0008853167422
0.0008853170704
0.0008853173298
0.0008853194916
0.0008853192721
0.0008853190452
0.0008853189
0.0008853189019
0.000885319072
0.0008853193766
0.0008853197267
0.0008853199866
0.0008853211126
0.0008853209903
0.0008853208882
0.0008853208742
0.000885320994
0.0008853212541
0.0008853216138
0.0008853219867
0.0008853222483
0.0008853224988
0.0008853224663
0.000885322479
0.0008853225844
0.0008853228099
0.0008853231489
0.0008853235553
0.0008853239459
0.0008853242074
0.0008853237549
0.0008853237998
0.0008853239102
0.0008853241159
0.000885324428
0.0008853248292
0.0008853252698
0.0008853256703
0.0008853259286
0.000885324941
0.0008853250484
0.0008853252369
0.0008853255206
0.0008853258978
0.0008853263426
0.0008853268036
0.0008853272062
0.0008853274586
0.0008853260874
0.000885326242
0.0008853264882
0.0008853268278
0.0008853272488
0.0008853277195
0.0008853281884
0.0008853285866
0.0008853288321
0.0008853272049
0.0008853273924
0.0008853276776
0.0008853280527
0.0008853284982
0.0008853289791
0.0008853294452
0.0008853298322
0.0008853300648
0.0008853282932
0.000885328501
0.0008853288087
0.0008853292018
0.0008853296557
0.0008853301339
0.0008853305865
0.0008853309533
0.0008853311696
0.0008853293465
0.0008853295642
0.0008853298809
0.0008853302778
0.0008853307273
0.0008853311903
0.0008853316189
0.0008853319599
0.0008853321583
0.0008853303573
0.0008853305765
0.0008853308919
0.0008853312816
0.0008853317141
0.0008853321512
0.0008853325493
0.000885332862
0.000885333042
0.000885331319
0.0008853315337
0.0008853318388
0.0008853322098
0.0008853326158
0.0008853330207
0.0008853333853
0.0008853336693
0.0008853338321
0.0008853322243
0.0008853324278
0.0008853327147
0.00088533306
0.0008853334341
0.000885333804
0.0008853341347
0.0008853343911
0.0008853345373
0.0008853330635
0.000885333252
0.0008853335163
0.0008853338324
0.0008853341726
0.000885334507
0.0008853348047
0.0008853350343
0.0008853351646
0.000885333832
0.0008853340037
0.0008853342436
0.0008853345293
0.0008853348356
0.0008853351356
0.0008853354014
0.0008853356053
0.0008853357204
0.0008853345289
0.0008853346834
0.0008853348988
0.0008853351547
0.0008853354283
0.0008853356951
0.0008853359302
0.0008853361098
0.000885336211
0.0008853351563
0.0008853352941
0.000885335486
0.0008853357135
0.0008853359556
0.0008853361906
0.0008853363969
0.0008853365539
0.0008853366422
0.000885335718
0.0008853358401
0.0008853360096
0.0008853362098
0.0008853364221
0.0008853366273
0.0008853368069
0.0008853369434
0.00088533702
0.0008853362185
0.0008853363255
0.0008853364737
0.0008853366481
0.0008853368326
0.0008853370104
0.0008853371658
0.0008853372837
0.00088533735
0.0008853366614
0.0008853367541
0.0008853368823
0.000885337033
0.000885337192
0.0008853373451
0.0008853374788
0.0008853375803
0.0008853376374
0.0008853370504
0.0008853371301
0.0008853372401
0.0008853373693
0.0008853375055
0.0008853376366
0.000885337751
0.000885337838
0.000885337887
0.0008853373902
0.0008853374581
0.0008853375519
0.0008853376619
0.0008853377778
0.0008853378895
0.000885337987
0.0008853380613
0.0008853381034
0.0008853376853
0.0008853377428
0.0008853378222
0.0008853379154
0.0008853380136
0.0008853381083
0.0008853381913
0.0008853382546
0.0008853382906
0.0008853379406
0.000885337989
0.0008853380559
0.0008853381344
0.0008853382173
0.0008853382974
0.0008853383677
0.0008853384216
0.0008853384523
0.0008853381605
0.0008853382011
0.0008853382571
0.000885338323
0.0008853383927
0.0008853384603
0.0008853385198
0.0008853385656
0.0008853385919
0.0008853383494
0.0008853383832
0.00088533843
0.0008853384852
0.0008853385437
0.0008853386005
0.0008853386508
0.0008853386898
0.0008853387122
0.0008853385112
0.0008853385393
0.0008853385783
0.0008853386243
0.0008853386733
0.0008853387211
0.0008853387636
0.0008853387968
0.000885338816
0.0008853386495
0.0008853386728
0.0008853387052
0.0008853387435
0.0008853387845
0.0008853388247
0.0008853388607
0.0008853388889
0.0008853389054
0.0008853387676
0.0008853387869
0.0008853388137
0.0008853388456
0.0008853388799
0.0008853389138
0.0008853389443
0.0008853389683
0.0008853389824
0.0008853388683
0.0008853388842
0.0008853389065
0.0008853389331
0.0008853389618
0.0008853389904
0.0008853390163
0.0008853390368
0.0008853390489
0.0008853389541
0.0008853389672
0.0008853389857
0.0008853390079
0.0008853390321
0.0008853390562
0.0008853390783
0.0008853390959
0.0008853391064
0.0008853390272
0.0008853390381
0.0008853390535
0.0008853390721
0.0008853390924
0.0008853391129
0.0008853391318
0.0008853391469
0.000885339156
0.0008853390896
0.0008853390987
0.0008853391115
0.0008853391271
0.0008853391443
0.0008853391618
0.000885339178
0.0008853391911
0.000885339199
0.0008853391429
0.0008853391505
0.0008853391613
0.0008853391744
0.0008853391891
0.000885339204
0.000885339218
0.0008853392294
0.0008853392363
0.0008853391885
0.0008853391949
0.000885339204
0.0008853392152
0.0008853392277
0.0008853392406
0.0008853392527
0.0008853392626
0.0008853392686
0.0008853392276
0.000885339233
0.0008853392407
0.0008853392503
0.0008853392611
0.0008853392723
0.0008853392828
0.0008853392915
0.0008853392968
0.0008853392612
0.0008853392658
0.0008853392724
0.0008853392807
0.00088533929
0.0008853392998
0.0008853393091
0.0008853393167
0.0008853393214
0.0008853392902
0.0008853392941
0.0008853392998
0.000885339307
0.0008853393152
0.0008853393238
0.000885339332
0.0008853393388
0.0008853393429
0.0008853393152
0.0008853393187
0.0008853393237
0.00088533933
0.0008853393372
0.0008853393448
0.000885339352
0.0008853393581
0.0008853393618
0.000885339337
0.00088533934
0.0008853393444
0.00088533935
0.0008853393564
0.0008853393631
0.0008853393696
0.000885339375
0.0008853393783
0.000885339356
0.0008853393586
0.0008853393626
0.0008853393675
0.0008853393732
0.0008853393793
0.0008853393851
0.0008853393899
0.0008853393929
0.0008853393726
0.000885339375
0.0008853393785
0.0008853393829
0.0008853393881
0.0008853393935
0.0008853393987
0.0008853394031
0.0008853394058
0.0008853393871
0.0008853393893
0.0008853393925
0.0008853393965
0.0008853394012
0.0008853394061
0.0008853394108
0.0008853394148
0.0008853394172
0.0008853394
0.000885339402
0.0008853394048
0.0008853394085
0.0008853394128
0.0008853394172
0.0008853394216
0.0008853394252
0.0008853394274
0.0008853394114
0.0008853394132
0.0008853394158
0.0008853394192
0.0008853394231
0.0008853394272
0.0008853394311
0.0008853394344
0.0008853394364
0.0008853394215
0.0008853394231
0.0008853394256
0.0008853394287
0.0008853394323
0.000885339436
0.0008853394396
0.0008853394427
0.0008853394445
0.0008853394305
0.000885339432
0.0008853394343
0.0008853394372
0.0008853394405
0.000885339444
0.0008853394473
0.0008853394501
0.0008853394518
0.0008853394386
0.00088533944
0.0008853394421
0.0008853394448
0.0008853394479
0.0008853394511
0.0008853394542
0.0008853394567
0.0008853394583
0.0008853394458
0.0008853394472
0.0008853394492
0.0008853394516
0.0008853394545
0.0008853394575
0.0008853394604
0.0008853394627
0.0008853394642
0.0008853394524
0.0008853394537
0.0008853394555
0.0008853394578
0.0008853394605
0.0008853394633
0.000885339466
0.0008853394682
0.0008853394696
0.0008853394583
0.0008853394595
0.0008853394613
0.0008853394634
0.0008853394659
0.0008853394686
0.0008853394711
0.0008853394731
0.0008853394744
0.0008853394637
0.0008853394648
0.0008853394665
0.0008853394685
0.0008853394709
0.0008853394733
0.0008853394757
0.0008853394776
0.0008853394788
0.0008853394686
0.0008853394697
0.0008853394712
0.0008853394732
0.0008853394754
0.0008853394777
0.0008853394799
0.0008853394817
0.0008853394828
0.0008853394731
0.0008853394741
0.0008853394756
0.0008853394774
0.0008853394795
0.0008853394817
0.0008853394838
0.0008853394854
0.0008853394864
0.0008853394772
0.0008853394781
0.0008853394796
0.0008853394813
0.0008853394833
0.0008853394854
0.0008853394873
0.0008853394888
0.0008853394898
0.0008853394809
0.0008853394819
0.0008853394832
0.0008853394849
0.0008853394868
0.0008853394887
0.0008853394905
0.0008853394919
0.0008853394928
0.0008853394844
0.0008853394853
0.0008853394866
0.0008853394882
0.0008853394899
0.0008853394917
0.0008853394934
0.0008853394948
0.0008853394956
0.0008853394876
0.0008853394885
0.0008853394897
0.0008853394912
0.0008853394929
0.0008853394945
0.0008853394961
0.0008853394973
0.0008853394981
0.0008853394906
0.0008853394914
0.0008853394926
0.000885339494
0.0008853394955
0.0008853394971
0.0008853394985
0.0008853394997
0.0008853395004
0.0008853394934
0.0008853394941
0.0008853394952
0.0008853394965
0.000885339498
0.0008853394994
0.0008853395007
0.0008853395018
0.0008853395024
0.0008853394959
0.0008853394966
0.0008853394976
0.0008853394988
0.0008853395001
0.0008853395015
0.0008853395027
0.0008853395037
0.0008853395042
0.0008853394982
0.0008853394988
0.0008853394997
0.0008853395009
0.0008853395021
0.0008853395033
0.0008853395044
0.0008853395053
0.0008853395058
0.0008853395001
0.0008853395007
0.0008853395016
0.0008853395026
0.0008853395037
0.0008853395048
0.0008853395057
0.0008853395065
0.0008853395069
0.0008853395014
0.000885339502
0.0008853395028
0.0008853395037
0.0008853395047
0.0008853395057
0.0008853395066
0.0008853395072
0.0008853395076
5.076585739e-22
1.901284038e-21
4.241584263e-21
8.037677789e-21
1.418803703e-20
2.424618947e-20
4.091287947e-20
6.885891377e-20
1.161756012e-19
1.968823486e-19
3.352973125e-19
5.736420798e-19
9.852788966e-19
1.697709118e-18
2.932391771e-18
5.073495739e-18
8.786798058e-18
1.522664409e-17
2.639576096e-17
4.577019184e-17
7.938444445e-17
1.377159107e-16
2.389573421e-16
4.146997485e-16
7.197988778e-16
1.249500533e-15
2.169150307e-15
3.765682786e-15
6.53674818e-15
1.134472692e-14
1.968228942e-14
3.412903629e-14
5.913410423e-14
1.023521694e-13
1.769138332e-13
3.052640262e-13
5.256139669e-13
9.027169912e-13
1.545739559e-12
2.637671121e-12
4.483316003e-12
7.586888102e-12
1.277621071e-11
2.139934976e-11
3.563227508e-11
5.895424272e-11
9.687276847e-11
1.580145088e-10
2.557448736e-10
4.105413728e-10
6.534282402e-10
1.030888471e-09
1.611809219e-09
2.497167258e-09
3.833275707e-09
5.830077507e-09
8.785883523e-09
1.31205821e-08
1.941978331e-08
2.849276658e-08
4.144720475e-08
5.97831994e-08
8.550869379e-08
1.212797982e-07
1.705728503e-07
2.378933237e-07
3.29019221e-07
4.512731707e-07
6.138162221e-07
8.279526194e-07
1.107427983e-06
1.468697582e-06
1.931136285e-06
2.517158675e-06
3.252218019e-06
4.164657444e-06
5.285396553e-06
6.647451509e-06
8.285304274e-06
1.023415204e-05
1.252910026e-05
1.520425025e-05
1.829177756e-05
2.18212308e-05
2.581888141e-05
3.030719257e-05
3.530440764e-05
4.082424689e-05
4.68756957e-05
5.346286636e-05
6.058491874e-05
6.823602941e-05
7.640540518e-05
8.507734327e-05
9.423134779e-05
0.0001038423179
0.0001138808232
0.000124313473
0.0001351033722
0.0001462106669
0.000157593233
0.0001692078386
0.0001810141974
0.0001929781955
0.0002050685074
0.0002172558662
0.0002295127175
0.0002418130734
0.0002541324655
0.000266447942
0.0002787380796
0.0002909829937
0.0003031643414
0.0003152653112
0.0003272706009
0.0003391663837
0.0003509402631
0.0003625812194
0.0003740795483
0.0003854267949
0.0003966156824
0.0004076400397
0.0004184947272
0.0004291755617
0.0004396792436
0.0004500032845
0.0004601459373
0.0004701061293
0.0004798833977
0.0004894778289
0.0004988900014
0.0005081209315
0.0005171720234
0.0005260450224
0.0005347419718
0.000543265173
0.0005516171491
0.0005598006119
0.0005678184307
0.0005756736056
0.0005833692419
0.000590908528
0.0005982947154
0.0006055311003
0.0006126210082
0.0006195677789
0.0006263747536
0.0006330452641
0.0006395826239
0.0006459901187
0.000652271
0.0006584284783
0.0006644657178
0.0006703858322
0.0006761918805
0.0006818868643
0.0006874737251
0.0006929553422
0.0006983345317
0.000703614045
0.0007087965681
0.0007138847214
0.0007188810596
0.0007237880716
0.0007286081807
0.0007333437454
0.0007379970595
0.0007425703533
0.0007470657932
0.0007514854835
0.0007558314658
0.0007601057199
0.0007643101637
0.0007684466529
0.00077251698
0.0007765228729
0.0007804659926
0.0007843479292
0.0007881701976
0.0007919342303
0.0007956413683
0.0007992928504
0.0008028897981
0.000806433198
0.0008099238801
0.0008133624924
0.0008167494703
0.0008200850032
0.0008233689961
0.0008266010284
0.0008297803107
0.0008329056404
0.0008359753594
0.0008389873145
0.0008419388259
0.0008448266651
0.0008476470453
0.000850395632
0.0008530675731
0.000855657555
0.0008581598848
0.0008605686018
0.0008628776169
0.0008650808786
0.0008671725614
0.0008691472699
0.0008710002494
0.000872727594
0.0008743264381
0.0008757951209
0.0008771333099
0.0008783420758
0.0008794239123
0.0008803827012
0.0008812236435
0.0008819532253
0.000882579448
0.0008831111478
0.0008835576409
0.0008839284068
0.0008842328088
0.0008844798566
0.0008846780169
0.000884835074
0.0008849580405
0.0008850531154
0.0008851256822
0.0008851803384
0.0008852209498
0.0008852507194
0.000885272266
0.0008852876486
0.0008852984824
0.0008853060472
0.0008853113094
0.000885314995
0.0008853176362
0.0008853196124
0.0008853211849
0.0008853225259
0.000885323743
0.0008853248974
0.0008853260195
0.0008853271198
0.0008853281973
0.0008853292449
0.0008853302542
0.0008853312174
0.0008853321275
0.0008853329735
0.0008853337498
0.0008853344549
0.0008853350902
0.0008853356594
0.0008853361671
0.0008853366167
0.000885337012
0.0008853373574
0.0008853376576
0.0008853379173
0.000885338141
0.0008853383331
0.0008853384977
0.0008853386384
0.0008853387584
0.0008853388606
0.0008853389478
0.000885339022
0.0008853390853
0.0008853391393
0.0008853391855
0.0008853392251
0.000885339259
0.0008853392883
0.0008853393136
0.0008853393356
0.0008853393547
0.0008853393714
0.0008853393861
0.0008853393991
0.0008853394105
0.0008853394207
0.0008853394298
0.0008853394379
0.0008853394452
0.0008853394518
0.0008853394578
0.0008853394632
0.0008853394681
0.0008853394726
0.0008853394767
0.0008853394805
0.000885339484
0.0008853394872
0.0008853394902
0.000885339493
0.0008853394956
0.0008853394979
0.0008853394998
0.0008853395012
)
;

boundaryField
{
    outlet
    {
        type            inletOutlet;
        inletValue      uniform 0;
        value           nonuniform List<scalar> 10(0.0008853395014 0.000885339502 0.0008853395028 0.0008853395037 0.0008853395047 0.0008853395057 0.0008853395066 0.0008853395072 0.0008853395076 0.0008853395012);
    }
    inlet
    {
        type            fixedValue;
        value           uniform 0;
    }
    front
    {
        type            wedge;
    }
    wall
    {
        type            zeroGradient;
    }
    back
    {
        type            wedge;
    }
}


// ************************************************************************* //
