/*--------------------------------*- C++ -*----------------------------------*\
| =========                 |                                                 |
| \\      /  F ield         | OpenFOAM: The Open Source CFD Toolbox           |
|  \\    /   O peration     | Version:  2212                                  |
|   \\  /    A nd           | Website:  www.openfoam.com                      |
|    \\/     M anipulation  |                                                 |
\*---------------------------------------------------------------------------*/
FoamFile
{
    version     2.0;
    format      ascii;
    arch        "LSB;label=32;scalar=64";
    class       volScalarField;
    location    "20.00000000";
    object      I-C4H3;
}
// * * * * * * * * * * * * * * * * * * * * * * * * * * * * * * * * * * * * * //

dimensions      [0 0 0 0 0 0 0];

internalField   nonuniform List<scalar> 
3000
(
9.023129535e-24
1.013670958e-23
1.181713007e-23
1.405651108e-23
1.683216709e-23
2.006881123e-23
2.357150488e-23
2.691399955e-23
2.927737539e-23
3.387863743e-23
3.821315899e-23
4.475123354e-23
5.34833398e-23
6.440106795e-23
7.744452288e-23
9.238720111e-23
1.084779135e-22
1.227281569e-22
7.589410071e-23
8.627683827e-23
1.020872394e-22
1.23554563e-22
1.510650464e-22
1.850187195e-22
2.252805195e-22
2.69593249e-22
3.074546021e-22
1.44572942e-22
1.660725744e-22
1.99291373e-22
2.453539805e-22
3.058928718e-22
3.824475364e-22
4.745981118e-22
5.74973698e-22
6.559806166e-22
2.567562346e-22
2.985577912e-22
3.641613813e-22
4.569007877e-22
5.811388791e-22
7.403597787e-22
9.31899281e-22
1.135310287e-21
1.291447006e-21
4.415690079e-22
5.200294968e-22
6.449312434e-22
8.242483451e-22
1.067549461e-21
1.380964669e-21
1.755137249e-21
2.142895948e-21
2.429787091e-21
7.497400634e-22
8.93873949e-22
1.125994886e-21
1.463004818e-21
1.923675963e-21
2.517179028e-21
3.218975014e-21
3.932048446e-21
4.44659663e-21
1.269040208e-21
1.529906007e-21
1.95375357e-21
2.573885695e-21
3.424898147e-21
4.519063926e-21
5.801507138e-21
7.085578382e-21
7.996695426e-21
2.151650284e-21
2.618812804e-21
3.382742417e-21
4.506086752e-21
6.050367669e-21
8.030450629e-21
1.033452262e-20
1.261752219e-20
1.421957068e-20
3.661316041e-21
4.491378948e-21
5.854903726e-21
7.866315363e-21
1.063296497e-20
1.417086636e-20
1.826470379e-20
2.229138635e-20
2.509615483e-20
6.255639793e-21
7.721991936e-21
1.013819785e-20
1.370926976e-20
1.862060591e-20
2.488595362e-20
3.210507036e-20
3.916958532e-20
4.406685987e-20
1.072908564e-20
1.330853625e-20
1.756762021e-20
2.386892568e-20
3.253038978e-20
4.355500319e-20
5.621434989e-20
6.855859965e-20
7.709683634e-20
1.846202727e-20
2.298617114e-20
3.046628731e-20
4.153796886e-20
5.674216561e-20
7.604645264e-20
9.813314458e-20
1.19606285e-19
1.345127454e-19
3.185364033e-20
3.977366406e-20
5.288109465e-20
7.228580262e-20
9.89028244e-20
1.325907179e-19
1.709022879e-19
2.078677899e-19
2.342446164e-19
5.50719782e-20
6.892091961e-20
9.186317512e-20
1.258494623e-19
1.724614486e-19
2.31325599e-19
2.975861993e-19
3.58388176e-19
4.082840642e-19
9.534791047e-20
1.19537685e-19
1.596567398e-19
2.191838248e-19
3.010754022e-19
4.053045223e-19
5.254375234e-19
6.454720648e-19
7.205079468e-19
1.652092656e-19
2.07386773e-19
2.773741643e-19
3.812474035e-19
5.241054482e-19
7.055937185e-19
9.132404287e-19
1.114579487e-18
1.251286533e-18
2.863811015e-19
3.598097588e-19
4.816742543e-19
6.625177452e-19
9.110767036e-19
1.226418596e-18
1.586390872e-18
1.934587888e-18
2.172956623e-18
4.965640331e-19
6.242719205e-19
8.362394334e-19
1.15076325e-18
1.582913411e-18
2.130870906e-18
2.755990789e-18
3.360456024e-18
3.774537776e-18
8.612016816e-19
1.083183971e-18
1.45165862e-18
1.998400303e-18
2.749501257e-18
3.701642711e-18
4.78755313e-18
5.837331525e-18
6.5563826e-18
1.493912478e-18
1.879635753e-18
2.519959475e-18
3.470076252e-18
4.775216882e-18
6.42942477e-18
8.315632621e-18
1.013866193e-17
1.138713916e-17
2.591972552e-18
3.262089092e-18
4.374589399e-18
6.025330542e-18
8.292736852e-18
1.116617602e-17
1.44419793e-17
1.760742374e-17
1.977483103e-17
4.49793754e-18
5.661994437e-18
7.594576959e-18
1.046211667e-17
1.440056657e-17
1.939099293e-17
2.507918709e-17
3.05746855e-17
3.433700332e-17
7.806656835e-18
9.828581518e-18
1.318540116e-17
1.816595024e-17
2.500577979e-17
3.367114413e-17
4.354615749e-17
5.308472144e-17
5.961405824e-17
1.355106725e-17
1.706286232e-17
2.289293767e-17
3.154226274e-17
4.341860442e-17
5.846154097e-17
7.560017391e-17
9.215069354e-17
1.034773987e-16
2.352467809e-17
2.962376886e-17
3.974823257e-17
5.47663351e-17
7.538312338e-17
1.014896066e-16
1.312233736e-16
1.599272071e-16
1.795655189e-16
4.084104894e-17
5.14327176e-17
6.901230903e-17
9.508315039e-17
1.308621026e-16
1.761505936e-16
2.277088317e-16
2.774586002e-16
3.114820555e-16
7.090335961e-17
8.929435329e-17
1.198123891e-16
1.650568081e-16
2.271226319e-16
3.05643337e-16
3.949808013e-16
4.811308714e-16
5.400144726e-16
1.230826088e-16
1.550089191e-16
2.079714799e-16
2.864565611e-16
3.940590494e-16
5.300918437e-16
6.847375641e-16
8.337379927e-16
9.354984149e-16
2.136172324e-16
2.690204797e-16
3.608911005e-16
4.969534058e-16
6.833483737e-16
9.187659923e-16
1.18610053e-15
1.443376571e-15
1.618890983e-15
3.706115888e-16
4.667017566e-16
6.259527564e-16
8.616218424e-16
1.184137531e-15
1.590959842e-15
2.05226353e-15
2.495522262e-15
2.797466324e-15
6.426277532e-16
8.091466571e-16
1.084921823e-15
1.492612738e-15
2.049792952e-15
2.751462561e-15
3.545587822e-15
4.307102705e-15
4.82482779e-15
1.113401785e-15
1.401630834e-15
1.878531669e-15
2.582628814e-15
3.543242963e-15
4.750412836e-15
6.113328032e-15
7.416887008e-15
8.300905959e-15
1.926944677e-15
2.425039781e-15
3.24821674e-15
4.461532928e-15
6.113288798e-15
8.18348241e-15
1.05136501e-14
1.273510431e-14
1.42368734e-14
3.330147404e-15
4.189077865e-15
5.606506212e-15
7.691373562e-15
1.052196202e-14
1.405798523e-14
1.802316791e-14
2.17883447e-14
2.432396901e-14
5.744693953e-15
7.221780786e-15
9.654888562e-15
1.322455132e-14
1.805503624e-14
2.406535118e-14
3.077475328e-14
3.711547439e-14
4.13661337e-14
9.88768328e-15
1.241901832e-14
1.657951665e-14
2.266456769e-14
3.086624288e-14
4.102277399e-14
5.23003913e-14
6.289916525e-14
6.996683399e-14
1.697254567e-14
2.129219461e-14
2.837315137e-14
3.869134441e-14
5.253347185e-14
6.957988814e-14
8.839170901e-14
1.059591976e-13
1.176040865e-13
2.904114542e-14
3.63750406e-14
4.835941088e-14
6.574703023e-14
8.894615174e-14
1.173342265e-13
1.484449229e-13
1.772925869e-13
1.962892944e-13
4.950815032e-14
6.188531988e-14
8.203716263e-14
1.11128371e-13
1.497023043e-13
1.965674995e-13
2.475332257e-13
2.944280715e-13
3.250915883e-13
8.404527402e-14
1.047902081e-13
1.38424922e-13
1.867046539e-13
2.502784004e-13
3.269108418e-13
4.095560816e-13
4.849771879e-13
5.339289395e-13
1.420035823e-13
1.765030686e-13
2.321757726e-13
3.11584733e-13
4.153544595e-13
5.393812359e-13
6.719626073e-13
7.919230455e-13
8.691929366e-13
2.386773432e-13
2.95555223e-13
3.868638495e-13
5.162045266e-13
6.838435749e-13
8.824173617e-13
1.092750664e-12
1.281407704e-12
1.402003219e-12
3.988672011e-13
4.917536527e-13
6.400288902e-13
8.485136688e-13
1.116406772e-12
1.430800673e-12
1.760725964e-12
2.054082834e-12
2.240204123e-12
6.624225519e-13
8.125735691e-13
1.050825879e-12
1.383228509e-12
1.806555032e-12
2.298703499e-12
2.810395906e-12
3.261507566e-12
3.545652685e-12
1.092757256e-12
1.332868699e-12
1.7114894e-12
2.235518138e-12
2.896883645e-12
3.658597207e-12
4.44341098e-12
5.129654581e-12
5.558947723e-12
1.789770762e-12
2.169445241e-12
2.764323274e-12
3.581040934e-12
4.602594725e-12
5.768429371e-12
6.959205871e-12
7.992377259e-12
8.634572988e-12
2.909209727e-12
3.502682226e-12
4.426614344e-12
5.685005806e-12
7.245302067e-12
9.010405424e-12
1.079850407e-11
1.23387728e-11
1.329055201e-11
4.691328914e-12
5.608251546e-12
7.026811104e-12
8.943967638e-12
1.130125826e-11
1.394597429e-11
1.660472783e-11
1.887984861e-11
2.027824228e-11
7.502831031e-12
8.90317755e-12
1.105659272e-11
1.394547785e-11
1.746970282e-11
2.139333403e-11
2.531022488e-11
2.864189696e-11
3.067996804e-11
1.189759044e-11
1.401209406e-11
1.724520569e-11
2.155262985e-11
2.676914068e-11
3.253608967e-11
3.825674116e-11
4.309668046e-11
4.6044987e-11
1.870374276e-11
2.186176658e-11
2.66648345e-11
3.302313945e-11
4.0672196e-11
4.907478578e-11
5.736292434e-11
6.434209371e-11
6.857806107e-11
2.914754922e-11
3.381499216e-11
4.087907183e-11
5.017615496e-11
6.129349372e-11
7.343711967e-11
8.535608348e-11
9.535176585e-11
1.013998545e-10
4.502751848e-11
5.185780657e-11
6.214923605e-11
7.562313889e-11
9.164936273e-11
1.090684484e-10
1.260920429e-10
1.403190531e-10
1.489051419e-10
6.895489327e-11
7.885790138e-11
9.371981477e-11
1.130876457e-10
1.360167072e-10
1.60831417e-10
1.849935123e-10
2.051272076e-10
2.172521618e-10
1.046917221e-10
1.189267266e-10
1.402152271e-10
1.678458127e-10
2.004239824e-10
2.355505215e-10
2.696460288e-10
2.979874703e-10
3.150259239e-10
1.576158553e-10
1.77916258e-10
2.081831392e-10
2.473286145e-10
2.933211758e-10
3.427532918e-10
3.906065223e-10
4.303023491e-10
4.541335097e-10
2.353589824e-10
2.640992759e-10
3.068365571e-10
3.619421114e-10
4.264896778e-10
4.956741237e-10
5.624958517e-10
6.178299902e-10
6.510107741e-10
3.486770553e-10
3.890957623e-10
4.490620769e-10
5.261791257e-10
6.162725621e-10
7.126092009e-10
8.054724662e-10
8.822561325e-10
9.282543604e-10
5.126302363e-10
5.691266613e-10
6.527815752e-10
7.601174267e-10
8.85229841e-10
1.018738414e-09
1.14721618e-09
1.253315361e-09
1.316828379e-09
7.481706325e-10
8.266983763e-10
9.427784115e-10
1.091425877e-09
1.264353554e-09
1.448565418e-09
1.625589779e-09
1.771640788e-09
1.859029426e-09
1.084260495e-09
1.19284749e-09
1.353128372e-09
1.55803399e-09
1.796017744e-09
2.049172201e-09
2.292192445e-09
2.492568117e-09
2.612443383e-09
1.560673594e-09
1.710108532e-09
1.930414115e-09
2.211664962e-09
2.537887108e-09
2.884533197e-09
3.217068163e-09
3.491175242e-09
3.655188833e-09
2.231674194e-09
2.436412982e-09
2.737950802e-09
3.122481824e-09
3.568054698e-09
4.041179876e-09
4.494883838e-09
4.86889453e-09
5.092797404e-09
3.170819074e-09
3.45017724e-09
3.861295851e-09
4.385135925e-09
4.991717547e-09
5.635550231e-09
6.25293797e-09
6.76207835e-09
7.06712131e-09
4.477164812e-09
4.85686879e-09
5.415342764e-09
6.126534496e-09
6.949730249e-09
7.823387884e-09
8.661383972e-09
9.352913861e-09
9.767669547e-09
6.283175055e-09
6.797352384e-09
7.553313173e-09
8.515657737e-09
9.629383152e-09
1.081154819e-08
1.19460303e-08
1.288304972e-08
1.344573317e-08
8.764622928e-09
9.45831561e-09
1.04779508e-08
1.177573001e-08
1.327770295e-08
1.487249598e-08
1.640398459e-08
1.76701833e-08
1.843153505e-08
1.215274879e-08
1.308502435e-08
1.445514891e-08
1.619894624e-08
1.821743633e-08
2.036160643e-08
2.242220043e-08
2.412761982e-08
2.515438546e-08
1.674882096e-08
1.799652172e-08
1.983007193e-08
2.216374194e-08
2.486561399e-08
2.773706263e-08
3.049861485e-08
3.278640084e-08
3.416538594e-08
2.294102237e-08
2.460312956e-08
2.704553177e-08
3.015423536e-08
3.375416259e-08
3.758163734e-08
4.126498421e-08
4.43189574e-08
4.616154434e-08
3.122322675e-08
3.342571261e-08
3.66619225e-08
4.078093809e-08
4.555141101e-08
5.062492989e-08
5.550971561e-08
5.956235246e-08
6.200922295e-08
4.221471903e-08
4.511561254e-08
4.937739895e-08
5.480113049e-08
6.108254241e-08
6.776373293e-08
7.419799822e-08
7.953810365e-08
8.276370183e-08
5.66792745e-08
6.047348016e-08
6.604625051e-08
7.313649539e-08
8.134616579e-08
9.007725177e-08
9.848552679e-08
1.054645499e-07
1.096808626e-07
7.554131393e-08
8.046451839e-08
8.769268432e-08
9.68848472e-08
1.075234101e-07
1.188331185e-07
1.297212995e-07
1.387569411e-07
1.442152081e-07
9.989623288e-08
1.06227056e-07
1.155166866e-07
1.273223261e-07
1.409755929e-07
1.554799439e-07
1.694351297e-07
1.810102398e-07
1.880001455e-07
1.310116611e-07
1.39071118e-07
1.50888523e-07
1.658925289e-07
1.832268809e-07
2.016229896e-07
2.193059359e-07
2.339613906e-07
2.428060056e-07
1.703165604e-07
1.804639739e-07
1.953289786e-07
2.141799506e-07
2.359298757e-07
2.589808297e-07
2.811099289e-07
2.994299921e-07
3.104769365e-07
2.193758726e-07
2.32000703e-07
2.50474099e-07
2.73867106e-07
3.00813698e-07
3.293240234e-07
3.566502123e-07
3.792414858e-07
3.928498189e-07
2.798502532e-07
2.953596315e-07
3.18024247e-07
3.466761378e-07
3.79616839e-07
4.143996512e-07
4.476746611e-07
4.751391457e-07
4.916629901e-07
3.534412725e-07
3.722438415e-07
3.996801925e-07
4.342978651e-07
4.740107162e-07
5.158498878e-07
5.557896686e-07
5.886945814e-07
6.084650327e-07
4.41824832e-07
4.64311358e-07
4.970701729e-07
5.383169399e-07
5.855220575e-07
6.351321664e-07
6.823794059e-07
7.212269252e-07
7.445341929e-07
5.465784963e-07
5.731027184e-07
6.11677326e-07
6.601388332e-07
7.154608141e-07
7.734493035e-07
8.285390213e-07
8.737392109e-07
9.008169166e-07
6.691110889e-07
6.999713237e-07
7.447718944e-07
8.009254329e-07
8.648605722e-07
9.316959182e-07
9.950275658e-07
1.046877137e-06
1.077890292e-06
8.105985746e-07
8.460222131e-07
8.973545659e-07
9.615446609e-07
1.034435971e-06
1.110424627e-06
1.182242979e-06
1.240911519e-06
1.275949043e-06
9.719321172e-07
1.012064344e-06
1.070115067e-06
1.142537227e-06
1.224558994e-06
1.309832482e-06
1.390218214e-06
1.455742336e-06
1.494814283e-06
1.153681819e-06
1.198579258e-06
1.263407955e-06
1.34410128e-06
1.435253536e-06
1.529765648e-06
1.618635202e-06
1.69092005e-06
1.733959101e-06
1.356077567e-06
1.405706899e-06
1.477245458e-06
1.566093686e-06
1.666205797e-06
1.769738738e-06
1.866852109e-06
1.945678947e-06
1.992545373e-06
1.57900646e-06
1.633247504e-06
1.711305523e-06
1.808045264e-06
1.916786993e-06
2.028964584e-06
2.133939101e-06
2.218977342e-06
2.269466427e-06
1.822024739e-06
1.880677111e-06
1.964952123e-06
2.069186507e-06
2.186084474e-06
2.306390186e-06
2.41871819e-06
2.509540161e-06
2.563391084e-06
2.084381208e-06
2.147173445e-06
2.237264369e-06
2.348480134e-06
2.472937468e-06
2.600735037e-06
2.719803379e-06
2.815900184e-06
2.872805429e-06
2.365048652e-06
2.43164869e-06
2.527070879e-06
2.644656945e-06
2.775973977e-06
2.910528474e-06
3.035637912e-06
3.136434888e-06
3.196049297e-06
2.662759841e-06
2.732785751e-06
2.832986148e-06
2.956251863e-06
3.093645878e-06
3.23414321e-06
3.364525829e-06
3.469396091e-06
3.531344689e-06
2.976045037e-06
3.049075122e-06
3.153446215e-06
3.281637678e-06
3.424259925e-06
3.569822807e-06
3.70465546e-06
3.812929702e-06
3.876813139e-06
3.303268567e-06
3.37885013e-06
3.486741762e-06
3.619055052e-06
3.766003569e-06
3.915702175e-06
4.054113616e-06
4.16508348e-06
4.230479057e-06
3.642662686e-06
3.720319195e-06
3.831047928e-06
3.966638977e-06
4.116967004e-06
4.269823766e-06
4.410893797e-06
4.523804434e-06
4.590253642e-06
3.992357465e-06
4.071594391e-06
4.184451098e-06
4.322443707e-06
4.475166557e-06
4.630159867e-06
4.77291655e-06
4.886950091e-06
4.953923584e-06
4.350405391e-06
4.430715427e-06
4.544972673e-06
4.684467847e-06
4.838574744e-06
4.994654694e-06
5.138097548e-06
5.252415834e-06
5.319464656e-06
4.71479887e-06
4.795667392e-06
4.910588057e-06
5.050676741e-06
5.205149215e-06
5.361268966e-06
5.50442582e-06
5.618350775e-06
5.685100912e-06
5.083479552e-06
5.164391806e-06
5.279240582e-06
5.41902183e-06
5.572865156e-06
5.728056335e-06
5.870169358e-06
5.983128871e-06
6.049251827e-06
5.454339834e-06
5.534793343e-06
5.648860379e-06
5.787485678e-06
5.939858249e-06
6.09338224e-06
6.233803956e-06
6.345298287e-06
6.410504917e-06
5.825245155e-06
5.904781136e-06
6.017469767e-06
6.154310964e-06
6.304568466e-06
6.455797016e-06
6.593966746e-06
6.703557936e-06
6.767593551e-06
6.194325818e-06
6.272627978e-06
6.383503385e-06
6.518039648e-06
6.665627028e-06
6.814013249e-06
6.949439363e-06
7.056741726e-06
7.119381768e-06
6.560121684e-06
6.636922001e-06
6.745609393e-06
6.877390438e-06
7.021821564e-06
7.166884045e-06
7.299132999e-06
7.403806478e-06
7.464853294e-06
6.921365476e-06
6.996428925e-06
7.102598216e-06
7.23122746e-06
7.372073187e-06
7.513386978e-06
7.64207677e-06
7.743822634e-06
7.803103238e-06
7.276935823e-06
7.350054026e-06
7.453412732e-06
7.57853958e-06
7.715421388e-06
7.852612884e-06
7.977409091e-06
8.075967102e-06
8.133331597e-06
7.625832692e-06
7.696821297e-06
7.79711131e-06
7.918427538e-06
8.051014114e-06
8.183758013e-06
8.304371186e-06
8.399517564e-06
8.454837919e-06
7.96716448e-06
8.035862016e-06
8.132858034e-06
8.250095861e-06
8.378101019e-06
8.506118207e-06
8.622301866e-06
8.713847612e-06
8.767016597e-06
8.300140893e-06
8.366408106e-06
8.459916624e-06
8.572847351e-06
8.696028388e-06
8.819084126e-06
8.930632939e-06
9.018422232e-06
9.069352395e-06
8.624068407e-06
8.687787667e-06
8.777646022e-06
8.886078725e-06
9.004234794e-06
9.122136882e-06
9.228884795e-06
9.312793356e-06
9.361415959e-06
8.938346652e-06
8.999421251e-06
9.085496539e-06
9.189276597e-06
9.302246917e-06
9.414843697e-06
9.51666193e-06
9.596595277e-06
9.642859187e-06
9.242464886e-06
9.300818187e-06
9.383005974e-06
9.482013385e-06
9.589675235e-06
9.696853406e-06
9.79364829e-06
9.869539887e-06
9.91341041e-06
9.535998189e-06
9.59157263e-06
9.669795481e-06
9.763942969e-06
9.866209479e-06
9.967891732e-06
1.005960241e-05
1.013141173e-05
1.01728694e-05
9.818603274e-06
9.871359256e-06
9.945565101e-06
1.003479606e-05
1.013161384e-05
1.022775636e-05
1.031435238e-05
1.038206289e-05
1.042110223e-05
1.009001392e-05
1.013992861e-05
1.0210089e-05
1.02943753e-05
1.038572199e-05
1.047631185e-05
1.055779072e-05
1.062140784e-05
1.065803613e-05
1.035003612e-05
1.039710217e-05
1.046321048e-05
1.054255025e-05
1.062843193e-05
1.071348448e-05
1.078986916e-05
1.084941824e-05
1.088365425e-05
1.059854298e-05
1.064276728e-05
1.070483685e-05
1.077925214e-05
1.085970082e-05
1.093925705e-05
1.101059348e-05
1.106611776e-05
1.109799055e-05
1.083546958e-05
1.087687193e-05
1.093493422e-05
1.100446878e-05
1.107953982e-05
1.115366375e-05
1.122001844e-05
1.127157709e-05
1.130112483e-05
1.106080772e-05
1.109941959e-05
1.115352233e-05
1.121823935e-05
1.128800902e-05
1.135678514e-05
1.141824279e-05
1.146590901e-05
1.149317782e-05
1.12746008e-05
1.131046401e-05
1.136066947e-05
1.14206494e-05
1.148521242e-05
1.154874327e-05
1.160540454e-05
1.164926372e-05
1.167430663e-05
1.147693871e-05
1.151010431e-05
1.155648752e-05
1.161182597e-05
1.167129322e-05
1.172969703e-05
1.178167634e-05
1.182182434e-05
1.184470023e-05
1.166795298e-05
1.169848002e-05
1.174112719e-05
1.179193291e-05
1.184642922e-05
1.189983768e-05
1.194726117e-05
1.198380271e-05
1.200457536e-05
1.184781206e-05
1.187576652e-05
1.19147734e-05
1.196116642e-05
1.201082847e-05
1.205938463e-05
1.210238827e-05
1.213543538e-05
1.21541726e-05
1.201671684e-05
1.204217056e-05
1.207764101e-05
1.211975082e-05
1.216472519e-05
1.220858148e-05
1.224730927e-05
1.22769799e-05
1.229375269e-05
1.217489638e-05
1.219792611e-05
1.222997072e-05
1.226793459e-05
1.230837593e-05
1.234769237e-05
1.238229467e-05
1.240871137e-05
1.242359317e-05
1.232260397e-05
1.234329043e-05
1.237202519e-05
1.240598663e-05
1.244205599e-05
1.247699848e-05
1.250763051e-05
1.253091925e-05
1.254398524e-05
1.246011333e-05
1.247854037e-05
1.250408553e-05
1.253419287e-05
1.256605609e-05
1.259679489e-05
1.262361532e-05
1.264390442e-05
1.265523094e-05
1.258771521e-05
1.260396905e-05
1.262644798e-05
1.265285303e-05
1.268067938e-05
1.270738765e-05
1.273055738e-05
1.274797652e-05
1.275764047e-05
1.270571412e-05
1.27198826e-05
1.273942083e-05
1.276227769e-05
1.278623855e-05
1.280909115e-05
1.282877214e-05
1.284345148e-05
1.285152982e-05
1.281442542e-05
1.28265974e-05
1.284332167e-05
1.286278567e-05
1.288305335e-05
1.290222565e-05
1.291857991e-05
1.293064932e-05
1.293721868e-05
1.291417258e-05
1.292443732e-05
1.293847481e-05
1.295470149e-05
1.297144824e-05
1.298711511e-05
1.300030383e-05
1.300989219e-05
1.301502844e-05
1.300528476e-05
1.301373139e-05
1.302520897e-05
1.303835327e-05
1.305175029e-05
1.306408522e-05
1.307426793e-05
1.308150257e-05
1.308528047e-05
1.308809453e-05
1.309481165e-05
1.310385521e-05
1.311407065e-05
1.312428733e-05
1.313346161e-05
1.314079554e-05
1.314580167e-05
1.314829464e-05
1.316293594e-05
1.316801111e-05
1.317474504e-05
1.318218309e-05
1.318938626e-05
1.319556831e-05
1.320020778e-05
1.320310806e-05
1.320438789e-05
1.323014265e-05
1.323366212e-05
1.323820874e-05
1.324301822e-05
1.324737156e-05
1.325072638e-05
1.325282227e-05
1.325373645e-05
1.32538731e-05
1.329004639e-05
1.329209472e-05
1.329457395e-05
1.329690053e-05
1.329856404e-05
1.329925265e-05
1.3298952e-05
1.329799659e-05
1.329705804e-05
1.334297551e-05
1.334363538e-05
1.33441643e-05
1.334415008e-05
1.334327964e-05
1.334145869e-05
1.333890437e-05
1.333619238e-05
1.333424448e-05
1.338925381e-05
1.338860574e-05
1.33872983e-05
1.338508147e-05
1.338182848e-05
1.337764994e-05
1.337298032e-05
1.336862109e-05
1.336572745e-05
1.342919944e-05
1.342732161e-05
1.342428843e-05
1.342000295e-05
1.341451405e-05
1.340812492e-05
1.340147366e-05
1.339557269e-05
1.339179461e-05
1.346312397e-05
1.346009212e-05
1.345544023e-05
1.344921565e-05
1.344163247e-05
1.343317456e-05
1.34246705e-05
1.34173293e-05
1.341272573e-05
1.349133168e-05
1.348721895e-05
1.348105166e-05
1.347301291e-05
1.346347192e-05
1.345308173e-05
1.344284871e-05
1.343416479e-05
1.342879227e-05
1.351411886e-05
1.350899571e-05
1.350141251e-05
1.349167982e-05
1.34803122e-05
1.346812081e-05
1.345627763e-05
1.344634443e-05
1.344025707e-05
1.353177332e-05
1.35257075e-05
1.351680397e-05
1.350549273e-05
1.349242432e-05
1.347855733e-05
1.346521773e-05
1.345412459e-05
1.344737412e-05
1.354457398e-05
1.353763045e-05
1.352749822e-05
1.3514719e-05
1.350007023e-05
1.348464778e-05
1.346992041e-05
1.345775262e-05
1.345038836e-05
1.355279052e-05
1.354503148e-05
1.353375821e-05
1.351961672e-05
1.350350267e-05
1.34866394e-05
1.347062789e-05
1.345746672e-05
1.344953563e-05
1.35566832e-05
1.354816807e-05
1.353583746e-05
1.352043458e-05
1.350296497e-05
1.348477015e-05
1.346757315e-05
1.345349589e-05
1.344504259e-05
1.355650269e-05
1.354728811e-05
1.353397997e-05
1.351741179e-05
1.349869107e-05
1.34792686e-05
1.346097986e-05
1.344605994e-05
1.343712678e-05
1.355248995e-05
1.354262988e-05
1.352842012e-05
1.351077802e-05
1.349090546e-05
1.347035403e-05
1.345106252e-05
1.343536953e-05
1.342599664e-05
1.354487631e-05
1.353442199e-05
1.351938274e-05
1.35007535e-05
1.347982328e-05
1.345823645e-05
1.343802646e-05
1.34216263e-05
1.341185165e-05
1.35338834e-05
1.352288348e-05
1.350708315e-05
1.348754902e-05
1.346565037e-05
1.344311672e-05
1.3422068e-05
1.340502297e-05
1.339488245e-05
1.351972334e-05
1.350822389e-05
1.349172727e-05
1.34713661e-05
1.344858345e-05
1.342518672e-05
1.340337461e-05
1.338574354e-05
1.337527099e-05
1.350259877e-05
1.349064339e-05
1.347351176e-05
1.345239715e-05
1.342881023e-05
1.34046295e-05
1.338212507e-05
1.336396344e-05
1.335319076e-05
1.348270309e-05
1.347033297e-05
1.345262418e-05
1.343082561e-05
1.340650966e-05
1.338161947e-05
1.335848972e-05
1.333984975e-05
1.332880697e-05
1.346022062e-05
1.344747462e-05
1.342924325e-05
1.340682622e-05
1.338185213e-05
1.335632267e-05
1.333263064e-05
1.331356145e-05
1.33022768e-05
1.343532683e-05
1.342224155e-05
1.340353902e-05
1.338056518e-05
1.335499967e-05
1.332889697e-05
1.33047019e-05
1.328524965e-05
1.327374963e-05
1.340818856e-05
1.339479847e-05
1.337567313e-05
1.335220048e-05
1.332610623e-05
1.329949232e-05
1.327484983e-05
1.325505783e-05
1.32433673e-05
1.33789643e-05
1.336530179e-05
1.334579909e-05
1.332188208e-05
1.329531797e-05
1.326825103e-05
1.32432133e-05
1.322312213e-05
1.321126437e-05
1.334780445e-05
1.333389992e-05
1.331406251e-05
1.328975225e-05
1.326277347e-05
1.323530804e-05
1.320992392e-05
1.318957158e-05
1.317756839e-05
1.33148516e-05
1.330073356e-05
1.328060142e-05
1.32559458e-05
1.322860404e-05
1.320079117e-05
1.317510638e-05
1.315452842e-05
1.314240017e-05
1.32802408e-05
1.326593596e-05
1.324554654e-05
1.322059037e-05
1.319293401e-05
1.316482144e-05
1.313887871e-05
1.311810832e-05
1.310587402e-05
1.324409987e-05
1.322963322e-05
1.320902154e-05
1.318380673e-05
1.315588097e-05
1.312751331e-05
1.310135253e-05
1.308042067e-05
1.306809808e-05
1.320654968e-05
1.319194458e-05
1.317114337e-05
1.314570906e-05
1.31175561e-05
1.308897495e-05
1.306263333e-05
1.30415689e-05
1.302917453e-05
1.316770445e-05
1.315298271e-05
1.31320225e-05
1.310640522e-05
1.307806442e-05
1.304930857e-05
1.302282077e-05
1.300165064e-05
1.298919988e-05
1.312767203e-05
1.311285398e-05
1.309176326e-05
1.306599703e-05
1.303750506e-05
1.300861063e-05
1.29820089e-05
1.296075808e-05
1.294826525e-05
1.308655416e-05
1.307165876e-05
1.305046405e-05
1.302458057e-05
1.299597154e-05
1.296697212e-05
1.294028645e-05
1.291897818e-05
1.290645655e-05
1.304444681e-05
1.30294917e-05
1.300821767e-05
1.298224642e-05
1.295355205e-05
1.292447885e-05
1.289773708e-05
1.287639293e-05
1.286385483e-05
1.30014404e-05
1.298644195e-05
1.296511155e-05
1.293907991e-05
1.291032965e-05
1.288121164e-05
1.28544396e-05
1.283307957e-05
1.282053643e-05
1.295762004e-05
1.29425935e-05
1.292122803e-05
1.289516139e-05
1.286638257e-05
1.28372466e-05
1.281046823e-05
1.278911083e-05
1.277657321e-05
1.291306586e-05
1.289802535e-05
1.287664454e-05
1.285056648e-05
1.28217844e-05
1.279265534e-05
1.276589277e-05
1.274455513e-05
1.273203281e-05
1.286785314e-05
1.285281173e-05
1.283143389e-05
1.28053662e-05
1.277660428e-05
1.274750513e-05
1.272077884e-05
1.269947677e-05
1.268697876e-05
1.282205255e-05
1.280702237e-05
1.27856644e-05
1.275962725e-05
1.273090713e-05
1.27018591e-05
1.267518797e-05
1.265393605e-05
1.264147068e-05
1.277573034e-05
1.276072255e-05
1.273940007e-05
1.271341205e-05
1.268475369e-05
1.265577634e-05
1.262917775e-05
1.26079894e-05
1.259556429e-05
1.272894836e-05
1.271397328e-05
1.269270067e-05
1.26667789e-05
1.263820063e-05
1.260931195e-05
1.258280184e-05
1.256168936e-05
1.254931152e-05
1.268176418e-05
1.266683126e-05
1.264562171e-05
1.261978189e-05
1.259130052e-05
1.256251694e-05
1.25361099e-05
1.251508451e-05
1.250276031e-05
1.263423093e-05
1.261934881e-05
1.259821438e-05
1.257247081e-05
1.254410162e-05
1.251543808e-05
1.248914734e-05
1.24682192e-05
1.245595441e-05
1.258639713e-05
1.257157362e-05
1.255052519e-05
1.252489078e-05
1.249664756e-05
1.246811748e-05
1.244195488e-05
1.242113307e-05
1.240893283e-05
1.253830616e-05
1.252354825e-05
1.250259551e-05
1.247708172e-05
1.244897666e-05
1.242059186e-05
1.23945678e-05
1.237386026e-05
1.236172903e-05
1.24899956e-05
1.247530935e-05
1.245446069e-05
1.242907741e-05
1.240112095e-05
1.23728915e-05
1.234701476e-05
1.232642811e-05
1.231436962e-05
1.244149603e-05
1.242688647e-05
1.240614881e-05
1.23809041e-05
1.235310467e-05
1.232503858e-05
1.229931602e-05
1.22788554e-05
1.226687246e-05
1.239282941e-05
1.237830032e-05
1.235767881e-05
1.233257855e-05
1.230494212e-05
1.227704485e-05
1.225148099e-05
1.22311496e-05
1.221924392e-05
1.234400675e-05
1.232956039e-05
1.230905793e-05
1.228410522e-05
1.225663463e-05
1.222890844e-05
1.220350474e-05
1.218330333e-05
1.217147514e-05
1.229502499e-05
1.22806616e-05
1.226027823e-05
1.223547258e-05
1.220816657e-05
1.218060944e-05
1.215536336e-05
1.213528939e-05
1.212353696e-05
1.224586279e-05
1.223158001e-05
1.221131196e-05
1.218664809e-05
1.21595e-05
1.213210421e-05
1.210700779e-05
1.20870543e-05
1.207537327e-05
1.219647518e-05
1.218226716e-05
1.216210561e-05
1.213757191e-05
1.21105678e-05
1.208331803e-05
1.205835607e-05
1.203851014e-05
1.202689256e-05
1.214678672e-05
1.213264303e-05
1.211257245e-05
1.208814887e-05
1.206126515e-05
1.20341359e-05
1.20092835e-05
1.198952419e-05
1.197795731e-05
1.209668309e-05
1.208258725e-05
1.20625833e-05
1.203823868e-05
1.2011439e-05
1.198439134e-05
1.195961074e-05
1.193990652e-05
1.192837118e-05
1.204600099e-05
1.203192865e-05
1.201195551e-05
1.19876442e-05
1.196087559e-05
1.193385306e-05
1.190908972e-05
1.188939518e-05
1.187786385e-05
1.19945162e-05
1.198043289e-05
1.196044e-05
1.193609777e-05
1.190928595e-05
1.188220957e-05
1.185738741e-05
1.183763929e-05
1.182607364e-05
1.194192991e-05
1.19277884e-05
1.190770661e-05
1.188324576e-05
1.185628952e-05
1.182905192e-05
1.180406765e-05
1.178418016e-05
1.177252822e-05
1.188785351e-05
1.187359074e-05
1.18533278e-05
1.182863155e-05
1.180139633e-05
1.177385498e-05
1.174857165e-05
1.172843112e-05
1.171662401e-05
1.183179222e-05
1.181732581e-05
1.179676137e-05
1.177167756e-05
1.17439883e-05
1.1715958e-05
1.169019785e-05
1.166965678e-05
1.165760511e-05
1.177312805e-05
1.175835255e-05
1.173733272e-05
1.171166705e-05
1.168330049e-05
1.165454535e-05
1.162808218e-05
1.1606953e-05
1.159454308e-05
1.1711103e-05
1.169588602e-05
1.167421774e-05
1.164772677e-05
1.161840359e-05
1.158862889e-05
1.156118038e-05
1.153922914e-05
1.152631914e-05
1.164480359e-05
1.162898189e-05
1.160642744e-05
1.157881181e-05
1.154818905e-05
1.151703344e-05
1.148825389e-05
1.146519432e-05
1.145161073e-05
1.157314794e-05
1.155652397e-05
1.153279596e-05
1.150369434e-05
1.147135872e-05
1.14383875e-05
1.140786163e-05
1.138335021e-05
1.136888492e-05
1.149487722e-05
1.147721623e-05
1.145197368e-05
1.142095806e-05
1.1386421e-05
1.135112125e-05
1.131835994e-05
1.12919926e-05
1.127640094e-05
1.140855311e-05
1.138958147e-05
1.136242744e-05
1.132900059e-05
1.129169578e-05
1.125347435e-05
1.121791317e-05
1.118922441e-05
1.117222483e-05
1.131256335e-05
1.129196832e-05
1.126245001e-05
1.122604598e-05
1.118533049e-05
1.114351586e-05
1.110451746e-05
1.107298284e-05
1.105425857e-05
1.120513728e-05
1.118256897e-05
1.115018074e-05
1.111016926e-05
1.106532936e-05
1.10191785e-05
1.097603993e-05
1.094108266e-05
1.092028602e-05
1.108437338e-05
1.105944916e-05
1.102363947e-05
1.097933522e-05
1.092959773e-05
1.0878309e-05
1.083027493e-05
1.079127744e-05
1.076803722e-05
1.094828022e-05
1.092059225e-05
1.088077491e-05
1.08314524e-05
1.077600261e-05
1.071873554e-05
1.06650181e-05
1.062133928e-05
1.059527158e-05
1.079483202e-05
1.076395812e-05
1.07195285e-05
1.066444305e-05
1.060244962e-05
1.053835214e-05
1.047815793e-05
1.042915622e-05
1.039987892e-05
1.062203885e-05
1.058755684e-05
1.053791317e-05
1.047632829e-05
1.040697529e-05
1.033521839e-05
1.026778243e-05
1.021284475e-05
1.017999544e-05
1.042803063e-05
1.038953615e-05
1.033410566e-05
1.02653264e-05
1.018785208e-05
1.010767118e-05
1.003229721e-05
9.970872779e-06
9.93412973e-06
1.021115262e-05
1.016827995e-05
1.010654924e-05
1.002996048e-05
9.943701333e-06
9.85444293e-06
9.770548205e-06
9.702186007e-06
9.661291056e-06
9.970068589e-06
9.922513534e-06
9.854061775e-06
9.769169839e-06
9.673607811e-06
9.574778801e-06
9.481940931e-06
9.406328253e-06
9.361110199e-06
9.703865977e-06
9.651409598e-06
9.575942642e-06
9.48241739e-06
9.377227066e-06
9.268543192e-06
9.166545316e-06
9.083544319e-06
9.033940745e-06
9.412155883e-06
9.354687297e-06
9.272069978e-06
9.169784035e-06
9.054875566e-06
8.936304372e-06
8.825174046e-06
8.734852325e-06
8.680927345e-06
9.095159282e-06
9.032695322e-06
8.94297876e-06
8.832039643e-06
8.707592491e-06
8.579385337e-06
8.459421739e-06
8.362072218e-06
8.304027237e-06
8.753770073e-06
8.686469478e-06
8.589909909e-06
8.470680632e-06
8.337162915e-06
8.199870369e-06
8.071654098e-06
7.967799281e-06
7.905973579e-06
8.38958585e-06
8.317755857e-06
8.214821987e-06
8.087926479e-06
7.946095802e-06
7.800562063e-06
7.664942976e-06
7.555319292e-06
7.490176991e-06
8.004898894e-06
7.928993076e-06
7.820360738e-06
7.686673238e-06
7.537559054e-06
7.384896689e-06
7.242960947e-06
7.128484512e-06
7.060583937e-06
7.60264369e-06
7.523251762e-06
7.409788259e-06
7.270411882e-06
7.115288536e-06
6.956851521e-06
6.809885964e-06
6.691632031e-06
6.621652874e-06
7.186305159e-06
7.104137721e-06
6.986883555e-06
6.843132625e-06
6.683499912e-06
6.52091648e-06
6.370588395e-06
6.250002045e-06
6.178836807e-06
6.75981164e-06
6.675683736e-06
6.555843705e-06
6.409280393e-06
6.247024702e-06
6.082301945e-06
5.930502365e-06
5.809124638e-06
5.737695255e-06
6.327560403e-06
6.242488804e-06
6.121532153e-06
5.973977288e-06
5.811117967e-06
5.646325388e-06
5.494973885e-06
5.374346415e-06
5.303561602e-06
5.894620113e-06
5.809653871e-06
5.689074183e-06
5.542350027e-06
5.380892103e-06
5.218051385e-06
5.068993134e-06
4.950574179e-06
4.881281342e-06
5.466008926e-06
5.382167949e-06
5.263405364e-06
5.119248693e-06
4.961078895e-06
4.802062628e-06
4.656978884e-06
4.542075398e-06
4.475022437e-06
5.046449444e-06
4.964676534e-06
4.84905028e-06
4.709033492e-06
4.555835969e-06
4.402287997e-06
4.262627963e-06
4.152345508e-06
4.088153764e-06
4.64016885e-06
4.561291173e-06
4.449947441e-06
4.315418676e-06
4.168613617e-06
4.021893115e-06
3.888828851e-06
3.784040846e-06
3.723189981e-06
4.250753883e-06
4.175455678e-06
4.069331639e-06
3.941375301e-06
3.802081326e-06
3.663231863e-06
3.537636992e-06
3.43897352e-06
3.381798155e-06
3.881060567e-06
3.809867634e-06
3.709672385e-06
3.589090791e-06
3.458111217e-06
3.327854337e-06
3.210305403e-06
3.118160008e-06
3.064856774e-06
3.533177401e-06
3.46645331e-06
3.372665465e-06
3.259980734e-06
3.137811973e-06
3.016562671e-06
2.907359901e-06
2.821911092e-06
2.772553794e-06
3.208438184e-06
3.146391167e-06
3.059271321e-06
2.954744795e-06
2.841603148e-06
2.729502709e-06
2.628705301e-06
2.549948364e-06
2.504508429e-06
2.907477101e-06
2.850175647e-06
2.769790604e-06
2.673455587e-06
2.569317271e-06
2.466277733e-06
2.37374806e-06
2.301532572e-06
2.259902037e-06
2.63031568e-06
2.577710163e-06
2.503964973e-06
2.415667718e-06
2.320316286e-06
2.226070515e-06
2.141521894e-06
2.075591204e-06
2.037606469e-06
2.376469576e-06
2.328416986e-06
2.261090578e-06
2.180534319e-06
2.093609724e-06
2.007761308e-06
1.9308044e-06
1.870835647e-06
1.836303408e-06
2.145063187e-06
2.101352222e-06
2.040132809e-06
1.966920252e-06
1.887964488e-06
1.810031284e-06
1.740209619e-06
1.685814085e-06
1.654488151e-06
1.934941815e-06
1.895316157e-06
1.839833636e-06
1.773504637e-06
1.702002269e-06
1.631446025e-06
1.568237303e-06
1.518992931e-06
1.49063426e-06
1.744773815e-06
1.708951805e-06
1.658806316e-06
1.598865327e-06
1.534249675e-06
1.47048856e-06
1.41337013e-06
1.368872114e-06
1.343244325e-06
1.573138611e-06
1.54082391e-06
1.495583429e-06
1.441502788e-06
1.383206533e-06
1.325683697e-06
1.274152143e-06
1.234003972e-06
1.210877524e-06
1.41853942e-06
1.389427428e-06
1.348672053e-06
1.299954032e-06
1.247436359e-06
1.195613608e-06
1.149185224e-06
1.113009084e-06
1.092166855e-06
1.279505157e-06
1.253315671e-06
1.216648968e-06
1.172816582e-06
1.125562755e-06
1.078931291e-06
1.037150442e-06
1.00459175e-06
9.858301793e-07
1.154643688e-06
1.131108833e-06
1.098156736e-06
1.058762655e-06
1.016290983e-06
9.743758679e-07
9.368176566e-07
9.075461099e-07
8.906756424e-07
1.042637567e-06
1.021508416e-06
9.919232577e-07
9.565524525e-07
9.184161944e-07
8.807772866e-07
8.470481175e-07
8.207577997e-07
8.056028345e-07
9.422598412e-07
9.233070588e-07
8.967682384e-07
8.650380589e-07
8.308253585e-07
7.970569099e-07
7.667939145e-07
7.432027104e-07
7.296012238e-07
8.523775607e-07
8.353907729e-07
8.116040899e-07
7.831633187e-07
7.524960702e-07
7.222254761e-07
6.950952995e-07
6.739439079e-07
6.617468807e-07
7.719506598e-07
7.567375183e-07
7.35433907e-07
7.099612222e-07
6.824933685e-07
6.553794513e-07
6.310766992e-07
6.121274308e-07
6.011981737e-07
7.000285847e-07
6.864136632e-07
6.673476544e-07
6.445497952e-07
6.199653567e-07
5.956964379e-07
5.739419771e-07
5.569774641e-07
5.471909006e-07
6.357456437e-07
6.235692534e-07
6.065173315e-07
5.861271612e-07
5.641381813e-07
5.424300985e-07
5.22969328e-07
5.077912223e-07
4.990331699e-07
5.783156673e-07
5.674326714e-07
5.521916352e-07
5.339662156e-07
5.143107322e-07
4.949048912e-07
4.77506056e-07
4.639337719e-07
4.561002585e-07
5.270264007e-07
5.173050716e-07
5.036904551e-07
4.874091952e-07
4.698492912e-07
4.525107989e-07
4.369633857e-07
4.248329392e-07
4.178296563e-07
4.812338904e-07
4.725548294e-07
4.603994096e-07
4.458623104e-07
4.301822581e-07
4.146981347e-07
4.008113292e-07
3.899742667e-07
3.837159747e-07
4.403570215e-07
4.326121496e-07
4.217645464e-07
4.087905457e-07
3.947950376e-07
3.809724636e-07
3.68573505e-07
3.588947988e-07
3.533027089e-07
4.038723008e-07
3.969639203e-07
3.872872916e-07
3.757127171e-07
3.632252114e-07
3.508899e-07
3.398219257e-07
3.311784426e-07
3.26181927e-07
3.713089384e-07
3.65148864e-07
3.565196964e-07
3.461968255e-07
3.350580187e-07
3.240518425e-07
3.141725686e-07
3.064538622e-07
3.01989473e-07
3.422442681e-07
3.367530262e-07
3.290600245e-07
3.198557084e-07
3.099209626e-07
3.001010513e-07
2.912829345e-07
2.843898819e-07
2.804006396e-07
3.162995531e-07
3.114056247e-07
3.045481798e-07
2.96341369e-07
2.874806007e-07
2.78719011e-07
2.708477041e-07
2.64691412e-07
2.611262618e-07
2.93134837e-07
2.887731419e-07
2.826603608e-07
2.753428626e-07
2.674397018e-07
2.596218236e-07
2.525948253e-07
2.470955649e-07
2.439085043e-07
2.724447498e-07
2.6855729e-07
2.631080817e-07
2.565831376e-07
2.495334223e-07
2.425566e-07
2.36282037e-07
2.313681142e-07
2.285178078e-07
2.539574753e-07
2.504924516e-07
2.456343471e-07
2.398154096e-07
2.335259229e-07
2.272982376e-07
2.216936439e-07
2.173007842e-07
2.147502913e-07
2.374309605e-07
2.343420842e-07
2.300103047e-07
2.248199802e-07
2.192073288e-07
2.136463592e-07
2.086378983e-07
2.047087212e-07
2.024250833e-07
2.226497107e-07
2.198956257e-07
2.160322784e-07
2.114013709e-07
2.06390799e-07
2.014228273e-07
1.969446391e-07
1.934279946e-07
1.913818437e-07
2.094219736e-07
2.069657401e-07
2.035190316e-07
1.993854854e-07
1.94910219e-07
1.904695457e-07
1.864629665e-07
1.833133123e-07
1.814785089e-07
1.975770357e-07
1.953854875e-07
1.923090375e-07
1.886175548e-07
1.846181439e-07
1.806462944e-07
1.770591276e-07
1.742359553e-07
1.725892568e-07
1.869626419e-07
1.850062657e-07
1.822588221e-07
1.789602134e-07
1.753837847e-07
1.718287632e-07
1.686146085e-07
1.660819196e-07
1.646026766e-07
1.774435885e-07
1.756961558e-07
1.732410586e-07
1.702916053e-07
1.670911708e-07
1.639067791e-07
1.610244213e-07
1.587502493e-07
1.574201295e-07
1.688998965e-07
1.673381098e-07
1.651427959e-07
1.625036662e-07
1.596374959e-07
1.567827146e-07
1.541955682e-07
1.521515441e-07
1.509542808e-07
1.61225124e-07
1.598282982e-07
1.578638569e-07
1.555005781e-07
1.529316333e-07
1.503700622e-07
1.480456686e-07
1.462066274e-07
1.451277924e-07
1.543248492e-07
1.530746262e-07
1.513154021e-07
1.491973872e-07
1.468928093e-07
1.445921622e-07
1.425017352e-07
1.40845361e-07
1.39872159e-07
1.481153165e-07
1.469954113e-07
1.454186481e-07
1.435187696e-07
1.414494206e-07
1.393810697e-07
1.374990868e-07
1.360055937e-07
1.35126679e-07
1.425222317e-07
1.415182043e-07
1.401037252e-07
1.383979331e-07
1.365379823e-07
1.346765508e-07
1.329803876e-07
1.316322349e-07
1.308375476e-07
1.374796896e-07
1.365787411e-07
1.353086634e-07
1.337756429e-07
1.321021983e-07
1.304251967e-07
1.288948023e-07
1.276764432e-07
1.269570647e-07
1.329292227e-07
1.321200131e-07
1.309784933e-07
1.295993613e-07
1.280921437e-07
1.265796499e-07
1.251972626e-07
1.24094924e-07
1.234429517e-07
1.288189592e-07
1.280914471e-07
1.270644568e-07
1.258224954e-07
1.244635533e-07
1.230979355e-07
1.218478387e-07
1.208493361e-07
1.202577803e-07
1.251028835e-07
1.244481859e-07
1.235233175e-07
1.224037449e-07
1.211772128e-07
1.199428964e-07
1.188112163e-07
1.179058012e-07
1.173685005e-07
1.217401923e-07
1.211504658e-07
1.203167692e-07
1.193065495e-07
1.181984502e-07
1.170817329e-07
1.160562842e-07
1.152345344e-07
1.147460964e-07
1.186947402e-07
1.181630849e-07
1.174109372e-07
1.164986332e-07
1.154967316e-07
1.144856565e-07
1.135558477e-07
1.128096078e-07
1.123653826e-07
1.159345709e-07
1.154549584e-07
1.147759711e-07
1.139516472e-07
1.130453676e-07
1.121296725e-07
1.112864955e-07
1.106089017e-07
1.102050157e-07
1.13431526e-07
1.129987532e-07
1.123857206e-07
1.116409067e-07
1.108213376e-07
1.099925103e-07
1.092286606e-07
1.086143179e-07
1.082478413e-07
1.111609315e-07
1.107706068e-07
1.102175012e-07
1.095452173e-07
1.088051879e-07
1.080566512e-07
1.073668629e-07
1.068123611e-07
1.06481907e-07
1.091013211e-07
1.087498667e-07
1.082518628e-07
1.07646691e-07
1.06980934e-07
1.063083471e-07
1.056899427e-07
1.05194921e-07
1.049031431e-07
1.07234178e-07
1.069188444e-07
1.064723561e-07
1.059305224e-07
1.053358239e-07
1.047373061e-07
1.041903801e-07
1.037570555e-07
1.035070745e-07
1.055436737e-07
1.052625391e-07
1.048652308e-07
1.04384643e-07
1.038599542e-07
1.033364244e-07
1.028649065e-07
1.025013892e-07
1.022969189e-07
1.040163748e-07
1.037683041e-07
1.03419009e-07
1.029991008e-07
1.025452331e-07
1.020998058e-07
1.017102857e-07
1.01423263e-07
1.012786929e-07
1.026409387e-07
1.024254922e-07
1.021240336e-07
1.017654202e-07
1.013843512e-07
1.010208337e-07
1.007190318e-07
1.005132679e-07
1.004149046e-07
1.01407849e-07
1.012251736e-07
1.009721827e-07
1.006763978e-07
1.003709811e-07
1.000938111e-07
9.987680141e-08
9.974811196e-08
9.968205256e-08
1.003092377e-07
1.001599622e-07
9.995671137e-08
9.972600447e-08
9.949987499e-08
9.930919024e-08
9.918032237e-08
9.910346678e-08
9.905963143e-08
9.933887495e-08
9.922402066e-08
9.907223841e-08
9.890915473e-08
9.876240346e-08
9.865639971e-08
9.859730872e-08
9.855739425e-08
9.852942252e-08
9.849249636e-08
9.841352838e-08
9.831549771e-08
9.822015596e-08
9.814825814e-08
9.812074829e-08
9.81084063e-08
9.809372934e-08
9.807691805e-08
9.776862755e-08
9.772776162e-08
9.768338411e-08
9.765346298e-08
9.765746552e-08
9.768006459e-08
9.769768274e-08
9.769952483e-08
9.769036854e-08
9.716830766e-08
9.716314417e-08
9.717046537e-08
9.720621902e-08
9.726167279e-08
9.731583989e-08
9.735186415e-08
9.736404761e-08
9.736001444e-08
9.668628452e-08
9.671604535e-08
9.677599162e-08
9.685661495e-08
9.694198659e-08
9.701403405e-08
9.706025934e-08
9.70784095e-08
9.707768239e-08
9.632702358e-08
9.638935055e-08
9.647936149e-08
9.65832044e-08
9.668331579e-08
9.676350455e-08
9.681415635e-08
9.683519676e-08
9.683647658e-08
9.607571494e-08
9.615266469e-08
9.625597689e-08
9.636889523e-08
9.64735169e-08
9.655520426e-08
9.660634114e-08
9.662815652e-08
9.663052617e-08
9.590003592e-08
9.598125843e-08
9.608730344e-08
9.620030357e-08
9.630284047e-08
9.638171678e-08
9.643077302e-08
9.64519649e-08
9.645479245e-08
9.577744294e-08
9.585697093e-08
9.59593994e-08
9.606703347e-08
9.616348325e-08
9.62369413e-08
9.628236297e-08
9.630206205e-08
9.630492781e-08
9.569205912e-08
9.576658445e-08
9.586182909e-08
9.596105306e-08
9.604921639e-08
9.611585502e-08
9.615681302e-08
9.617453272e-08
9.617717284e-08
9.563265941e-08
9.570051915e-08
9.57868142e-08
9.587617982e-08
9.595507775e-08
9.601432399e-08
9.605049256e-08
9.606601562e-08
9.606827842e-08
9.559130188e-08
9.565185125e-08
9.572857501e-08
9.580766591e-08
9.587711926e-08
9.592894851e-08
9.596033854e-08
9.597363093e-08
9.597544361e-08
9.556237531e-08
9.561558919e-08
9.568282625e-08
9.575186979e-08
9.581220175e-08
9.585693571e-08
9.588377278e-08
9.589492019e-08
9.589626411e-08
9.554192718e-08
9.558814418e-08
9.564639583e-08
9.570599983e-08
9.575783018e-08
9.579599504e-08
9.581863304e-08
9.58277958e-08
9.582868895e-08
9.55271862e-08
9.556694426e-08
9.561693903e-08
9.566791673e-08
9.571202338e-08
9.574425384e-08
9.576311666e-08
9.577049969e-08
9.577098528e-08
9.551622183e-08
9.555015408e-08
9.559272656e-08
9.563598392e-08
9.567321373e-08
9.570019187e-08
9.571573744e-08
9.572157289e-08
9.572171348e-08
9.550770168e-08
9.553647293e-08
9.557248993e-08
9.560895759e-08
9.564017396e-08
9.566259541e-08
9.567529832e-08
9.567983963e-08
9.567971679e-08
9.550072263e-08
9.552499452e-08
9.555531561e-08
9.558591432e-08
9.561197339e-08
9.563053592e-08
9.56408864e-08
9.564441347e-08
9.564413348e-08
9.549470195e-08
9.551512093e-08
9.554058697e-08
9.556622128e-08
9.558797302e-08
9.560338506e-08
9.561190309e-08
9.561473814e-08
9.56144439e-08
9.548933601e-08
9.550654605e-08
9.552799702e-08
9.554957783e-08
9.556789204e-08
9.558089915e-08
9.558815838e-08
9.559068563e-08
9.559057007e-08
9.548465512e-08
9.549935162e-08
9.551769645e-08
9.553621146e-08
9.555203385e-08
9.556345099e-08
9.557008606e-08
9.557274317e-08
9.557304123e-08
9.548130402e-08
9.549439571e-08
9.551079867e-08
9.552747085e-08
9.554190972e-08
9.555261119e-08
9.555921452e-08
9.556233644e-08
9.556319785e-08
8.509602002e-24
3.1870348e-23
7.110019319e-23
1.347333064e-22
2.378290603e-22
4.064231029e-22
6.857709759e-22
1.154127654e-21
1.947031604e-21
3.299271838e-21
5.617989827e-21
9.609774059e-21
1.650175535e-20
2.842571782e-20
4.908349456e-20
8.489664747e-20
1.46995311e-19
2.546799373e-19
4.414382528e-19
7.65394184e-19
1.327451484e-18
2.302802265e-18
3.995645816e-18
6.93421237e-18
1.203574027e-17
2.08928274e-17
3.627020564e-17
6.296568844e-17
1.093004519e-16
1.896943056e-16
3.291061074e-16
5.706692363e-16
9.887775519e-16
1.711424773e-15
2.958167852e-15
5.104309749e-15
8.788785047e-15
1.509434934e-14
2.584641875e-14
4.410488143e-14
7.496669857e-14
1.268636974e-13
2.136401591e-13
3.578428261e-13
5.958704573e-13
9.859350795e-13
1.620213424e-12
2.643154719e-12
4.278713453e-12
6.870366445e-12
1.09392551e-11
1.726780395e-11
2.701886132e-11
4.190355477e-11
6.441400636e-11
9.814982334e-11
1.482683415e-10
2.221030003e-10
3.300076907e-10
4.865023084e-10
7.118154192e-10
1.033943657e-09
1.491376094e-09
2.136671595e-09
3.041128367e-09
4.300824482e-09
6.044321253e-09
8.442322443e-09
1.171955324e-08
1.616902167e-08
2.216861434e-08
3.019963735e-08
4.086642445e-08
5.491551338e-08
7.325220232e-08
9.695167025e-08
1.272614627e-07
1.655922247e-07
2.134942617e-07
2.726192772e-07
3.446673229e-07
4.313218815e-07
5.341771534e-07
6.546673721e-07
7.94001413e-07
9.53108915e-07
1.132601714e-06
1.332752327e-06
1.553489226e-06
1.794407031e-06
2.054788687e-06
2.3336362e-06
2.62970645e-06
2.94154896e-06
3.267543039e-06
3.605932383e-06
3.954855613e-06
4.312371257e-06
4.676475285e-06
5.045109789e-06
5.416163094e-06
5.787486884e-06
6.157140173e-06
6.523637365e-06
6.885694743e-06
7.242178142e-06
7.592076163e-06
7.934486415e-06
8.268608116e-06
8.593737519e-06
8.909264349e-06
9.214668341e-06
9.509515514e-06
9.79345404e-06
1.006620972e-05
1.032758115e-05
1.057743467e-05
1.081569917e-05
1.10423609e-05
1.125745825e-05
1.146107674e-05
1.165334405e-05
1.183442528e-05
1.20045185e-05
1.216385042e-05
1.231267236e-05
1.245125656e-05
1.257989258e-05
1.269888413e-05
1.280854606e-05
1.290920161e-05
1.300117997e-05
1.308481396e-05
1.316043807e-05
1.322838657e-05
1.328899195e-05
1.334258348e-05
1.338948594e-05
1.343001856e-05
1.34644941e-05
1.349321803e-05
1.351648791e-05
1.353459285e-05
1.354781305e-05
1.355641953e-05
1.356067385e-05
1.356082798e-05
1.355712419e-05
1.354979507e-05
1.35390635e-05
1.352514279e-05
1.350823679e-05
1.348854004e-05
1.346623795e-05
1.344150707e-05
1.341451526e-05
1.338542201e-05
1.335437865e-05
1.332152866e-05
1.328700797e-05
1.325094521e-05
1.321346204e-05
1.317467341e-05
1.313468785e-05
1.30936078e-05
1.305152984e-05
1.300854496e-05
1.296473887e-05
1.292019219e-05
1.287498071e-05
1.282917558e-05
1.278284346e-05
1.273604665e-05
1.26888431e-05
1.264128635e-05
1.259342529e-05
1.254530372e-05
1.249695964e-05
1.244842412e-05
1.239971971e-05
1.235085815e-05
1.23018373e-05
1.225263705e-05
1.220321406e-05
1.215349502e-05
1.210336846e-05
1.205267474e-05
1.200119436e-05
1.194863446e-05
1.189461384e-05
1.183864674e-05
1.178012596e-05
1.171830611e-05
1.165228815e-05
1.158100632e-05
1.150321923e-05
1.141750691e-05
1.132227554e-05
1.121577208e-05
1.109611061e-05
1.096131188e-05
1.08093573e-05
1.063825745e-05
1.044613448e-05
1.023131624e-05
9.99243829e-06
9.728548717e-06
9.439208453e-06
9.124578873e-06
8.78548731e-06
8.423461297e-06
8.040723668e-06
7.640144102e-06
7.22515053e-06
6.799623828e-06
6.367862893e-06
5.934916038e-06
5.505813662e-06
5.085312478e-06
4.67769269e-06
4.286607564e-06
3.914987585e-06
3.564998096e-06
3.23804699e-06
2.934835565e-06
2.655442485e-06
2.399428928e-06
2.165952891e-06
1.953882127e-06
1.761897952e-06
1.588585919e-06
1.432454523e-06
1.292023527e-06
1.165892871e-06
1.052736529e-06
9.513183152e-07
8.604961826e-07
7.792214317e-07
7.065353973e-07
6.415648474e-07
5.83516643e-07
5.316721112e-07
4.853813999e-07
4.440579815e-07
4.071734004e-07
3.742523206e-07
3.448679087e-07
3.186375672e-07
2.952183653e-07
2.743015344e-07
2.556122859e-07
2.389059282e-07
2.239646049e-07
2.105944443e-07
1.986229329e-07
1.878960877e-07
1.78277132e-07
1.696446838e-07
1.618910517e-07
1.549207005e-07
1.486488834e-07
1.430004236e-07
1.379086308e-07
1.333143395e-07
1.291650567e-07
1.254142131e-07
1.220205084e-07
1.189473476e-07
1.161623605e-07
1.13636999e-07
1.11346209e-07
1.092681453e-07
1.073839087e-07
1.056772906e-07
1.041344933e-07
1.02743847e-07
1.014955531e-07
1.003815081e-07
9.939528132e-08
9.853238817e-08
9.779101959e-08
9.717347213e-08
9.66749485e-08
9.629800227e-08
9.603828702e-08
9.585982461e-08
9.573772527e-08
9.565465734e-08
9.559849858e-08
9.556075638e-08
9.553548659e-08
9.551854187e-08
9.550704397e-08
9.549901062e-08
9.549309148e-08
9.548838404e-08
9.548431316e-08
9.548057653e-08
9.547717933e-08
9.547465615e-08
)
;

boundaryField
{
    outlet
    {
        type            inletOutlet;
        inletValue      uniform 0;
        value           nonuniform List<scalar> 10(9.548130402e-08 9.549439571e-08 9.551079867e-08 9.552747085e-08 9.554190972e-08 9.555261119e-08 9.555921452e-08 9.556233644e-08 9.556319785e-08 9.547465615e-08);
    }
    inlet
    {
        type            fixedValue;
        value           uniform 0;
    }
    front
    {
        type            wedge;
    }
    wall
    {
        type            zeroGradient;
    }
    back
    {
        type            wedge;
    }
}


// ************************************************************************* //
