/*--------------------------------*- C++ -*----------------------------------*\
| =========                 |                                                 |
| \\      /  F ield         | OpenFOAM: The Open Source CFD Toolbox           |
|  \\    /   O peration     | Version:  2212                                  |
|   \\  /    A nd           | Website:  www.openfoam.com                      |
|    \\/     M anipulation  |                                                 |
\*---------------------------------------------------------------------------*/
FoamFile
{
    version     2.0;
    format      ascii;
    arch        "LSB;label=32;scalar=64";
    class       volScalarField;
    location    "30.00000000";
    object      A1C2H;
}
// * * * * * * * * * * * * * * * * * * * * * * * * * * * * * * * * * * * * * //

dimensions      [0 0 0 0 0 0 0];

internalField   nonuniform List<scalar> 
3000
(
4.449815847e-22
4.998974446e-22
5.8276343e-22
6.931851078e-22
8.300333546e-22
9.895821597e-22
1.16221114e-21
1.326913167e-21
1.443363653e-21
1.67072349e-21
1.884474179e-21
2.206874308e-21
2.637427788e-21
3.175669122e-21
3.818565778e-21
4.554905987e-21
5.347593436e-21
6.049692423e-21
3.742624077e-21
4.254585797e-21
5.034136442e-21
6.092495982e-21
7.448557284e-21
9.12180218e-21
1.110543062e-20
1.328815539e-20
1.515334815e-20
7.129412214e-21
8.189497248e-21
9.827319965e-21
1.209813831e-20
1.508208309e-20
1.885450964e-20
2.339434085e-20
2.83383089e-20
3.232851228e-20
1.266150896e-20
1.472251931e-20
1.795692374e-20
2.252880276e-20
2.865278117e-20
3.649996098e-20
4.593875303e-20
5.596174514e-20
6.36559651e-20
2.177522836e-20
2.564350731e-20
3.180124227e-20
4.064128413e-20
5.26350936e-20
6.808465889e-20
8.652905846e-20
1.056431941e-19
1.197852585e-19
3.697180305e-20
4.407722996e-20
5.551975032e-20
7.213200795e-20
9.483885307e-20
1.240918802e-19
1.586815157e-19
1.938256431e-19
2.191838315e-19
6.257897429e-20
7.543723441e-20
9.632776931e-20
1.268904693e-19
1.688286413e-19
2.227452435e-19
2.859348173e-19
3.491998048e-19
3.940860708e-19
1.061005566e-19
1.291235777e-19
1.667689676e-19
2.221200469e-19
2.982037592e-19
3.95748033e-19
5.092418329e-19
6.216880298e-19
7.005889167e-19
1.805446834e-19
2.214460148e-19
2.886261352e-19
3.8771352e-19
5.239862274e-19
6.982240879e-19
8.998197635e-19
1.098093799e-18
1.236194112e-18
3.084921844e-19
3.807399552e-19
4.997698635e-19
6.756599953e-19
9.175183331e-19
1.226005155e-18
1.581415809e-18
1.929202326e-18
2.170298409e-18
5.291803269e-19
6.562782449e-19
8.660979821e-19
1.176452695e-18
1.602947625e-18
2.14570104e-18
2.768882654e-18
3.376579923e-18
3.796964203e-18
9.10859643e-19
1.133848199e-18
1.502454065e-18
2.047896021e-18
2.796715786e-18
3.747284533e-18
4.83485146e-18
5.892421653e-18
6.626763117e-18
1.572287165e-18
1.962906212e-18
2.609252921e-18
3.565906147e-18
4.877845477e-18
6.538169142e-18
8.426758871e-18
1.025013757e-17
1.155077859e-17
2.719923409e-18
3.403607144e-18
4.536128817e-18
6.213721162e-18
8.514525711e-18
1.142064195e-17
1.469434828e-17
1.770569058e-17
2.016453854e-17
4.71191158e-18
5.907273222e-18
7.889928445e-18
1.083204634e-17
1.488022899e-17
2.0033755e-17
2.597407025e-17
3.190551169e-17
3.562621656e-17
8.168339394e-18
1.025399746e-17
1.371517559e-17
1.885284245e-17
2.59198526e-17
3.489921643e-17
4.5173772e-17
5.513608168e-17
6.190218595e-17
1.416405395e-17
1.77962163e-17
2.382459644e-17
3.277112205e-17
4.506832298e-17
6.067000807e-17
7.84795162e-17
9.570541767e-17
1.074971503e-16
2.456400379e-17
3.088162307e-17
4.136757785e-17
5.692696211e-17
7.830498614e-17
1.054109235e-16
1.363320832e-16
1.662294555e-16
1.867089192e-16
4.26053778e-17
5.358641853e-17
7.18137504e-17
9.885851616e-17
1.360103317e-16
1.831036709e-16
2.368100307e-16
2.887263315e-16
3.242849266e-16
7.390824289e-17
9.298809362e-17
1.246606803e-16
1.716545382e-16
2.362048725e-16
3.180149668e-16
4.112936577e-16
5.014435521e-16
5.631791154e-16
1.282304861e-16
1.613757186e-16
2.163999466e-16
2.980415885e-16
4.101760254e-16
5.522741512e-16
7.142619295e-16
8.707856348e-16
9.779550871e-16
2.225153131e-16
2.800882221e-16
3.756677388e-16
5.1748048e-16
7.122444447e-16
9.590179852e-16
1.240282293e-15
1.512007114e-15
1.698028778e-15
3.861833082e-16
4.861796602e-16
6.521880879e-16
8.984848505e-16
1.236709081e-15
1.66518312e-15
2.153447705e-15
2.625057703e-15
2.947873861e-15
6.703198327e-16
8.439898946e-16
1.132295487e-15
1.559996928e-15
2.147242073e-15
2.891027953e-15
3.738395062e-15
4.55665208e-15
5.11662628e-15
1.163620965e-15
1.465225805e-15
1.965869146e-15
2.708462774e-15
3.727841524e-15
5.018590064e-15
6.48861079e-15
7.907655909e-15
8.878494095e-15
2.02005665e-15
2.543796261e-15
3.413043003e-15
4.702091183e-15
6.471060144e-15
8.710086601e-15
1.12589688e-14
1.371834853e-14
1.540024554e-14
3.506808281e-15
4.416164934e-15
5.925094309e-15
8.162049045e-15
1.123052862e-14
1.51123337e-14
1.952868407e-14
2.378729916e-14
2.669797358e-14
6.087238152e-15
7.66577921e-15
1.028432046e-14
1.416455e-14
1.948405446e-14
2.620872987e-14
3.385317581e-14
4.121827329e-14
4.624813974e-14
1.056423808e-14
1.330341761e-14
1.784539765e-14
2.457185306e-14
3.37861287e-14
4.542323072e-14
5.863744611e-14
7.135397401e-14
8.002895684e-14
1.832732735e-14
2.307786047e-14
3.095065388e-14
4.260074139e-14
5.85432258e-14
7.865214816e-14
1.014530186e-13
1.233611187e-13
1.38284273e-13
3.177736267e-14
4.000935666e-14
5.364199582e-14
7.379481028e-14
1.013357625e-13
1.360170195e-13
1.752662981e-13
2.129023463e-13
2.384888911e-13
5.505395663e-14
6.930206875e-14
9.287594141e-14
1.276788323e-13
1.751587895e-13
2.348222781e-13
3.021803493e-13
3.666023929e-13
4.102894031e-13
9.527614357e-14
1.198973813e-13
1.605861058e-13
2.205562017e-13
3.021928607e-13
4.045054955e-13
5.196613701e-13
6.294403941e-13
7.036520714e-13
1.646481149e-13
2.071035792e-13
2.771619362e-13
3.802046138e-13
5.200969942e-13
6.948446724e-13
8.907923889e-13
1.076849197e-12
1.2021438e-12
2.84013309e-13
3.57019474e-13
4.772730712e-13
6.536914314e-13
8.924098666e-13
1.189420153e-12
1.52096241e-12
1.834274429e-12
2.04430484e-12
4.888154958e-13
6.139223138e-13
8.195397289e-13
1.120257174e-12
1.52555626e-12
2.027433584e-12
2.584684091e-12
3.108371681e-12
3.457576769e-12
8.390274791e-13
1.052507648e-12
1.402440085e-12
1.912329224e-12
2.596325379e-12
3.438618261e-12
4.368102448e-12
5.236072283e-12
5.811403992e-12
1.435561826e-12
1.797989542e-12
2.390212285e-12
3.24940355e-12
4.395708168e-12
5.798340414e-12
7.335429246e-12
8.760656022e-12
9.699168354e-12
2.447169372e-12
3.058794794e-12
4.05457183e-12
5.492009428e-12
7.397909117e-12
9.7133629e-12
1.223130383e-11
1.454804159e-11
1.606286639e-11
4.154129601e-12
5.179199724e-12
6.841128553e-12
9.226573979e-12
1.236752709e-11
1.6153488e-11
2.023633651e-11
2.396216767e-11
2.638034178e-11
7.018523817e-12
8.723158475e-12
1.147386459e-11
1.539716371e-11
2.052379121e-11
2.665091486e-11
3.320038272e-11
3.91261807e-11
4.294306112e-11
1.179608369e-11
1.460629578e-11
1.911748183e-11
2.550738357e-11
3.378897121e-11
4.359833241e-11
5.398818869e-11
6.330699428e-11
6.926372885e-11
1.971223189e-11
2.430130487e-11
3.162658898e-11
4.192595255e-11
5.515952483e-11
7.068948437e-11
8.6986003e-11
1.014757776e-10
1.106686589e-10
3.273590988e-11
4.015375433e-11
5.192357328e-11
6.834372987e-11
8.925439744e-11
1.135635226e-10
1.388370212e-10
1.611176195e-10
1.751513619e-10
5.400033288e-11
6.586182316e-11
8.456493242e-11
1.104497157e-10
1.431167981e-10
1.807387303e-10
2.195000974e-10
2.53392092e-10
2.74593432e-10
8.84415013e-11
1.071964177e-10
1.36580646e-10
1.769208136e-10
2.273759857e-10
2.849546077e-10
3.437626692e-10
3.947855136e-10
4.264994241e-10
1.437552258e-10
1.730697245e-10
2.187053156e-10
2.808576637e-10
3.579171356e-10
4.450871703e-10
5.333888562e-10
6.094491401e-10
6.564479003e-10
2.318144361e-10
2.771035946e-10
3.471666772e-10
4.418503528e-10
5.582642857e-10
6.888650217e-10
8.201519366e-10
9.324903183e-10
1.001536402e-09
3.707446296e-10
4.399085282e-10
5.462613566e-10
6.889283436e-10
8.629591523e-10
1.056699259e-09
1.250093327e-09
1.414582724e-09
1.515200678e-09
5.879321517e-10
6.923655277e-10
8.520359502e-10
1.064745523e-09
1.322324667e-09
1.607056406e-09
1.889476093e-09
2.128396247e-09
2.273927726e-09
9.243455802e-10
1.08031544e-09
1.317512985e-09
1.631483469e-09
2.009146159e-09
2.42396037e-09
2.833070832e-09
3.177526955e-09
3.386571815e-09
1.440695775e-09
1.671216893e-09
2.020071023e-09
2.479139151e-09
3.027999588e-09
3.627420353e-09
4.215640868e-09
4.708854415e-09
5.007237331e-09
2.226122198e-09
2.563484212e-09
3.071733199e-09
3.737033287e-09
4.528187686e-09
5.387888159e-09
6.227843151e-09
6.929623967e-09
7.35305283e-09
3.410241559e-09
3.89943342e-09
4.633464033e-09
5.589820823e-09
6.72169829e-09
7.946242797e-09
9.138133269e-09
1.013092247e-08
1.072859025e-08
5.180171314e-09
5.883516729e-09
6.935150175e-09
8.299673697e-09
9.907928104e-09
1.164121116e-08
1.332277458e-08
1.471981711e-08
1.555928296e-08
7.804100353e-09
8.807508437e-09
1.030315291e-08
1.223683157e-08
1.450768425e-08
1.69470116e-08
1.930695574e-08
2.126333212e-08
2.243710869e-08
1.166389459e-08
1.308527981e-08
1.519825922e-08
1.79215746e-08
2.110978409e-08
2.452483644e-08
2.782093418e-08
3.054842553e-08
3.218286135e-08
1.730002985e-08
1.930064065e-08
2.226777998e-08
2.608170914e-08
3.053473785e-08
3.52930745e-08
3.987650508e-08
4.366359961e-08
4.593084322e-08
2.547329337e-08
2.827293427e-08
3.241684086e-08
3.773106597e-08
4.392153693e-08
5.052285209e-08
5.687090882e-08
6.21096998e-08
6.524378837e-08
3.724922135e-08
4.114667829e-08
4.690563385e-08
5.427638263e-08
6.284561808e-08
7.196770319e-08
8.072768926e-08
8.794998071e-08
9.226845468e-08
5.411326013e-08
5.951367074e-08
6.748168421e-08
7.766243287e-08
8.947879698e-08
1.020391345e-07
1.140871883e-07
1.24012888e-07
1.299457666e-07
7.812731125e-08
8.557879935e-08
9.655921567e-08
1.105685494e-07
1.268055238e-07
1.440436994e-07
1.605634992e-07
1.741653767e-07
1.822939432e-07
1.121418463e-07
1.223844943e-07
1.374616467e-07
1.56673938e-07
1.789144217e-07
2.025022028e-07
2.250900962e-07
2.436802943e-07
2.547889237e-07
1.600823017e-07
1.741134904e-07
1.947482771e-07
2.210146111e-07
2.51389991e-07
2.835780927e-07
3.143832678e-07
3.39728661e-07
3.548739367e-07
2.2733411e-07
2.464954838e-07
2.746525614e-07
3.104616458e-07
3.518368351e-07
3.956501972e-07
4.375611834e-07
4.720368633e-07
4.926395379e-07
3.212577074e-07
3.473506062e-07
3.856672047e-07
4.343589223e-07
4.905779357e-07
5.500748757e-07
6.069670434e-07
6.537599915e-07
6.817270006e-07
4.518732564e-07
4.873113964e-07
5.393206109e-07
6.05368487e-07
6.815792569e-07
7.621942482e-07
8.392571638e-07
9.026356082e-07
9.405213869e-07
6.327643159e-07
6.807748065e-07
7.51199573e-07
8.405826582e-07
9.436646949e-07
1.052659701e-06
1.156828153e-06
1.242496171e-06
1.293714927e-06
8.822595561e-07
9.471458276e-07
1.042283435e-06
1.162972733e-06
1.302096546e-06
1.44915146e-06
1.589669343e-06
1.705230666e-06
1.774333854e-06
1.224960343e-06
1.312442927e-06
1.44066333e-06
1.603252127e-06
1.790604109e-06
1.988581818e-06
2.177732739e-06
2.333291515e-06
2.426326936e-06
1.693687334e-06
1.811339933e-06
1.983723135e-06
2.202232839e-06
2.453941514e-06
2.719865002e-06
2.973904869e-06
3.182831963e-06
3.307801297e-06
2.331917803e-06
2.489715536e-06
2.720852063e-06
3.013742769e-06
3.351038329e-06
3.707311501e-06
4.047631311e-06
4.327517658e-06
4.494944052e-06
3.196773307e-06
3.4077659e-06
3.716737395e-06
4.108141791e-06
4.558765981e-06
5.03465046e-06
5.489174408e-06
5.86296903e-06
6.086570813e-06
4.362590186e-06
4.643703523e-06
5.055245492e-06
5.576423182e-06
6.176277688e-06
6.809601495e-06
7.414382247e-06
7.911670449e-06
8.20910165e-06
5.925057615e-06
6.29801137e-06
6.843835813e-06
7.534812313e-06
8.329793814e-06
9.168822885e-06
9.969758189e-06
1.062810567e-05
1.102172881e-05
8.005831488e-06
8.498137351e-06
9.218358931e-06
1.012967079e-05
1.117759442e-05
1.228296917e-05
1.333756601e-05
1.420396413e-05
1.472177809e-05
1.075741738e-05
1.140339148e-05
1.234795566e-05
1.354237341e-05
1.491484708e-05
1.636146037e-05
1.774065345e-05
1.887309222e-05
1.954960084e-05
1.436796032e-05
1.520965201e-05
1.643962784e-05
1.799370294e-05
1.977780481e-05
2.165666155e-05
2.344660116e-05
2.49153531e-05
2.5792295e-05
1.906543954e-05
2.015337757e-05
2.174197544e-05
2.374729965e-05
2.604722303e-05
2.846697304e-05
3.077016857e-05
3.265861149e-05
3.378539614e-05
2.512079282e-05
2.651453246e-05
2.854805271e-05
3.111242532e-05
3.405026537e-05
3.713768616e-05
4.007325619e-05
4.247791294e-05
4.391157102e-05
3.285051282e-05
3.461903327e-05
3.719704777e-05
4.044429263e-05
4.415961281e-05
4.805884696e-05
5.176150704e-05
5.479101497e-05
5.659549769e-05
4.261734289e-05
4.483844972e-05
4.807284391e-05
5.214138277e-05
5.678926078e-05
6.165942215e-05
6.627690072e-05
7.004968134e-05
7.229438258e-05
5.482750173e-05
5.758643896e-05
6.159923588e-05
6.6639106e-05
7.238640702e-05
7.839733796e-05
8.408605784e-05
8.872658994e-05
9.148405041e-05
6.992428084e-05
7.33114003e-05
7.823123035e-05
8.439943311e-05
9.141923588e-05
9.874540531e-05
0.0001056644852
0.0001112982735
0.0001146411439
8.837754379e-05
9.248502729e-05
9.84422701e-05
0.0001058965387
0.0001143608845
0.0001231736832
0.0001314775733
0.0001382251203
0.0001422225879
0.0001106691091
0.0001155868702
0.0001227076872
0.0001315990025
0.0001416704113
0.0001521293799
0.0001619597004
0.0001699299869
0.0001746439876
0.0001372745067
0.0001430855405
0.0001514852157
0.0001619496374
0.0001737720833
0.0001860158426
0.0001974931877
0.0002067773116
0.0002122589359
0.0001686421453
0.0001754177186
0.0001851938916
0.0001973444513
0.0002110346623
0.0002251724472
0.0002383889902
0.0002490546408
0.0002553413091
0.0002051714099
0.0002129665641
0.0002241930343
0.0002381125278
0.0002537525278
0.000269857222
0.0002848708471
0.0002969578474
0.0003040700569
0.0002471915333
0.0002560413823
0.0002687631603
0.0002844986423
0.0003021303961
0.0003202339466
0.0003370648684
0.0003505832707
0.00035852455
0.0002949431618
0.0003048603993
0.0003190905581
0.000336650151
0.0003562728995
0.0003763645635
0.000394994578
0.0004099246496
0.0004186816218
0.0003485643449
0.0003595382247
0.0003752568738
0.0003946091994
0.0004161797151
0.0004382072788
0.0004585817705
0.0004748762462
0.0004844202859
0.0004080822446
0.0004200790863
0.0004372344635
0.0004583105654
0.0004817460231
0.0005056195118
0.0005276516873
0.0005452398931
0.0005555305872
0.000473411235
0.0004863762634
0.0005048875558
0.0005275846219
0.0005527670396
0.0005783633223
0.0006019387566
0.0006207297792
0.0006317119964
0.0005443572342
0.0005582173504
0.0005779785113
0.0006021640868
0.0006289447053
0.0006561095444
0.0006810780609
0.0007009440641
0.0007125407178
0.0006206266462
0.0006352935564
0.0006561773947
0.0006816914886
0.000709884285
0.00073841944
0.0007645935899
0.0007853857963
0.0007975126589
0.0007018347057
0.0007171994852
0.0007390475471
0.0007656933117
0.000795080628
0.0008247706775
0.0008519627691
0.0008735378441
0.0008861133028
0.0007874598593
0.000803401162
0.0008260440394
0.0008536221592
0.0008839920777
0.0009146283532
0.000942650043
0.0009648615249
0.0009778018209
0.0008769304344
0.0008933321764
0.0009166071407
0.0009449216946
0.0009760619246
0.001007434772
0.001036098103
0.00105879999
0.001072021595
0.0009696620524
0.0009864091748
0.001010154984
0.001039012827
0.001070715039
0.00110261921
0.001131740841
0.001154790982
0.001168212577
0.001065050222
0.001082031299
0.001106092145
0.001135307367
0.001167371794
0.001199611076
0.00122901621
0.001252279274
0.001265823416
0.001162485527
0.001179595243
0.001203824198
0.001233222033
0.001265461469
0.00129785249
0.001327378101
0.001350727975
0.001364322434
0.001261368594
0.001278509757
0.001302771502
0.0013321914
0.001364434307
0.001396809409
0.001426306654
0.001449628217
0.001463206961
0.001361123533
0.001378208534
0.001402381298
0.001431679076
0.001463771718
0.001495980884
0.001525316689
0.001548506975
0.001562010823
0.001461209218
0.001478160915
0.001502137628
0.001531186721
0.001562994355
0.001594906249
0.001623964136
0.001646932929
0.00166030989
0.001561128038
0.001577880129
0.001601568871
0.001630260762
0.001661667993
0.001693170201
0.001721850448
0.001744520382
0.001757725725
0.00166043208
0.001676929023
0.001700252863
0.001728496825
0.00175940725
0.001790405877
0.001818625116
0.001840931371
0.001853927468
0.001758726817
0.001774923392
0.001797819748
0.001825542037
0.001855877335
0.001886296083
0.001913986478
0.001935876155
0.001948632149
0.001855672549
0.001871533155
0.001893952796
0.001921095441
0.001950794065
0.00198057294
0.002007681048
0.002029112315
0.002041603661
0.0019509839
0.001966481677
0.001988387488
0.002014906824
0.002043922425
0.002073016209
0.002099501646
0.00212044274
0.002132650654
0.002044427769
0.002059543613
0.002080909235
0.002106774286
0.002135074002
0.002163450602
0.002189284606
0.002209712748
0.002221623618
0.002135820073
0.002150541626
0.002171350049
0.002196540876
0.002224103585
0.00225174235
0.002276906317
0.002296806612
0.002308411383
0.00222502169
0.002239342341
0.002259584526
0.002284090611
0.002310905223
0.002337795303
0.002362279354
0.002381643712
0.002392937282
0.00231193389
0.002325851833
0.002345525411
0.002369344126
0.002395407976
0.002421546771
0.002445348401
0.002464174507
0.002475155153
0.002396493554
0.002410010924
0.002429119
0.002452254205
0.002477571573
0.002502963316
0.002526086145
0.002544376504
0.002555045345
0.002478668399
0.002491790504
0.002510340592
0.002532801378
0.002557382143
0.00258203658
0.00260448925
0.00262225036
0.002632610868
0.002558452338
0.002571186962
0.002589190033
0.002610989618
0.002634848131
0.002658779471
0.002680574641
0.002697816187
0.002707873735
0.002635861135
0.002648217967
0.002665687663
0.002686842471
0.002709996557
0.00273322246
0.002754375933
0.002771110119
0.002780871593
0.0027109285
0.00272291865
0.002739870611
0.00276039946
0.002782869538
0.002805410265
0.00282594024
0.002842181209
0.002851654672
0.002783702519
0.002795338105
0.002811789389
0.002831712809
0.002853521181
0.002875398895
0.002895325337
0.002911088674
0.00292028307
0.002854242509
0.002865536325
0.002881504944
0.00290084463
0.002922014878
0.002943253053
0.002962597155
0.002977899466
0.00298682437
0.002922616308
0.002933581551
0.002949086092
0.00296786444
0.002988420939
0.003009043872
0.003027827617
0.003042686171
0.003051351584
0.002988897948
0.002999547995
0.003014607314
0.003032847061
0.003052814578
0.003072846991
0.003091092787
0.003105525229
0.003113941399
0.003053165682
0.003063513926
0.003078146903
0.003095870833
0.003115274211
0.00313474093
0.003152471315
0.003166495427
0.003174672706
0.003115500357
0.003125560066
0.003139785417
0.003157016133
0.003175880038
0.003194805742
0.003212043146
0.003225676654
0.003233625383
0.003175984062
0.00318576828
0.003199604414
0.003216364157
0.003234712884
0.003253121902
0.003269888463
0.003283148885
0.003290879298
0.003234699045
0.003244220514
0.003257685419
0.00327399594
0.003291853259
0.003309769414
0.003326086834
0.003338991359
0.003346513512
0.00329172684
0.003300997943
0.003314109109
0.003329991563
0.003347380612
0.00336482711
0.003380716541
0.003393281938
0.003400605651
0.003347147593
0.003356180315
0.003368954675
0.003384429553
0.003401372752
0.003418372094
0.003433854057
0.003446096609
0.003453231423
0.003401039537
0.003409845438
0.003422299328
0.003437386409
0.003453905407
0.003470479328
0.003485573659
0.003497509109
0.003504464256
0.003453478606
0.003462068806
0.003474217943
0.003488936259
0.003505051899
0.003521221329
0.003535947135
0.003547590658
0.003554375038
0.003504538158
0.003512923328
0.003524782797
0.003539150618
0.003554882912
0.003570667958
0.003585043598
0.003596409774
0.003603031943
0.003554288785
0.003562479143
0.003574063395
0.003588098228
0.003603466353
0.003618886283
0.003632929356
0.003644032164
0.003650500327
0.003602798197
0.003610803516
0.00362212637
0.003635844957
0.003650867259
0.003665940507
0.003679667848
0.003690520666
0.003696842672
0.003650131167
0.00365796078
0.003669035433
0.003682453766
0.003697147764
0.003711891939
0.003725319632
0.003735935236
0.003742118584
0.003696349518
0.003704012327
0.003714851368
0.003727984702
0.003742367112
0.003756799011
0.003769942399
0.003780332977
0.003786384819
0.00374151215
0.003749016638
0.003759632066
0.003772494938
0.003786581691
0.003800717321
0.003813591022
0.003823768186
0.003829695335
0.003785675089
0.003793029336
0.003803432577
0.003816038831
0.003829845093
0.003843699696
0.003856317627
0.00386629243
0.00387210137
0.003828891566
0.00383610326
0.003846305186
0.003858667997
0.003872208202
0.003885796277
0.003898171678
0.003907954631
0.003913651527
0.003871212099
0.003878288554
0.003888299508
0.003900431405
0.003913719277
0.003927054612
0.003939200068
0.003948801163
0.003954391873
0.003912684597
0.003919632767
0.003929462581
0.003941375475
0.003954424061
0.00396751976
0.00397944723
0.003988875958
0.003994366046
0.003953354462
0.003960180957
0.003969838977
0.003981544187
0.003994365884
0.004007234394
0.004018955237
0.004028220612
0.004033615359
0.003993264701
0.003999975801
0.004009470907
0.004020979189
0.004033585772
0.004046238917
0.004057763918
0.004066874494
0.004072178912
0.004032456036
0.004039057709
0.004048398336
0.004059719905
0.004072122558
0.004084571563
0.004095910961
0.004104874858
0.004110093702
0.004070967016
0.00407746493
0.00408665909
0.004097803647
0.004110012989
0.004122268512
0.004133432025
0.004142256948
0.004147394728
0.004108834123
0.004115233662
0.004124288966
0.004135265723
0.004147291837
0.004159363995
0.004170360846
0.004179054103
0.004184115098
0.004146091883
0.004152398161
0.004161321834
0.00417213954
0.004183991998
0.004195890394
0.004206729333
0.00421529786
0.004220286126
0.004182772966
0.004188990839
0.004197789745
0.004208456706
0.004220144595
0.004231878342
0.004242567675
0.004251018049
0.004255937434
0.004218908287
0.004225042367
0.004233723023
0.004244247124
0.004255779071
0.00426735682
0.004277904426
0.004286242888
0.00429109704
0.004254527101
0.004260581768
0.004269150362
0.004279539092
0.004290923286
0.004302353247
0.004312766603
0.004320999071
0.004325791451
0.004289657093
0.004295636507
0.004304098915
0.004314359383
0.004325603597
0.004336893562
0.004347179764
0.004355311854
0.004360045743
0.004324324465
0.004330232576
0.004338594378
0.004348733334
0.004359844949
0.004371002314
0.004381168092
0.004389205132
0.004393883641
0.004358554016
0.004364394575
0.00437266107
0.004382684924
0.004393670945
0.004404702728
0.004414754472
0.004422701514
0.004427327595
0.004392369221
0.004398145791
0.004406322011
0.004416236847
0.004427103924
0.004438016789
0.004447960559
0.004455822398
0.004460398849
0.004425792302
0.004431508267
0.004439598989
0.004449410585
0.004460165032
0.004470965301
0.00448080685
0.004488588033
0.004493117508
0.004458844298
0.00446450287
0.004472512633
0.004482226473
0.004492874283
0.004503567957
0.004513312742
0.004521017584
0.004525502601
0.004491545128
0.004497149359
0.004505082469
0.004514703762
0.004525250623
0.004535843397
0.004545496597
0.004553129189
0.004557572135
0.004523913652
0.00452946644
0.004537326987
0.004546860675
0.004557311987
0.004567809267
0.004577375794
0.004584940019
0.004589343158
0.00455596773
0.004561471823
0.00456926369
0.004578714466
0.004589075354
0.004599482266
0.004608966782
0.004616466321
0.0046208318
0.004587724269
0.00459318228
0.004600909151
0.00461028147
0.004620556795
0.004630878206
0.004640285132
0.004647723477
0.004652053329
0.004619199279
0.004624613686
0.004632279061
0.004641577147
0.004651771524
0.004662012049
0.004671345578
0.004678726039
0.004683022195
0.004650407919
0.004655781073
0.00466338827
0.004672616134
0.004682733938
0.004692897955
0.004702162063
0.004709487778
0.004713752066
0.004681364537
0.004686698671
0.004694250838
0.004703412282
0.004713457665
0.004723549323
0.004732747779
0.004740021723
0.004744255875
0.004712082716
0.004717379944
0.004724880068
0.004733978698
0.004743955594
0.004753978828
0.004763115203
0.004770340194
0.004774545851
0.004742575306
0.004747837635
0.004755288546
0.004764327781
0.004774239918
0.004784198454
0.004793276132
0.004800454838
0.004804633554
0.004772854465
0.004778083797
0.004785488177
0.004794471254
0.004804322163
0.004814219532
0.004823241715
0.004830376661
0.004834529906
0.004802931688
0.004808129823
0.004815490212
0.004824420197
0.004834213223
0.004844052764
0.004853022481
0.004860116057
0.00486424522
0.00483281784
0.004837986483
0.004845305282
0.004854185076
0.004863923379
0.00487370825
0.004882628367
0.00488968283
0.004893789225
0.004862523179
0.00486766394
0.004874943423
0.004883775766
0.004893462334
0.004903195518
0.004912068738
0.004919086218
0.004923171083
0.004892057384
0.004897171785
0.004904414095
0.004913201574
0.004922839225
0.004932523535
0.004941352407
0.004948334912
0.004952399414
0.004921429572
0.004926519047
0.004933726206
0.004942471258
0.004952062646
0.004961700729
0.004970487653
0.004977437069
0.004981482306
0.004950648318
0.004955714216
0.004962888124
0.00497159304
0.004981140658
0.004990735001
0.004999482225
0.005006400324
0.005010427322
0.004979721663
0.004984765249
0.004991907689
0.005000574615
0.005010080798
0.005019633725
0.005028343354
0.005035231788
0.005039241507
0.005008657125
0.005013679581
0.005020792216
0.005029423154
0.005038890078
0.005048403754
0.005057077742
0.005063938047
0.005067931378
0.005037461696
0.005042464121
0.005049548494
0.0050581453
0.005067574978
0.005077051405
0.005085691558
0.005092525148
0.005096502909
0.005066141835
0.00507112524
0.005078182773
0.005086747153
0.005096141433
0.005105582442
0.005114190407
0.005120998572
0.005124961509
0.00509470345
0.005099668756
0.005106700741
0.005115234244
0.005124594798
0.005134002043
0.005142579303
0.005149363199
0.005153311978
0.005123151867
0.0051280999
0.005135107492
0.005143611497
0.005152939808
0.005162314748
0.005170862608
0.005177623246
0.005181558447
0.005151491784
0.005156423265
0.00516340747
0.00517188317
0.005181180517
0.0051905244
0.005199043962
0.005205782193
0.005209704301
0.00517972721
0.005184642744
0.0051916044
0.005200052784
0.00520932021
0.005218634043
0.005227126189
0.00523384268
0.005237752072
0.005207861377
0.005212761437
0.005219701193
0.005228123013
0.005237361298
0.005246645814
0.005255111165
0.005261806376
0.005265703302
0.005235896633
0.00524078154
0.005247699824
0.005256095559
0.005265305175
0.005274560789
0.005282999667
0.00528967381
0.005293558376
0.005263834298
0.005268704196
0.005275601181
0.005283970991
0.005293152048
0.005302378797
0.00531079117
0.00531744417
0.005321316307
0.005291674496
0.005296529317
0.005303404872
0.005311748539
0.00532090072
0.0053300982
0.005338483616
0.005345115055
0.00534897449
0.005319415939
0.005324255369
0.005331109005
0.005339425863
0.005348548343
0.005357715619
0.005366073129
0.005372682182
0.005376528399
0.005347055683
0.005351879111
0.005358709911
0.005366998762
0.005376090114
0.005385225628
0.005393553691
0.005400139051
0.005403971245
0.005374588834
0.0053793953
0.005386201842
0.00539446086
0.005403518944
0.005412620394
0.005420916772
0.005427476562
0.005431293589
0.005402008218
0.00540679635
0.005413576617
0.005421803231
0.00543082507
0.005439889286
0.00544815092
0.005454682595
0.005458482912
0.005429304014
0.005434071956
0.005440823233
0.005449014007
0.005457995644
0.00546701844
0.005475241319
0.00548174156
0.005485523162
0.00545646335
0.005461208687
0.005467927452
0.005476077946
0.005485014294
0.005493990316
0.005502169331
0.005508633927
0.005512394281
0.005483469884
0.005488189558
0.005494871364
0.005502975991
0.005511860672
0.005520783234
0.00552891203
0.005535335763
0.005539071735
0.005510303373
0.005514993598
0.005521632952
0.005529684832
0.005538510017
0.005547370939
0.005555441767
0.005561818292
0.005565526084
0.005536939256
0.005541595435
0.005548185679
0.005556176495
0.005564932748
0.0055737222
0.005581725778
0.005588047514
0.005591722599
0.005563348267
0.005567964914
0.005574498118
0.005582417985
0.00559109412
0.005599800488
0.005607725878
0.005613983919
0.005617620991
0.005589496119
0.005594066795
0.005600533663
0.005608371016
0.005616953986
0.005625563761
0.005633398282
0.005639582329
0.005643175264
0.005615343261
0.005619860523
0.005626250333
0.005633991866
0.005642466694
0.00565096441
0.005658693581
0.005664791914
0.005668333761
0.005640844785
0.005645300166
0.005651600741
0.005659231378
0.005667581144
0.00567594938
0.005683556944
0.00568955643
0.005693039424
0.005665950497
0.005670334518
0.005676532248
0.005684035182
0.005692241075
0.005700460528
0.005707928524
0.005713814706
0.005717230315
0.005690605185
0.005694907401
0.005700987326
0.005708344129
0.00571638559
0.005724435233
0.005731744166
0.0057375014
0.005740840422
0.005714749114
0.005718958222
0.005724904178
0.005732094999
0.005739949958
0.005747807298
0.005754936396
0.005760548076
0.005763800772
0.00573831879
0.005742422771
0.005748217622
0.005755221478
0.00576286669
0.005770508143
0.005777435713
0.005782884569
0.005786040849
0.005761247975
0.005765234311
0.005770860248
0.005777655412
0.005785066914
0.005792468275
0.005799172169
0.005804440648
0.005807490298
0.005783468989
0.005787324923
0.005792763851
0.005799328339
0.005806482
0.005813619031
0.005820077192
0.005825147914
0.005828080872
0.005804914253
0.005808627102
0.005813861103
0.005820173244
0.005827045414
0.005833894517
0.005840085619
0.005844941893
0.005847748552
0.00582551805
0.005829075571
0.005834087415
0.005840126497
0.005846694737
0.005853233696
0.005859137839
0.005863764221
0.005866435762
0.005845218446
0.005848609228
0.005853382943
0.005859129904
0.00586537375
0.005871582524
0.005877181954
0.005881564826
0.005884093552
0.005863959303
0.005867173173
0.005871694626
0.005877132768
0.005883034515
0.005888896019
0.005894175851
0.005898303985
0.005900683651
0.005881692269
0.005884720703
0.005888978171
0.005894093849
0.005899639309
0.005905140163
0.005910089047
0.005913954124
0.005916180226
0.005898378667
0.005901215166
0.005905199867
0.005909983122
0.005915162292
0.005920293478
0.005924904169
0.005928501204
0.00593057122
0.005913991132
0.005916631545
0.005920338088
0.005924783163
0.005929590765
0.005934348123
0.005938617891
0.005941945512
0.00594385903
0.00592851488
0.005930957643
0.005934384335
0.00593849003
0.005942925842
0.005947310335
0.00595124112
0.005954301586
0.005956060206
0.005941948455
0.005944194698
0.005947343678
0.005951113443
0.005955182339
0.005959199987
0.005962798212
0.005965597006
0.005967204276
0.005954303809
0.005956357294
0.005959234384
0.005962676084
0.005966387695
0.005970049089
0.005973326111
0.005975874654
0.005977338118
0.005965605558
0.005967472405
0.005970086615
0.0059732118
0.00597658021
0.00597990201
0.005982873788
0.005985183828
0.005986510084
0.005975889226
0.005977577575
0.005979941302
0.005982766501
0.005985810144
0.005988809874
0.005991492146
0.005993576395
0.005994772919
0.005985202836
0.005986723193
0.005988851021
0.00599139296
0.005994130096
0.005996826447
0.005999236538
0.006001108931
0.006002183924
0.005993600524
0.005994963046
0.00599686942
0.005999145957
0.006001596422
0.006004009639
0.006006166269
0.006007841776
0.006008804009
0.006001137754
0.006002353318
0.006004053763
0.006006083961
0.006008268891
0.00601042042
0.006012343289
0.006013837561
0.006014696158
0.006007873377
0.006008953453
0.006010464288
0.006012268056
0.006014209373
0.006016121291
0.00601783051
0.006019159385
0.00601992348
0.006013868669
0.006014825028
0.006016162916
0.006017760443
0.006019480208
0.006021174542
0.006022690014
0.006023869051
0.006024547577
0.006019185869
0.006020030217
0.006021211643
0.006022622764
0.006024142481
0.006025640525
0.006026981327
0.006028025328
0.006028626735
0.006023886514
0.006024630123
0.006025670879
0.006026914468
0.00602825444
0.006029576129
0.006030759975
0.006031682579
0.006032214605
0.006028029841
0.006028683225
0.006029597971
0.006030691434
0.006031870241
0.006033033666
0.006034076494
0.006034889877
0.006035359383
0.00603167146
0.006032244143
0.006033046094
0.006034005025
0.00603503919
0.006036060312
0.006036976071
0.006037690819
0.006038103753
0.006034862459
0.006035362855
0.006036063647
0.006036901711
0.006037805634
0.006038698288
0.006039499026
0.006040124283
0.006040485802
0.006037649016
0.006038084461
0.006038694231
0.006039423331
0.006040209583
0.006040985924
0.006041682405
0.006042226732
0.006042542035
0.006040072534
0.006040449473
0.006040977175
0.006041607941
0.006042287951
0.00604295933
0.006043562124
0.006044033135
0.006044305857
0.006042170274
0.006042494583
0.006042948515
0.006043491032
0.006044076077
0.006044653852
0.006045172128
0.006045577042
0.006045811618
0.006043976481
0.006044253886
0.006044642344
0.006045106863
0.006045607539
0.006046101782
0.006046545269
0.006046892001
0.00604709304
0.006045524145
0.006045760495
0.006046091356
0.006046486894
0.006046913414
0.006047334823
0.006047713328
0.006048009621
0.006048181645
0.006046844014
0.006047044453
0.006047325187
0.006047661132
0.006048023853
0.006048382713
0.006048705544
0.006048958671
0.006049105872
0.006047965111
0.006048134918
0.006048373004
0.006048658265
0.006048966768
0.00604927254
0.006049548137
0.006049764638
0.006049890766
0.006048915628
0.00604905964
0.006049261803
0.006049504402
0.006049767255
0.006050028309
0.006050264089
0.006050449686
0.006050558014
0.006049721194
0.006049843662
0.006050015801
0.006050222714
0.006050447339
0.006050670894
0.006050873238
0.006051032844
0.006051126177
0.006050404471
0.00605050902
0.006050656161
0.006050833321
0.00605102602
0.006051218201
0.006051392517
0.006051530294
0.006051611012
0.006050985033
0.006051074702
0.006051201058
0.006051353438
0.006051519493
0.006051685439
0.006051836265
0.00605195571
0.006052025812
0.006051479534
0.006051556844
0.00605166591
0.006051797641
0.00605194145
0.006052085438
0.00605221656
0.006052320592
0.006052381748
0.006051902005
0.006051969032
0.006052063695
0.006052178191
0.00605230339
0.006052428968
0.00605254353
0.006052634577
0.006052688179
0.006052264192
0.006052322643
0.006052405275
0.006052505347
0.00605261494
0.006052725041
0.006052825646
0.006052905723
0.006052952929
0.006052575885
0.006052627159
0.006052699709
0.006052787673
0.006052884133
0.00605298118
0.006053069984
0.006053140763
0.006053182535
0.006052845227
0.006052890471
0.006052954539
0.006053032296
0.006053117664
0.006053203658
0.006053282446
0.006053345315
0.006053382455
0.006053078978
0.006053119135
0.006053176035
0.006053245153
0.00605332111
0.006053397706
0.006053467959
0.006053524074
0.006053557252
0.006053282752
0.006053318595
0.00605336941
0.00605343118
0.006053499119
0.00605356769
0.006053630639
0.006053680962
0.006053710733
0.006053461209
0.006053493376
0.006053539
0.006053594493
0.006053655569
0.006053717261
0.006053773936
0.006053819272
0.006053846108
0.006053618224
0.006053647244
0.00605368842
0.006053738528
0.006053793711
0.006053849485
0.006053900758
0.006053941803
0.006053966115
0.006053757025
0.00605378334
0.00605382069
0.006053866164
0.006053916272
0.006053966953
0.006054013589
0.006054050966
0.006054073139
0.006053880306
0.006053904289
0.00605393834
0.006053979816
0.006054025556
0.006054071872
0.006054114567
0.006054148883
0.006054169368
0.006053990323
0.006054012287
0.006054043487
0.00605408152
0.006054123511
0.006054166112
0.006054205498
0.006054237324
0.006054256391
0.006054088963
0.006054109182
0.006054137922
0.006054172995
0.006054211785
0.006054251244
0.006054287882
0.006054317565
0.006054335318
0.006054177824
0.006054196537
0.006054223161
0.006054255701
0.006054291772
0.006054328593
0.006054362844
0.006054390537
0.006054407076
0.006054258271
0.006054275691
0.006054300503
0.006054330887
0.006054364665
0.006054399171
0.006054431193
0.006054457039
0.006054472456
0.006054331484
0.0060543478
0.006054371071
0.006054399637
0.006054431365
0.006054463692
0.006054493632
0.006054517762
0.006054532139
0.006054398506
0.006054413898
0.006054435854
0.006054462728
0.006054492503
0.006054522777
0.00605455077
0.006054573301
0.006054586713
0.006054460272
0.00605447479
0.006054495458
0.006054520704
0.006054548623
0.006054576964
0.006054603134
0.006054624175
0.00605463669
0.006054517264
0.006054530925
0.006054550347
0.006054574038
0.006054600201
0.006054626724
0.006054651186
0.006054670836
0.006054682518
0.006054569871
0.006054582707
0.006054600937
0.006054623151
0.006054647654
0.006054672468
0.006054695331
0.006054713683
0.006054724587
0.006054618454
0.006054630501
0.006054647599
0.006054668414
0.006054691353
0.00605471456
0.006054735925
0.006054753064
0.006054763244
0.006054663342
0.006054674639
0.006054690664
0.006054710158
0.006054731624
0.006054753323
0.006054773286
0.006054789291
0.006054798796
0.006054704835
0.006054715422
0.006054730433
0.006054748681
0.00605476876
0.006054789044
0.006054807695
0.006054822641
0.006054831516
0.006054743203
0.00605475312
0.006054767173
0.006054784249
0.006054803025
0.006054821982
0.006054839404
0.006054853361
0.006054861648
0.006054778695
0.006054787979
0.00605480113
0.006054817102
0.006054834655
0.006054852368
0.006054868639
0.006054881671
0.006054889408
0.006054811533
0.006054820221
0.006054832524
0.006054847458
0.006054863864
0.006054880411
0.006054895605
0.006054907771
0.006054914993
0.006054841924
0.006054850051
0.006054861555
0.006054875515
0.006054890844
0.006054906299
0.006054920484
0.006054931838
0.006054938579
0.006054870055
0.006054877654
0.006054888408
0.006054901453
0.006054915772
0.006054930201
0.00605494344
0.006054954035
0.006054960324
0.006054896097
0.0060549032
0.006054913249
0.006054925435
0.006054938806
0.006054952274
0.006054964626
0.006054974507
0.006054980372
0.006054920207
0.006054926844
0.006054936231
0.006054947611
0.006054960091
0.006054972656
0.006054984176
0.006054993388
0.006054998855
0.00605494253
0.006054948729
0.006054957494
0.006054968116
0.00605497976
0.006054991478
0.006055002216
0.006055010801
0.006055015895
0.006054963198
0.006054968984
0.006054977166
0.006054987075
0.006054997934
0.006055008857
0.006055018862
0.006055026857
0.006055031601
0.006054982331
0.006054987731
0.006054995363
0.006055004604
0.006055014726
0.006055024902
0.006055034219
0.006055041661
0.006055046076
0.006055000043
0.00605500508
0.006055012195
0.006055020808
0.006055030237
0.006055039713
0.006055048384
0.006055055308
0.006055059415
0.006055016436
0.00605502113
0.006055027761
0.006055035784
0.006055044564
0.006055053382
0.006055061449
0.006055067888
0.006055071706
0.006055031603
0.006055035977
0.006055042153
0.006055049622
0.006055057793
0.006055065996
0.006055073495
0.00605507948
0.006055083028
0.006055045634
0.006055049707
0.006055055456
0.006055062406
0.006055070006
0.006055077632
0.006055084602
0.006055090162
0.006055093457
0.00605505861
0.0060550624
0.006055067749
0.006055074213
0.006055081278
0.006055088366
0.00605509484
0.006055100002
0.006055103061
0.006055070607
0.006055074132
0.006055079106
0.006055085116
0.006055091681
0.006055098264
0.006055104275
0.006055109066
0.006055111904
0.006055081694
0.006055084972
0.006055089596
0.00605509518
0.006055101278
0.00605510739
0.006055112968
0.006055117413
0.006055120045
0.00605509194
0.006055094986
0.006055099282
0.006055104469
0.006055110131
0.006055115803
0.006055120977
0.006055125099
0.006055127539
0.006055101404
0.006055104234
0.006055108224
0.00605511304
0.006055118295
0.006055123556
0.006055128354
0.006055132174
0.006055134435
0.006055110145
0.006055112773
0.006055116478
0.006055120947
0.006055125821
0.006055130699
0.006055135146
0.006055138685
0.00605514078
0.006055118216
0.006055120655
0.006055124093
0.006055128238
0.006055132758
0.006055137279
0.006055141399
0.006055144676
0.006055146615
0.006055125666
0.006055127929
0.006055131117
0.006055134961
0.006055139149
0.006055143338
0.006055147152
0.006055150185
0.00605515198
0.00605513254
0.006055134639
0.006055137595
0.006055141156
0.006055145036
0.006055148913
0.006055152443
0.006055155248
0.006055156907
0.006055138882
0.006055140827
0.006055143565
0.006055146863
0.006055150455
0.006055154042
0.006055157305
0.006055159898
0.00605516143
0.006055144728
0.00605514653
0.006055149065
0.006055152117
0.006055155439
0.006055158755
0.006055161769
0.006055164162
0.006055165577
0.006055150116
0.006055151783
0.006055154128
0.006055156951
0.00605516002
0.006055163082
0.006055165863
0.006055168069
0.006055169373
0.006055155077
0.006055156619
0.006055158786
0.006055161393
0.006055164225
0.006055167049
0.006055169611
0.006055171641
0.00605517284
0.006055159642
0.006055161066
0.006055163066
0.00605516547
0.00605516808
0.006055170679
0.006055173035
0.0060551749
0.006055176001
0.006055163838
0.006055165151
0.006055166994
0.006055169207
0.006055171607
0.006055173994
0.006055176155
0.006055177864
0.006055178871
0.00605516769
0.006055168897
0.006055170592
0.006055172625
0.006055174827
0.006055177013
0.006055178989
0.006055180549
0.006055181468
0.006055171219
0.006055172327
0.006055173881
0.006055175743
0.006055177757
0.006055179752
0.006055181552
0.006055182971
0.006055183806
0.006055174445
0.00605517546
0.00605517688
0.006055178579
0.006055180413
0.006055182226
0.006055183859
0.006055185142
0.006055185897
0.006055177387
0.006055178312
0.006055179605
0.006055181148
0.00605518281
0.00605518445
0.006055185921
0.006055187075
0.006055187753
0.006055180061
0.006055180899
0.00605518207
0.006055183465
0.006055184962
0.006055186435
0.006055187751
0.006055188781
0.006055189385
0.006055182479
0.006055183235
0.006055184289
0.006055185541
0.00605518688
0.006055188192
0.00605518936
0.00605519027
0.006055190803
0.006055184656
0.006055185332
0.006055186273
0.006055187387
0.006055188575
0.006055189732
0.006055190757
0.006055191552
0.006055192017
0.006055186596
0.006055187196
0.006055188029
0.006055189011
0.006055190052
0.00605519106
0.006055191948
0.006055192633
0.006055193033
0.006055188294
0.006055188822
0.006055189551
0.006055190407
0.006055191309
0.006055192176
0.006055192933
0.006055193513
0.00605519385
0.006055189706
0.006055190167
0.006055190801
0.006055191542
0.006055192316
0.006055193054
0.006055193692
0.006055194175
0.006055194454
0.006055190673
0.006055191083
0.006055191644
0.006055192296
0.006055192973
0.006055193613
0.00605519416
0.006055194569
0.006055194802
4.19656605e-22
1.571685607e-21
3.50623651e-21
6.644235076e-21
1.172828974e-20
2.004241936e-20
3.381821181e-20
5.691463926e-20
9.601587248e-20
1.627037101e-19
2.770720609e-19
4.740220362e-19
8.14228709e-19
1.403202854e-18
2.424276703e-18
4.195469159e-18
7.267716342e-18
1.259600219e-17
2.183698677e-17
3.786590625e-17
6.567405795e-17
1.139272351e-16
1.976719343e-16
3.430346175e-16
5.953799998e-16
1.033470726e-15
1.794030937e-15
3.114314648e-15
5.405786903e-15
9.381441582e-15
1.62753182e-14
2.821995088e-14
4.889322197e-14
8.462256724e-14
1.4626136e-13
2.523610614e-13
4.345030621e-13
7.462034263e-13
1.277680459e-12
2.180157089e-12
3.705518825e-12
6.270437463e-12
1.055902115e-11
1.768536584e-11
2.944798646e-11
4.872319473e-11
8.006560632e-11
1.306131267e-10
2.114337215e-10
3.395058497e-10
5.40599074e-10
8.534235324e-10
1.33555552e-09
2.071811691e-09
3.185908147e-09
4.856900562e-09
7.342004786e-09
1.100819279e-08
1.637577091e-08
2.417826744e-08
3.544444584e-08
5.161023021e-08
7.467093469e-08
1.073876298e-07
1.535659089e-07
2.18430839e-07
3.091287034e-07
4.353943665e-07
6.104324204e-07
8.520700495e-07
1.184248326e-06
1.638924351e-06
2.258456123e-06
3.098531531e-06
4.231678046e-06
5.751344927e-06
7.776476918e-06
1.04563871e-05
1.397558204e-05
1.855804227e-05
2.44704647e-05
3.2024872e-05
4.15797805e-05
5.353780267e-05
6.83396867e-05
8.645426686e-05
0.0001083642452
0.0001345482268
0.0001654599853
0.0002015064373
0.0002430261596
0.0002902703993
0.0003433883714
0.0004024182377
0.0004672845492
0.0005378021135
0.0006136849454
0.0006945567032
0.0007799036833
0.0008691516161
0.0009617155907
0.001056989423
0.001154360837
0.001253226619
0.001353006331
0.001453153849
0.001553166379
0.001652590851
0.001751027784
0.001848132855
0.001943616489
0.002037241851
0.002128821618
0.002218213904
0.002305317669
0.002390067902
0.002472430796
0.002552399074
0.002629987593
0.002705229386
0.00277817206
0.002848874609
0.002917404683
0.002983836225
0.003048247486
0.003110719373
0.003171334083
0.003230174008
0.003287320857
0.003342854963
0.003396854764
0.003449396404
0.003500553454
0.003550396722
0.00359899413
0.003646410661
0.003692708342
0.003737946272
0.003782180669
0.00382546495
0.003867849811
0.003909383331
0.003950111077
0.003990076212
0.004029319606
0.00406787995
0.004105793861
0.004143095994
0.004179819141
0.004215994334
0.004251650937
0.004286816739
0.004321518043
0.004355779741
0.004389625399
0.004423077323
0.004456156634
0.004488883329
0.004521276339
0.004553353593
0.004585132067
0.004616627833
0.00464785611
0.004678831303
0.00470956705
0.004740076253
0.004770371119
0.004800463194
0.004830363386
0.004860081998
0.004889628751
0.004919012805
0.004948242773
0.004977326738
0.005006272257
0.005035086362
0.005063775552
0.005092345777
0.00512080241
0.005149150197
0.005177393203
0.005205534721
0.00523357717
0.005261521955
0.005289369297
0.005317118026
0.005344765335
0.005372306495
0.005399734526
0.005427039833
0.005454209808
0.005481228411
0.005508075741
0.005534727619
0.0055611552
0.005587324645
0.005613196877
0.005638727475
0.005663866728
0.005688559881
0.005712747614
0.005736366775
0.005759351374
0.005781633855
0.005803146614
0.005823823739
0.005843602918
0.005862427439
0.005880248184
0.005897025528
0.005912731004
0.005927348607
0.005940875604
0.005953322693
0.005964713352
0.005975082191
0.005984475966
0.005992949004
0.006000556441
0.006007356838
0.006013411315
0.006018782125
0.006023530996
0.006027717512
0.006031397747
0.00603462331
0.006037440898
0.006039892352
0.006042015227
0.006043843868
0.006045411152
0.006046748217
0.006047884005
0.006048846892
0.006049662785
0.006050354646
0.00605094233
0.006051442742
0.006051870127
0.006052236409
0.006052551526
0.006052823742
0.006053059916
0.006053265743
0.006053445949
0.00605360446
0.006053744546
0.006053868935
0.006053979912
0.006054079382
0.006054168961
0.006054250026
0.006054323768
0.006054391238
0.006054453402
0.006054510792
0.006054563787
0.006054612742
0.006054657983
0.006054699811
0.006054738496
0.006054774287
0.006054807408
0.006054838065
0.006054866446
0.006054892723
0.006054917054
0.006054939584
0.006054960447
0.006054979765
0.006054997649
0.006055014203
0.006055029523
0.006055043697
0.006055056807
0.006055068929
0.006055080134
0.00605509049
0.006055100057
0.006055108894
0.006055117054
0.006055124588
0.006055131541
0.006055137955
0.00605514387
0.006055149321
0.006055154342
0.006055158964
0.006055163212
0.006055167113
0.00605517069
0.006055173961
0.006055176945
0.006055179659
0.006055182117
0.006055184331
0.006055186307
0.00605518804
0.006055189484
0.006055190475
)
;

boundaryField
{
    outlet
    {
        type            inletOutlet;
        inletValue      uniform 0;
        value           nonuniform List<scalar> 10(0.006055190673 0.006055191083 0.006055191644 0.006055192296 0.006055192973 0.006055193613 0.00605519416 0.006055194569 0.006055194802 0.006055190475);
    }
    inlet
    {
        type            fixedValue;
        value           uniform 0;
    }
    front
    {
        type            wedge;
    }
    wall
    {
        type            zeroGradient;
    }
    back
    {
        type            wedge;
    }
}


// ************************************************************************* //
