/*--------------------------------*- C++ -*----------------------------------*\
| =========                 |                                                 |
| \\      /  F ield         | OpenFOAM: The Open Source CFD Toolbox           |
|  \\    /   O peration     | Version:  2212                                  |
|   \\  /    A nd           | Website:  www.openfoam.com                      |
|    \\/     M anipulation  |                                                 |
\*---------------------------------------------------------------------------*/
FoamFile
{
    version     2.0;
    format      ascii;
    arch        "LSB;label=32;scalar=64";
    class       volScalarField;
    location    "30.00000000";
    object      A2CH3-2_0;
}
// * * * * * * * * * * * * * * * * * * * * * * * * * * * * * * * * * * * * * //

dimensions      [0 0 0 0 0 0 0];

internalField   nonuniform List<scalar> 
3000
(
2.09898986e-21
2.358027774e-21
2.748906343e-21
3.269765071e-21
3.91527788e-21
4.667868838e-21
5.482157798e-21
6.259053614e-21
6.808346444e-21
7.880839704e-21
8.889099761e-21
1.040985825e-20
1.244077505e-20
1.497965354e-20
1.80121861e-20
2.14854813e-20
2.522455332e-20
2.85363177e-20
1.765401285e-20
2.006892681e-20
2.374605232e-20
2.873831196e-20
3.513481644e-20
4.302744397e-20
5.238409218e-20
6.267981028e-20
7.147773101e-20
3.362946717e-20
3.862985465e-20
4.635540931e-20
5.706677279e-20
7.114189495e-20
8.893616822e-20
1.103500913e-19
1.336701205e-19
1.524912982e-19
5.972422153e-20
6.944590903e-20
8.470243127e-20
1.062677298e-19
1.351541355e-19
1.721686414e-19
2.166904411e-19
2.639676384e-19
3.002602558e-19
1.027132138e-19
1.209596362e-19
1.500052583e-19
1.917031144e-19
2.482770371e-19
3.211514907e-19
4.081524048e-19
4.983125602e-19
5.650198887e-19
1.743944584e-19
2.079101813e-19
2.618835899e-19
3.40242163e-19
4.473483165e-19
5.853321968e-19
7.484884185e-19
9.14260209e-19
1.033872563e-18
2.951813575e-19
3.55832542e-19
4.543711434e-19
5.985323031e-19
7.963502885e-19
1.050669155e-18
1.34872754e-18
1.647141557e-18
1.858865059e-18
5.004684285e-19
6.090655599e-19
7.866347687e-19
1.047719662e-18
1.406597917e-18
1.866703028e-18
2.402040051e-18
2.932435525e-18
3.304601653e-18
8.516133859e-19
1.044540306e-18
1.361421219e-18
1.828804942e-18
2.471587425e-18
3.293447028e-18
4.244350199e-18
5.179585595e-18
5.830988657e-18
1.455127289e-18
1.795911599e-18
2.357361844e-18
3.18701528e-18
4.327833362e-18
5.782930715e-18
7.459362858e-18
9.099833178e-18
1.023705691e-17
2.496087871e-18
3.095594063e-18
4.085289881e-18
5.54919844e-18
7.560928516e-18
1.012103847e-17
1.306052075e-17
1.592696527e-17
1.790987568e-17
4.296425384e-18
5.34823728e-18
7.086910583e-18
9.659702008e-18
1.319180725e-17
1.767554367e-17
2.280548346e-17
2.779392062e-17
3.125775342e-17
7.416303621e-18
9.258810504e-18
1.23075582e-17
1.681999113e-17
2.300827424e-17
3.083984152e-17
3.974804187e-17
4.834867583e-17
5.44837082e-17
1.282957354e-17
1.605443416e-17
2.13964157e-17
2.930943888e-17
4.016208112e-17
5.386982622e-17
6.931137178e-17
8.352048552e-17
9.511355273e-17
2.222555631e-17
2.786394336e-17
3.72159074e-17
5.109355171e-17
7.018838905e-17
9.44970832e-17
1.22516992e-16
1.504899674e-16
1.680452085e-16
3.852913729e-17
4.836695074e-17
6.469293711e-17
8.892673078e-17
1.222610173e-16
1.646156769e-16
2.130797261e-16
2.600708585e-16
2.919857235e-16
6.681025195e-17
8.394275091e-17
1.123779376e-16
1.545776847e-16
2.125821853e-16
2.86173562e-16
3.701790042e-16
4.514316645e-16
5.07051891e-16
1.158656543e-16
1.456651515e-16
1.951262161e-16
2.685180732e-16
3.693557955e-16
4.972114379e-16
6.430630569e-16
7.840855925e-16
8.806849137e-16
2.009647986e-16
2.527611301e-16
3.387373994e-16
4.663045085e-16
6.415454299e-16
8.636793967e-16
1.117006237e-15
1.361889572e-15
1.529615455e-15
3.486169018e-16
4.386144064e-16
5.880104253e-16
8.096751496e-16
1.114151788e-15
1.500040764e-15
1.940025811e-15
2.365252676e-15
2.65645235e-15
6.048488075e-16
7.611911273e-16
1.020734196e-15
1.405828595e-15
1.934754057e-15
2.605014846e-15
3.36909287e-15
4.107397474e-15
4.612903649e-15
1.049579692e-15
1.321144595e-15
1.771982367e-15
2.440897023e-15
3.359576602e-15
4.523579455e-15
5.850271346e-15
7.13196655e-15
8.009409664e-15
1.821583116e-15
2.293254592e-15
3.076297554e-15
4.238051497e-15
5.833416893e-15
7.854480401e-15
1.015756913e-14
1.238210007e-14
1.390478731e-14
3.161822935e-15
3.981004953e-15
5.340909779e-15
7.358329036e-15
1.012829787e-14
1.36366516e-14
1.763358626e-14
2.149321191e-14
2.413454677e-14
5.488668505e-15
6.911304382e-15
9.272782313e-15
1.277551233e-14
1.758380642e-14
2.367212107e-14
3.06060423e-14
3.729951737e-14
4.187885112e-14
9.528378628e-15
1.199879906e-14
1.609893748e-14
2.217923173e-14
3.052325794e-14
4.10844921e-14
5.310728074e-14
6.470789633e-14
7.264121402e-14
1.654121769e-14
2.083055003e-14
2.794799898e-14
3.84994611e-14
5.297313172e-14
7.128316657e-14
9.211459106e-14
1.122019961e-13
1.259313177e-13
2.871281317e-14
3.615861257e-14
4.850997508e-14
6.681257835e-14
9.190407841e-14
1.236236107e-13
1.596815964e-13
1.944219271e-13
2.181472375e-13
4.983031491e-14
6.275071459e-14
8.417472001e-14
1.159026484e-13
1.593653431e-13
2.142562354e-13
2.765861929e-13
3.365686149e-13
3.774875265e-13
8.644792817e-14
1.08855655e-13
1.459907299e-13
2.009428734e-13
2.76141767e-13
3.709932765e-13
4.785424e-13
5.818804275e-13
6.522712562e-13
1.498902225e-13
1.88719606e-13
2.530232213e-13
3.48081765e-13
4.779893181e-13
6.415768797e-13
8.267112817e-13
1.004236259e-12
1.124925093e-12
2.596832828e-13
3.268900145e-13
4.380853026e-13
6.022465979e-13
8.262041797e-13
1.107630099e-12
1.425350492e-12
1.729221976e-12
1.935288656e-12
4.494067904e-13
5.655423815e-13
7.574664882e-13
1.040338641e-12
1.425409517e-12
1.908006629e-12
2.451183847e-12
2.96899907e-12
3.319047147e-12
7.766265421e-13
9.768841621e-13
1.307341501e-12
1.793382145e-12
2.453238663e-12
3.27750367e-12
4.201766854e-12
5.079375741e-12
5.670376192e-12
1.339658696e-12
1.684020516e-12
2.251243124e-12
3.083388559e-12
4.209396387e-12
5.610360266e-12
7.17420753e-12
8.652064826e-12
9.642754472e-12
2.305687555e-12
2.895802268e-12
3.865676353e-12
5.284126508e-12
7.195876406e-12
9.563174887e-12
1.219166238e-11
1.466183737e-11
1.630899818e-11
3.957598185e-12
4.964560024e-12
6.615151767e-12
9.020241154e-12
1.224657357e-11
1.621957365e-11
2.060384517e-11
2.46979604e-11
2.741173478e-11
6.771384113e-12
8.480914767e-12
1.127436257e-11
1.532707063e-11
2.073405975e-11
2.735011705e-11
3.460039061e-11
4.132302337e-11
4.574987935e-11
1.154302489e-11
1.442799318e-11
1.912496123e-11
2.590519208e-11
3.489510524e-11
4.581683811e-11
5.769367924e-11
6.86214674e-11
7.576672322e-11
1.959456956e-11
2.442971044e-11
3.226884204e-11
4.352071937e-11
5.833624007e-11
7.619418796e-11
9.545251918e-11
1.130268388e-10
1.244330888e-10
3.310560937e-11
4.114618128e-11
5.412095477e-11
7.262671642e-11
9.680843977e-11
1.257093862e-10
1.566024774e-10
1.845537849e-10
2.025575687e-10
5.564085978e-11
6.889632076e-11
9.017508601e-11
1.203155403e-10
1.593788581e-10
2.056485011e-10
2.546562608e-10
2.986119859e-10
3.267092058e-10
9.298053541e-11
1.14626696e-10
1.491792624e-10
1.977602257e-10
2.601815094e-10
3.334345693e-10
4.103033706e-10
4.7864994e-10
5.220116671e-10
1.544119897e-10
1.894011805e-10
2.449181636e-10
3.223702688e-10
4.210035873e-10
5.356669972e-10
6.54879178e-10
7.599741268e-10
8.261695908e-10
2.547144197e-10
3.106638708e-10
3.988845206e-10
5.209803379e-10
6.750674648e-10
8.525259647e-10
1.035358908e-09
1.195223441e-09
1.295227571e-09
4.171707578e-10
5.05635921e-10
6.442384896e-10
8.345190656e-10
1.072510952e-09
1.344103198e-09
1.621494319e-09
1.86216319e-09
2.011753893e-09
6.780820548e-10
8.163560282e-10
1.031615105e-09
1.324782102e-09
1.688264381e-09
2.099436879e-09
2.515946881e-09
2.874715111e-09
3.096403018e-09
1.093453157e-09
1.307078798e-09
1.637561092e-09
2.084176628e-09
2.63329174e-09
3.249324446e-09
3.868593438e-09
4.39848358e-09
4.724167607e-09
1.748783101e-09
2.075025364e-09
2.576685605e-09
3.249637442e-09
4.070530354e-09
4.984390748e-09
5.896619062e-09
6.672506055e-09
7.147115207e-09
2.773256258e-09
3.265865311e-09
4.019025861e-09
5.022370656e-09
6.23736446e-09
7.580437555e-09
8.912606655e-09
1.003959103e-08
1.072606263e-08
4.360128628e-09
5.095839364e-09
6.214702302e-09
7.695705503e-09
9.477148835e-09
1.143384158e-08
1.336363556e-08
1.498845719e-08
1.597453769e-08
6.795789783e-09
7.883171464e-09
9.528739663e-09
1.16942002e-08
1.428322743e-08
1.711076555e-08
1.988548538e-08
2.221205603e-08
2.361958394e-08
1.050074676e-08
1.209212931e-08
1.448961657e-08
1.762795219e-08
2.135998714e-08
2.541539747e-08
2.937769546e-08
3.268821388e-08
3.468567233e-08
1.608647844e-08
1.839411738e-08
2.185673944e-08
2.636816809e-08
3.170763195e-08
3.748430211e-08
4.310699608e-08
4.779049168e-08
5.061002402e-08
2.443577479e-08
2.775373899e-08
3.271475821e-08
3.91518898e-08
4.673892544e-08
5.49159212e-08
6.284905715e-08
6.944001402e-08
7.340049538e-08
3.681399064e-08
4.154768848e-08
4.860365303e-08
5.772626736e-08
6.843979704e-08
7.994842409e-08
9.108279151e-08
1.003133136e-07
1.058515008e-07
5.502297163e-08
6.172894616e-08
7.169796873e-08
8.454684362e-08
9.958955197e-08
1.157030594e-07
1.312557957e-07
1.441259308e-07
1.518384781e-07
8.161322229e-08
9.105273367e-08
1.050529534e-07
1.230492472e-07
1.440619645e-07
1.665162743e-07
1.881460921e-07
2.060185293e-07
2.167186122e-07
1.201753274e-07
1.3338642e-07
1.529415139e-07
1.780203825e-07
2.07235847e-07
2.383918521e-07
2.683539995e-07
2.930815062e-07
3.078750469e-07
1.757388443e-07
1.941331545e-07
2.213140453e-07
2.561040688e-07
2.965534053e-07
3.396149764e-07
3.809694848e-07
4.150662284e-07
4.35454462e-07
2.553163338e-07
2.808089644e-07
3.184239184e-07
3.664878175e-07
4.222776293e-07
4.815842877e-07
5.384756176e-07
5.85347285e-07
6.13364549e-07
3.686425283e-07
4.038260976e-07
4.556755287e-07
5.218329114e-07
5.985169081e-07
6.799364209e-07
7.57968658e-07
8.222212986e-07
8.606200231e-07
5.291747579e-07
5.775524607e-07
6.487701961e-07
7.395299041e-07
8.446068053e-07
9.56061317e-07
1.062801181e-06
1.150655448e-06
1.203154382e-06
7.554414102e-07
8.217386573e-07
9.192483192e-07
1.043386721e-06
1.186966481e-06
1.339136873e-06
1.484787566e-06
1.604634001e-06
1.676251099e-06
1.072850432e-06
1.163430595e-06
1.296554589e-06
1.465887596e-06
1.661581349e-06
1.868848955e-06
2.067151911e-06
2.230294647e-06
2.327793143e-06
1.516100255e-06
1.63951761e-06
1.820787417e-06
2.051198331e-06
2.317304426e-06
2.599007402e-06
2.868446771e-06
3.090097997e-06
3.222583322e-06
2.13237152e-06
2.300103657e-06
2.546333713e-06
2.859136596e-06
3.220215339e-06
3.60231897e-06
3.967725218e-06
4.268330958e-06
4.448047222e-06
2.985518967e-06
3.212931673e-06
3.546634798e-06
3.970372739e-06
4.459325688e-06
4.976630742e-06
5.471303972e-06
5.878302079e-06
6.121689318e-06
4.161527592e-06
4.469136484e-06
4.920375286e-06
5.493173968e-06
6.15396752e-06
6.853006009e-06
7.521503724e-06
8.071634974e-06
8.400720429e-06
5.775541649e-06
6.190645841e-06
6.799430249e-06
7.572046242e-06
8.463240298e-06
9.40602903e-06
1.030778211e-05
1.105009029e-05
1.149429588e-05
7.980814581e-06
8.539585906e-06
9.358938016e-06
1.039865368e-05
1.159790815e-05
1.286674056e-05
1.408066841e-05
1.508032956e-05
1.567877985e-05
1.097995076e-05
1.173006384e-05
1.282987226e-05
1.422538745e-05
1.583511378e-05
1.753856059e-05
1.916884395e-05
2.051195336e-05
2.131635992e-05
1.503879788e-05
1.604267617e-05
1.751444436e-05
1.938188868e-05
2.153617783e-05
2.381642518e-05
2.59995539e-05
2.779896816e-05
2.887716269e-05
2.050327505e-05
2.184199829e-05
2.380454438e-05
2.629466759e-05
2.916754269e-05
3.220910292e-05
3.512222734e-05
3.752452592e-05
3.896477952e-05
2.781925492e-05
2.959711638e-05
3.220319287e-05
3.550966965e-05
3.932455905e-05
4.336420661e-05
4.723464588e-05
5.042811576e-05
5.234387993e-05
3.755533146e-05
3.990494334e-05
4.334860883e-05
4.771720898e-05
5.27573008e-05
5.809483665e-05
6.321028429e-05
6.743266951e-05
6.996645413e-05
5.042788948e-05
5.351561037e-05
5.803999428e-05
6.377813017e-05
7.039702465e-05
7.740620509e-05
8.412379985e-05
8.966877563e-05
9.299665641e-05
6.732735524e-05
7.135866161e-05
7.726356542e-05
8.47494604e-05
9.338120357e-05
0.0001025179242
0.0001112711642
0.0001184945768
0.0001228290847
8.934395179e-05
9.456822139e-05
0.0001022168915
0.0001119069867
0.0001230711148
0.0001348789558
0.0001461830767
0.0001555062801
0.0001610988864
0.0001177908466
0.0001245044471
0.0001343257578
0.0001467560044
0.0001610609805
0.0001761732731
0.0001906251042
0.0002025334982
0.0002096724145
0.0001542156733
0.0001627609389
0.0001752495145
0.0001910354586
0.0002091757417
0.000228310451
0.0002465818371
0.0002616182158
0.0002706239859
0.0002004023551
0.0002111656719
0.0002268771872
0.0002467062029
0.0002694516355
0.0002933982418
0.0003162218037
0.0003349734201
0.0003461906197
0.000258360485
0.0002717651852
0.0002913052368
0.0003159211582
0.0003440977264
0.0003736952807
0.0004018420499
0.0004249212599
0.0004387064818
0.0003302949413
0.0003467895623
0.0003707958959
0.0004009756041
0.0004354374357
0.0004715439971
0.0005057934726
0.0005338126766
0.0005505193769
0.0004185548944
0.0004385968251
0.0004677151546
0.0005042376611
0.0005458312344
0.0005892860744
0.0006303903455
0.0006639328033
0.0006838940563
0.0005255619096
0.0005495970656
0.0005844515795
0.0006280612242
0.0006775839259
0.0007291650292
0.0007778095901
0.0008173983986
0.0008409089847
0.0006537191577
0.0006821589522
0.0007233194627
0.0007746858365
0.0008328420099
0.0008932222834
0.0009499868388
0.0009960547947
0.001023354295
0.0008053061956
0.0008385035952
0.0008864519644
0.0009461298823
0.00101348813
0.00108319416
0.001148516902
0.001201379997
0.001232639068
0.0009823659741
0.001020592743
0.001075691571
0.001144084699
0.001221040309
0.001300417364
0.001374565686
0.001434401375
0.001469707085
0.001186592284
0.00123001954
0.001292486038
0.001369817558
0.001456563532
0.001545750102
0.001628800978
0.00169563599
0.001734989155
0.001419226457
0.001467910388
0.001537797874
0.001624090831
0.001720599954
0.001819513651
0.001911344268
0.001985049496
0.002028361923
0.001680971686
0.00173484573
0.001812034377
0.001907103308
0.002013122521
0.00212145807
0.002221747061
0.002302040498
0.002349137399
0.001971931831
0.002030805968
0.002115003448
0.00221845769
0.002333514689
0.002450753379
0.002558991534
0.002645447847
0.002696073568
0.002291579241
0.002355146329
0.002445898073
0.002557156048
0.002680576934
0.002806005794
0.002921513917
0.003013578156
0.003067403034
0.002638753069
0.002706601634
0.002803309689
0.002921622707
0.003052558991
0.003185297666
0.003307248764
0.003404252725
0.003460869686
0.003011685656
0.003083318379
0.003185267585
0.00330975084
0.003447215675
0.003586252968
0.003713684911
0.003814871097
0.003873878253
0.00340804902
0.00348290736
0.003589301359
0.003718964417
0.003861873043
0.004006172021
0.004138265087
0.00424303674
0.004304094657
0.003825007289
0.003902496687
0.004012524948
0.004146478198
0.004293930193
0.004442619326
0.004578574438
0.004686310963
0.004749064124
0.004259746319
0.004339378551
0.004452360289
0.004589775432
0.004740871344
0.004893064945
0.005032086468
0.005142169454
0.005206263484
0.004709622149
0.004790911958
0.004906167788
0.005046229623
0.005200090229
0.005354922997
0.005496238025
0.005608067996
0.005673159533
0.005171899314
0.005254378304
0.005371253568
0.005513180982
0.005668967209
0.005825615286
0.005968489776
0.006081498077
0.00614726133
0.005643834775
0.00572706221
0.00584494203
0.005988003456
0.006144931322
0.006302626217
0.006446376214
0.006560033058
0.00662616417
0.006122747537
0.006206317517
0.006324636295
0.00646815979
0.006625510089
0.00678354732
0.00692754589
0.007041365288
0.007107585025
0.006606073691
0.006689619243
0.00680786592
0.006951244693
0.007108368169
0.007266111685
0.007409792378
0.007523334581
0.007589389683
0.007091407816
0.00717460251
0.007292322524
0.007435016818
0.007591335704
0.007748219006
0.007891076597
0.008003948576
0.008069612071
0.007576531939
0.007659089627
0.007775884355
0.007917420533
0.008072427322
0.008227952065
0.008369541228
0.008481395688
0.008546466405
0.008059433504
0.008141106671
0.008256631054
0.008396598661
0.008549852869
0.008703585661
0.008843518176
0.008954051494
0.009018352998
0.00853831388
0.00861889107
0.008732850003
0.008870897473
0.00902202107
0.00917358908
0.009311530053
0.009420479517
0.009483858649
0.009011589077
0.009090891759
0.009203035758
0.009338865323
0.009487537393
0.009636623266
0.00977228679
0.009879427413
0.009941752589
0.009477884314
0.009555763496
0.009665884032
0.009799246289
0.009945197354
0.01009153384
0.01022467842
0.01032981957
0.01039097896
0.009936024018
0.01001235683
0.01012028164
0.01025097011
0.01039397647
0.01053734108
0.01066776504
0.01077074706
0.01083064674
0.01038501866
0.01045970508
0.01056529368
0.01069313957
0.01083301788
0.01097322773
0.01110076485
0.01120145579
0.01126001797
0.01082404966
0.01089700946
0.011000149
0.01112501639
0.01126161864
0.01139852571
0.01152304111
0.01162133365
0.01167849492
0.01125245338
0.01132362341
0.01142422488
0.01154600638
0.01167921535
0.01181270214
0.01193408851
0.01202989714
0.01208560692
0.01166970492
0.01173903669
0.01183703164
0.01195564451
0.01208536972
0.01221534541
0.01233351965
0.01242677808
0.01248099717
0.01207540243
0.01214286007
0.01223819776
0.01235358051
0.01247975459
0.01260615145
0.01272105181
0.01281171085
0.01286441014
0.01246925207
0.01253481042
0.01262745526
0.01273956479
0.01286214063
0.01298491145
0.01309649483
0.01318452021
0.01323567944
0.01285105406
0.01291469724
0.0130046268
0.01311343607
0.0132323842
0.0133514996
0.01345973929
0.01354510985
0.0135947166
0.01322069039
0.01328241056
0.01336961387
0.01347510975
0.01359041605
0.01370586215
0.01381074583
0.01389345201
0.01394150076
0.01357811342
0.01363790971
0.01372238569
0.01382456717
0.01393623098
0.0140480076
0.01414953559
0.01422957806
0.0142760694
0.01392333573
0.01398121338
0.01406296966
0.01416184638
0.0142698788
0.01437799779
0.0144761816
0.01455357001
0.01459850991
0.01425642136
0.01431239093
0.01439144276
0.01448703372
0.01459145628
0.01469594009
0.01479080105
0.01486555302
0.01490895214
0.014577478
0.01463155478
0.01470792415
0.01480025659
0.01490109997
0.01500198043
0.01509354855
0.01516568868
0.01520756186
0.01488665022
0.01493885367
0.01501256851
0.01510167698
0.01519898001
0.01529629721
0.01538461017
0.01545416921
0.01549453493
0.01518411365
0.01523446691
0.01530556043
0.01539148597
0.01548529463
0.01557909596
0.01566419819
0.01573121229
0.01577009222
0.01547006982
0.01551859934
0.01558710943
0.01566989879
0.01576026543
0.01585060473
0.01593254656
0.01599705662
0.0160344752
0.01574474183
0.01579147694
0.01585744567
0.01593715066
0.0160241332
0.01611106997
0.01618990693
0.01625195795
0.01628794204
0.01600837049
0.01605334314
0.01611681619
0.0161934931
0.01627715438
0.01636075304
0.01643654518
0.01649618572
0.01653076423
0.01626121105
0.01630445543
0.01636548175
0.01643919077
0.0165195979
0.01659992717
0.0166727384
0.01673002008
0.01676322371
0.01650353034
0.01654508264
0.01660371395
0.01667451865
0.01675174245
0.01682887472
0.01689877227
0.0169537493
0.01698561022
0.01673560424
0.01677550237
0.01683179282
0.01689975968
0.0169738741
0.0170478849
0.0171149388
0.01716766754
0.01719821913
0.01695771553
0.01699599885
0.01705000465
0.01711520262
0.01718628426
0.01725725169
0.01732153427
0.01737207285
0.0174013495
0.01717015198
0.0172068611
0.01725864016
0.0173211402
0.01738926785
0.01745727212
0.01751885756
0.0175672655
0.01759530237
0.01737320467
0.01740838117
0.0174579928
0.01751786754
0.0175831217
0.01764824469
0.01770720858
0.01775354646
0.0177803793
0.0175671665
0.01760085278
0.01764835737
0.01770568069
0.01776814316
0.01783046797
0.01788688697
0.01793121613
0.01795688106
0.01775233091
0.01778456995
0.01783002869
0.01788487537
0.01794462892
0.0180042395
0.01805819092
0.01810057317
0.01812510655
0.01792899072
0.0179598259
0.01800330053
0.01805574595
0.01811287387
0.01816985466
0.01822141618
0.01826191351
0.01828535179
0.01809743713
0.01812691205
0.01816846456
0.0182185844
0.01827317024
0.01832760582
0.01837685516
0.01841552956
0.0184379091
0.0182579588
0.01828611712
0.01832580959
0.0183736795
0.01842580674
0.01847778152
0.01852479618
0.01856170936
0.01858306637
0.01841084107
0.01843772637
0.01847562068
0.01852131609
0.01857106784
0.01862066581
0.01866552279
0.01870073604
0.01872110641
0.01855636527
0.01858202089
0.01861817858
0.01866177441
0.01870923319
0.01875653764
0.01879931325
0.01883288722
0.01885230644
0.01869480812
0.01871927704
0.01875375912
0.01879532959
0.01884057707
0.01888567036
0.01892643999
0.01895843455
0.01897693764
0.01882644118
0.01884976593
0.01888263269
0.01892225112
0.01896536792
0.0190083313
0.01904716923
0.01907764333
0.01909526475
0.01895153045
0.01897375295
0.01900506385
0.01904280249
0.01908386799
0.01912478139
0.01916176067
0.01919077222
0.01920754576
0.01907033591
0.01909149743
0.01912131093
0.01915724081
0.019196333
0.01923527488
0.01927046715
0.01929807292
0.01931403169
0.01918311125
0.0192032523
0.0192316258
0.01926581658
0.0193030119
0.01934005913
0.0193735345
0.01939979
0.01941496637
0.01929010359
0.01930926385
0.01933625356
0.01936877342
0.01940414666
0.01943937436
0.01947120135
0.01949616077
0.01951058631
0.01939155326
0.01940977154
0.01943543237
0.01946634793
0.01949997208
0.01953345358
0.01956369897
0.01958741513
0.0196011206
0.01948769364
0.01950500781
0.01952939335
0.01955876955
0.01959071576
0.01962252245
0.01965125127
0.01967377553
0.01968679083
0.01957875102
0.01959519797
0.01961836039
0.01964626046
0.01967659796
0.01970679926
0.01973407468
0.01975545696
0.0197678111
0.01966494456
0.01968056015
0.01970255019
0.01972903556
0.01975783158
0.01978649489
0.01981237822
0.01983266689
0.01984438801
0.01974648619
0.01976130526
0.01978217214
0.01980730243
0.01983462217
0.01986181284
0.01988636348
0.0199056054
0.01991672073
0.01982358064
0.01983763694
0.01985742841
0.01988126137
0.01990716799
0.01993294925
0.01995622467
0.01997446515
0.01998500101
0.01989642543
0.01990975167
0.01992851391
0.01995110542
0.01997566
0.020000093
0.02002214872
0.02003943154
0.02004941334
0.01996521094
0.01997783873
0.01999561638
0.02001702046
0.02004028198
0.02006342577
0.02008431538
0.02010068277
0.02011013501
0.02003012047
0.02004208032
0.02005891651
0.02007918526
0.02010121066
0.02012312215
0.02014289733
0.02015838997
0.02016733626
0.02009133031
0.02010265167
0.02011858795
0.02013777162
0.02015861575
0.0201793498
0.02019806029
0.02021271735
0.02022118041
0.02014900989
0.02015972111
0.02017479753
0.02019294451
0.02021266017
0.02023226955
0.02024996322
0.02026382237
0.02027182403
0.02020332185
0.02021345024
0.02022770533
0.02024486215
0.02026350013
0.02028203559
0.02029875844
0.02031185585
0.02031941709
0.02025442224
0.02026399404
0.02027746484
0.02029367624
0.02031128532
0.0203287956
0.02034459179
0.0203569622
0.02036410315
0.02030246062
0.02031150105
0.02032422311
0.02033953205
0.02035615908
0.02037269094
0.02038760284
0.02039927957
0.02040601952
0.02034758025
0.0203561135
0.02036812097
0.02038256864
0.02039825854
0.02041385683
0.02042792506
0.02043894003
0.02044529748
0.02038991824
0.02039796751
0.02040929312
0.02042291903
0.02043771485
0.02045242254
0.02046568599
0.02047606978
0.02048206242
0.02042960574
0.02043719327
0.02044786837
0.02046071036
0.02047465333
0.02048851155
0.02050100746
0.02051078932
0.02051643408
0.02046676813
0.0204739152
0.0204839698
0.02049606408
0.02050919365
0.02052224177
0.02053400576
0.02054321366
0.02054852674
0.02050152516
0.02050825214
0.02051771496
0.02052909617
0.02054145008
0.02055372572
0.02056479184
0.02057345251
0.02057844939
0.02053399117
0.02054031754
0.02054921605
0.0205599173
0.0205715316
0.02058307072
0.0205934715
0.02060161049
0.02060630593
0.0205642753
0.02057021967
0.02057858009
0.02058863302
0.02059954217
0.02061037911
0.0206201456
0.02062778729
0.02063219539
0.02059248162
0.02059806177
0.02060590915
0.02061534398
0.02062558086
0.02063574841
0.02064491025
0.0206520779
0.02065621213
0.02061870938
0.02062394227
0.02063130053
0.02064014609
0.02064974209
0.02065927152
0.02066785699
0.02067457279
0.02067844597
0.02064305314
0.02064795497
0.02065484694
0.02066313073
0.02067211579
0.02068103693
0.020689073
0.02069535811
0.02069898247
0.02066560304
0.02067018926
0.0206766367
0.02068438495
0.02069278762
0.02070112891
0.02070864129
0.02071451587
0.02071790307
0.02068644493
0.02069073026
0.02069675392
0.02070399166
0.02071183914
0.0207196277
0.02072664088
0.02073212416
0.02073528532
0.02070566057
0.02070965907
0.02071527873
0.0207220298
0.02072934805
0.02073660972
0.02074314707
0.02074825736
0.02075120307
0.02072332789
0.02072705293
0.02073228747
0.0207385746
0.02074538835
0.02075214777
0.02075823155
0.02076298631
0.02076572666
0.02073952113
0.0207429855
0.0207478529
0.02075369777
0.0207600306
0.02076631127
0.0207719627
0.02077637859
0.0207789232
0.0207543111
0.02075752697
0.0207620444
0.02076746771
0.02077334213
0.02077916646
0.02078440581
0.02078849872
0.02079085679
0.02076776542
0.02077074443
0.02077492828
0.02077994977
0.02078538729
0.02079077672
0.02079562335
0.02079940847
0.02080158877
0.02077994876
0.02078270204
0.02078656799
0.02079120658
0.02079622777
0.02080120279
0.02080567524
0.02080916713
0.02081117808
0.02079092315
0.02079346136
0.02079702445
0.02080129826
0.02080592287
0.02081050317
0.02081461926
0.02081783189
0.02081968158
0.0208007483
0.0208030817
0.0208063564
0.02081028289
0.02081452992
0.02081873448
0.02082251138
0.02082545825
0.0208271545
0.02080948199
0.0208116205
0.02081462078
0.02081821683
0.02082210471
0.02082595192
0.02082940629
0.02083210052
0.02083365091
0.02081718049
0.02081913375
0.02082187322
0.02082515529
0.02082870198
0.02083220979
0.02083535794
0.02083781236
0.02083922434
0.02082389911
0.02082567656
0.02082816858
0.02083115283
0.020834376
0.02083756215
0.02084042018
0.0208426475
0.02084392847
0.02082969273
0.02083130374
0.02083356157
0.02083626405
0.02083918133
0.02084206348
0.02084464753
0.02084666049
0.02084781786
0.02083461653
0.02083607049
0.02083810745
0.02084054436
0.02084317351
0.02084576959
0.02084809602
0.02084990762
0.02085094897
0.02083872671
0.0208400332
0.02084186286
0.02084405075
0.02084641002
0.02084873846
0.02085082418
0.02085244787
0.02085338108
0.02084208137
0.02084325029
0.02084488674
0.02084684281
0.02084895122
0.02085103131
0.02085289408
0.02085434405
0.02085517744
0.02084474142
0.02084578317
0.02084724126
0.02084898368
0.02085086139
0.02085271366
0.02085437246
0.02085566391
0.02085640642
0.02084677156
0.02084769725
0.02084899285
0.02085054112
0.02085220984
0.02085385645
0.02085533182
0.02085648128
0.02085714268
0.02084824129
0.02084906294
0.02085021325
0.02085158856
0.02085307191
0.02085453709
0.02085585158
0.02085687722
0.02085746828
0.02084922589
0.02084995663
0.02085098048
0.02085220604
0.02085353003
0.02085484047
0.02085601898
0.02085694094
0.02085747359
0.0208498073
0.02085046158
0.0208513797
0.02085248113
0.02085367445
0.02085485971
0.02085592986
0.0208567705
0.02085725805
0.02085007485
0.02085066859
0.02085150386
0.02085250946
0.02085360387
0.02085469664
0.02085568902
0.02085647316
0.02085693035
0.02085012574
0.02085067649
0.02085145411
0.02085239505
0.02085342551
0.02085446184
0.02085541019
0.02085616517
0.0208566083
0.02085006516
0.02085059213
0.02085133969
0.02085225007
0.02085325485
0.02085427414
0.02085521529
0.02085597098
0.02085641782
0.0208500059
0.02085052994
0.02085127734
0.0208521941
0.02085321457
0.02085425936
0.02085523303
0.02085602159
0.02085649124
0.02085006747
0.02085061089
0.02085139013
0.02085235271
0.02085343292
0.0208545484
0.02085559668
0.02085645207
0.0208569647
0.02085037445
0.02085096076
0.02085180546
0.02085285517
0.02085404115
0.02085527435
0.02085644085
0.02085739815
0.02085797449
0.02085105422
0.02085170765
0.02085265235
0.02085383152
0.02085517017
0.02085656877
0.02085789748
0.0208589919
0.02085965266
0.02085223386
0.02085297873
0.02085405799
0.02085540871
0.02085694642
0.02085855723
0.020860091
0.02086135655
0.02086212161
0.02085403636
0.02085489628
0.02085614348
0.02085770614
0.02085948702
0.02086135413
0.02086313287
0.02086460087
0.02086548834
0.02085657619
0.02085757312
0.02085901908
0.02086083062
0.02086289453
0.02086505715
0.0208671158
0.0208688132
0.0208698384
0.02085995449
0.02086110767
0.02086277915
0.02086487115
0.02086725149
0.02086974176
0.02087210812
0.02087405572
0.02087523009
0.02086425405
0.02086557894
0.02086749703
0.02086989375
0.02087261531
0.020875456
0.02087814869
0.02088035946
0.02088168958
0.02086953451
0.02087104169
0.0208732203
0.02087593688
0.02087901382
0.02088221633
0.02088524294
0.0208877206
0.02088920736
0.0208758281
0.02087752234
0.02087996693
0.02088300779
0.02088644203
0.02089000485
0.0208933606
0.02089609859
0.02089773666
0.02088313643
0.02088501599
0.0208877226
0.02089108043
0.02089486056
0.02089876837
0.02090243545
0.02090541663
0.0209071943
0.02089142863
0.0208934849
0.0208964397
0.02090009504
0.02090419617
0.02090841984
0.02091236775
0.02091556479
0.02091746438
0.02090064129
0.02090285881
0.02090603832
0.02090996004
0.0209143445
0.02091884233
0.02092302934
0.02092640636
0.02092840544
0.02091068031
0.02091303738
0.02091640937
0.020920556
0.02092517538
0.02092989561
0.0209342719
0.02093778794
0.02093986214
0.02092142499
0.02092389468
0.02092741987
0.02093174205
0.02093654027
0.02094142517
0.02094593788
0.02094955359
0.02095167968
0.02093273433
0.02093528606
0.0209389206
0.02094336435
0.02094828159
0.02095327251
0.02095786338
0.02096152293
0.02096366523
0.02094445589
0.02094705741
0.02095075625
0.02095526754
0.02096023994
0.02096526082
0.02096985579
0.02097349902
0.02097562137
0.02095643851
0.02095905696
0.02096276929
0.0209672794
0.02097222856
0.02097720019
0.02098172609
0.02098529578
0.02098736519
0.02096851288
0.02097110783
0.02097477634
0.02097921578
0.02098406573
0.02098891363
0.02099330423
0.02099674959
0.0209987375
0.02098049669
0.02098302921
0.02098659973
0.02099090488
0.02099558801
0.02100024702
0.0210044457
0.02100772435
0.02100960748
0.02099221964
0.0209946556
0.02099808117
0.02100219742
0.02100665686
0.02101107335
0.02101503474
0.02101811368
0.02101987432
0.02100353398
0.0210058451
0.02100908729
0.02101297061
0.02101716155
0.02102129448
0.02102498507
0.02102784101
0.02102946758
0.02101431828
0.02101648266
0.02101951212
0.02102312968
0.02102701973
0.02103084065
0.02103423848
0.0210368572
0.02103834316
0.02102447883
0.02102648099
0.02102927746
0.02103260738
0.02103617608
0.02103966832
0.02104276191
0.02104513721
0.02104648053
0.02103394924
0.02103577978
0.0210383315
0.02104136197
0.02104459952
0.02104775671
0.02105054345
0.02105267576
0.021053878
0.02104268843
0.02104434337
0.02104664602
0.02104937386
0.0210522794
0.02105510348
0.02105758772
0.02105948238
0.02106054775
0.02105067755
0.0210521574
0.02105421274
0.02105664167
0.02105922123
0.02106172022
0.02106391092
0.02106557618
0.02106650996
0.02105791615
0.02105922491
0.02106103929
0.02106317807
0.0210654424
0.02106762804
0.02106953624
0.02107098048
0.02107178717
0.02106441808
0.02106556224
0.02106714524
0.02106900599
0.02107096872
0.02107285439
0.02107449046
0.02107571709
0.02107639403
0.02107020758
0.02107119525
0.0210725585
0.02107415541
0.02107583198
0.02107743285
0.02107880802
0.02107983737
0.02108040785
0.02107531546
0.02107615572
0.02107731194
0.02107866029
0.02108006643
0.02108140235
0.02108255545
0.02108342204
0.02108390534
0.02107977537
0.02108047797
0.02108144018
0.02108255718
0.02108372528
0.02108484102
0.02108580952
0.02108654152
0.02108695177
0.02108361907
0.02108419607
0.02108498924
0.02108591528
0.02108688743
0.02108782125
0.0210886356
0.0210892542
0.02108960272
0.02108691129
0.0210873866
0.02108804166
0.02108881022
0.02108962074
0.02109040239
0.02109108708
0.02109160972
0.02109190572
0.02108973404
0.02109012629
0.02109066851
0.02109130634
0.02109198142
0.02109263499
0.02109320999
0.02109365101
0.02109390211
0.02109215637
0.02109247974
0.02109292774
0.02109345613
0.02109401722
0.02109456252
0.02109504436
0.02109541577
0.0210956284
0.02109423329
0.02109449911
0.02109486809
0.02109530443
0.0210957693
0.02109622287
0.02109662552
0.02109693753
0.0210971172
0.02109601109
0.02109622863
0.0210965312
0.02109688998
0.02109727358
0.02109764948
0.02109798491
0.02109824636
0.0210983979
0.02109752937
0.02109770639
0.02109795315
0.02109824667
0.02109856179
0.02109887215
0.02109915073
0.02109936935
0.02109949697
0.02109882249
0.02109896561
0.02109916563
0.02109940447
0.02109966216
0.0210999175
0.02110014831
0.02110033084
0.02110043827
0.02109992066
0.02110003556
0.02110019669
0.02110039002
0.02110059988
0.02110080938
0.02110100034
0.02110115271
0.02110124319
0.0211008506
0.02110094222
0.02110107126
0.02110122704
0.02110139745
0.02110156909
0.02110172709
0.02110185445
0.02110193083
0.02110163605
0.02110170867
0.02110181153
0.02110193666
0.02110207484
0.02110221554
0.02110234655
0.02110245334
0.02110251807
0.02110229808
0.02110235538
0.02110243714
0.02110253756
0.02110264976
0.02110276544
0.02110287454
0.02110296458
0.02110301976
0.0211028553
0.02110290045
0.02110296544
0.02110304623
0.02110313771
0.0211032334
0.02110332493
0.02110340146
0.02110344893
0.02110332407
0.02110335973
0.02110341162
0.02110347702
0.02110355223
0.02110363213
0.02110370969
0.02110377539
0.0211038165
0.02110371863
0.02110374702
0.02110378886
0.02110384241
0.021103905
0.02110397257
0.02110403908
0.02110409599
0.02110413186
0.02110405129
0.02110407424
0.02110410851
0.02110415307
0.02110420602
0.02110426402
0.02110432172
0.02110437148
0.02110440299
0.02110433261
0.02110435156
0.02110438025
0.02110441813
0.02110446375
0.02110451424
0.02110456488
0.0211046088
0.02110463669
0.0211045715
0.02110458763
0.0211046123
0.02110464519
0.02110468518
0.02110472978
0.02110477474
0.02110481383
0.0211048387
0.02110477551
0.02110478962
0.02110481135
0.02110484052
0.02110487618
0.02110491609
0.02110495641
0.02110499147
0.02110501376
0.02110495067
0.02110496336
0.02110498295
0.02110500932
0.0211050416
0.02110507772
0.02110511415
0.02110514575
0.02110516577
0.02110510196
0.02110511365
0.02110513167
0.02110515588
0.02110518543
0.02110521837
0.02110525145
0.02110527998
0.02110529799
0.02110523345
0.0211052444
0.02110526122
0.02110528369
0.02110531094
0.02110534111
0.02110537117
0.02110539696
0.02110541319
0.02110534842
0.0211053588
0.02110537462
0.02110539559
0.02110542079
0.02110544841
0.02110547573
0.02110549907
0.02110551372
0.02110544949
0.02110545937
0.02110547429
0.02110549386
0.02110551711
0.02110554237
0.0211055672
0.02110558835
0.02110560161
0.02110553876
0.02110554812
0.02110556214
0.02110558031
0.0211056017
0.02110562478
0.02110564737
0.02110566658
0.0211056786
0.02110561779
0.02110562659
0.02110563967
0.02110565647
0.0211056761
0.02110569719
0.02110571778
0.02110573525
0.02110574618
0.02110568784
0.02110569605
0.02110570817
0.02110572365
0.02110574165
0.02110576094
0.02110577974
0.02110579567
0.02110580562
0.02110574995
0.02110575756
0.02110576874
0.02110578299
0.02110579951
0.02110581719
0.02110583439
0.02110584894
0.02110585799
0.02110580505
0.02110581207
0.02110582239
0.0211058355
0.0211058507
0.02110586692
0.02110588269
0.02110589598
0.02110590422
0.02110585396
0.02110586045
0.02110586997
0.02110588207
0.02110589607
0.021105911
0.02110592545
0.02110593759
0.02110594509
0.02110589745
0.02110590346
0.02110591227
0.02110592346
0.02110593639
0.02110595012
0.02110596338
0.02110597446
0.02110598128
0.02110593621
0.02110594179
0.02110594997
0.02110596033
0.02110597227
0.02110598491
0.02110599706
0.02110600717
0.02110601336
0.02110597083
0.02110597603
0.02110598363
0.02110599324
0.02110600427
0.0211060159
0.02110602701
0.02110603621
0.02110604182
0.02110600185
0.02110600669
0.02110601376
0.02110602266
0.02110603284
0.02110604351
0.02110605366
0.02110606203
0.02110606711
0.02110602969
0.0211060342
0.02110604077
0.02110604901
0.02110605838
0.02110606815
0.0211060774
0.02110608499
0.02110608959
0.02110605472
0.02110605892
0.02110606501
0.02110607261
0.02110608121
0.02110609014
0.02110609855
0.02110610542
0.02110610957
0.02110607726
0.02110608116
0.02110608678
0.02110609377
0.02110610165
0.02110610978
0.0211061174
0.02110612361
0.02110612735
0.02110609757
0.02110610117
0.02110610634
0.02110611275
0.02110611993
0.02110612731
0.02110613421
0.0211061398
0.02110614317
0.02110611587
0.02110611918
0.02110612392
0.02110612976
0.02110613629
0.02110614298
0.0211061492
0.02110615424
0.02110615727
0.02110613236
0.02110613538
0.02110613971
0.02110614502
0.02110615094
0.02110615697
0.02110616258
0.02110616712
0.02110616985
0.02110614721
0.02110614996
0.02110615389
0.0211061587
0.02110616404
0.02110616948
0.02110617453
0.02110617863
0.02110618109
0.02110616057
0.02110616306
0.02110616661
0.02110617096
0.02110617577
0.02110618068
0.02110618523
0.02110618892
0.02110619114
0.02110617258
0.02110617483
0.02110617803
0.02110618195
0.02110618628
0.0211061907
0.0211061948
0.02110619813
0.02110620014
0.02110618337
0.02110618539
0.02110618827
0.0211061918
0.0211061957
0.02110619969
0.02110620339
0.02110620641
0.02110620823
0.02110619304
0.02110619486
0.02110619746
0.02110620063
0.02110620415
0.02110620775
0.02110621111
0.02110621384
0.0211062155
0.02110620172
0.02110620336
0.0211062057
0.02110620856
0.02110621175
0.02110621501
0.02110621806
0.02110622055
0.02110622205
0.02110620951
0.02110621099
0.0211062131
0.02110621569
0.02110621858
0.02110622155
0.02110622433
0.0211062266
0.02110622798
0.02110621651
0.02110621785
0.02110621976
0.02110622212
0.02110622475
0.02110622745
0.02110622999
0.02110623207
0.02110623334
0.02110622281
0.02110622402
0.02110622577
0.02110622791
0.02110623032
0.0211062328
0.02110623513
0.02110623704
0.02110623821
0.02110622848
0.02110622959
0.02110623119
0.02110623316
0.02110623536
0.02110623765
0.0211062398
0.02110624156
0.02110624264
0.02110623361
0.02110623463
0.0211062361
0.02110623791
0.02110623995
0.02110624205
0.02110624404
0.02110624568
0.02110624668
0.02110623826
0.0211062392
0.02110624055
0.02110624223
0.02110624412
0.02110624607
0.02110624792
0.02110624944
0.02110625037
0.02110624248
0.02110624335
0.02110624461
0.02110624617
0.02110624792
0.02110624975
0.02110625147
0.02110625289
0.02110625376
0.02110624632
0.02110624714
0.02110624831
0.02110624977
0.02110625141
0.02110625311
0.02110625473
0.02110625605
0.02110625686
0.02110624984
0.0211062506
0.0211062517
0.02110625306
0.0211062546
0.0211062562
0.02110625772
0.02110625896
0.02110625972
0.02110625306
0.02110625377
0.02110625481
0.02110625609
0.02110625754
0.02110625905
0.02110626047
0.02110626164
0.02110626235
0.02110625601
0.02110625669
0.02110625767
0.02110625888
0.02110626025
0.02110626167
0.02110626301
0.02110626411
0.02110626478
0.02110625874
0.02110625938
0.02110626031
0.02110626146
0.02110626275
0.02110626409
0.02110626536
0.0211062664
0.02110626703
0.02110626126
0.02110626187
0.02110626275
0.02110626384
0.02110626506
0.02110626633
0.02110626753
0.02110626851
0.0211062691
0.02110626359
0.02110626417
0.021106265
0.02110626604
0.0211062672
0.0211062684
0.02110626953
0.02110627046
0.02110627102
0.02110626575
0.0211062663
0.0211062671
0.02110626808
0.02110626918
0.02110627032
0.02110627139
0.02110627226
0.02110627279
0.02110626776
0.02110626828
0.02110626904
0.02110626998
0.02110627102
0.0211062721
0.02110627311
0.02110627393
0.02110627443
0.02110626962
0.02110627013
0.02110627085
0.02110627173
0.02110627273
0.02110627374
0.0211062747
0.02110627547
0.02110627594
0.02110627136
0.02110627184
0.02110627252
0.02110627336
0.0211062743
0.02110627526
0.02110627616
0.02110627689
0.02110627732
0.02110627298
0.02110627343
0.02110627408
0.02110627487
0.02110627576
0.02110627666
0.0211062775
0.02110627818
0.02110627859
0.02110627447
0.0211062749
0.02110627552
0.02110627627
0.0211062771
0.02110627794
0.02110627872
0.02110627935
0.02110627973
0.02110627585
0.02110627626
0.02110627683
0.02110627754
0.02110627831
0.0211062791
0.02110627982
0.02110628039
0.02110628074
0.02110627711
0.02110627748
0.02110627802
0.02110627867
0.02110627939
0.02110628011
0.02110628076
0.02110628128
0.02110628159
0.02110627818
0.02110627853
0.02110627903
0.02110627963
0.02110628028
0.02110628093
0.02110628152
0.02110628198
0.02110628224
0.02110627893
0.02110627926
0.02110627972
0.02110628028
0.02110628088
0.02110628147
0.02110628199
0.0211062824
0.02110628262
1.979532027e-21
7.413678913e-21
1.653897702e-20
3.134090161e-20
5.532226978e-20
9.453966289e-20
1.595192186e-19
2.68463221e-19
4.529000377e-19
7.674595362e-19
1.306922235e-18
2.235912641e-18
3.840628307e-18
6.618751879e-18
1.143504104e-17
1.978955549e-17
3.428100021e-17
5.941392907e-17
1.030026227e-16
1.786092453e-16
3.097771796e-16
5.373819868e-16
9.323962829e-16
1.618055623e-15
2.808340228e-15
4.874764568e-15
8.462240941e-15
1.468986967e-14
2.549848481e-14
4.425119777e-14
7.676883337e-14
1.331103139e-13
2.306237949e-13
3.99155077e-13
6.898983e-13
1.190358625e-12
2.049501946e-12
3.519757612e-12
6.026675506e-12
1.028355797e-11
1.747852274e-11
2.957696914e-11
4.980577159e-11
8.342002669e-11
1.389031992e-10
2.298226881e-10
3.776624471e-10
6.16091888e-10
9.97318798e-10
1.601431489e-09
2.549987572e-09
4.02558902e-09
6.299837445e-09
9.772844341e-09
1.502824535e-08
2.291078305e-08
3.463401389e-08
5.192945554e-08
7.725233518e-08
1.14064401e-07
1.672212887e-07
2.435011493e-07
3.523232483e-07
5.06720927e-07
7.246534844e-07
1.030766233e-06
1.458737605e-06
2.054387449e-06
2.879760873e-06
4.018446467e-06
5.582432292e-06
7.720843719e-06
1.063093285e-05
1.457168259e-05
1.988032358e-05
2.699190787e-05
3.646181204e-05
4.899064289e-05
6.545049566e-05
8.691096602e-05
0.0001146628941
0.0001502320687
0.0001953813002
0.0002521022025
0.0003225870204
0.0004091798519
0.0005143066929
0.0006403860218
0.0007897241234
0.0009644016476
0.001166159581
0.00139629357
0.001655565187
0.001944137342
0.002261538694
0.002606658791
0.002977771679
0.003372580069
0.003788269867
0.004221974964
0.004671049102
0.005132748769
0.005604317858
0.006083058816
0.00656638914
0.007051883974
0.007537306006
0.008020624106
0.0085000223
0.008973900762
0.009440870509
0.009899743418
0.010349519
0.01078936918
0.01121862215
0.01163674599
0.01204333286
0.01243808378
0.01282079459
0.01319134349
0.01354967953
0.01389581241
0.01422980364
0.01455175868
0.01486182015
0.01516016191
0.01544698394
0.01572250797
0.01598697358
0.01624063495
0.01648375795
0.01671661766
0.01693949615
0.01715268061
0.01735646162
0.01755113172
0.01773698406
0.01791431126
0.0180834044
0.01824455211
0.01839803977
0.01854414881
0.01868315611
0.01881533346
0.01894094711
0.01906025736
0.01917351827
0.01928097733
0.01938287528
0.01947944596
0.01957091612
0.01965750538
0.01973942618
0.01981688374
0.0198900761
0.01995919416
0.02002442171
0.02008593558
0.02014390568
0.02019849519
0.02024986063
0.02029815207
0.02034351324
0.02038608173
0.02042598916
0.02046336133
0.02049831844
0.02053097527
0.02056144136
0.02058982117
0.02061621433
0.02064071579
0.02066341603
0.02068440124
0.02070375352
0.02072155109
0.02073786851
0.02075277686
0.02076634401
0.02077863488
0.02078971173
0.02079963445
0.02080846099
0.02081624776
0.02082305016
0.0208289231
0.02083392177
0.02083810228
0.02084152258
0.02084424335
0.02084632896
0.02084784849
0.0208488767
0.0208494949
0.02084979175
0.02084986368
0.02084981509
0.02084975799
0.02084981119
0.02085009871
0.02085074757
0.02085188477
0.0208536336
0.02085610929
0.02085941421
0.02086363291
0.02086882729
0.02087503228
0.02088225256
0.02089046048
0.02089959587
0.02090956766
0.02092025767
0.02093152673
0.02094322331
0.02095519604
0.02096727957
0.02097929117
0.02099105838
0.02100243071
0.02101328371
0.02102352063
0.02103307218
0.02104189466
0.02104996703
0.02105728712
0.02106386755
0.02106973172
0.02107490996
0.02107943562
0.02108334037
0.02108668202
0.02108954514
0.02109200084
0.02109410558
0.0210959067
0.02109744452
0.021098754
0.02109986577
0.02110080694
0.02110160156
0.02110227097
0.02110283405
0.02110330739
0.02110370545
0.02110404074
0.02110432396
0.0211045642
0.02110476915
0.02110494496
0.02110509671
0.02110522851
0.02110534372
0.02110544499
0.02110553447
0.02110561373
0.02110568404
0.02110574642
0.02110580178
0.02110585094
0.02110589465
0.02110593361
0.02110596841
0.02110599959
0.02110602758
0.02110605276
0.02110607544
0.02110609588
0.02110611432
0.02110613094
0.02110614591
0.02110615939
0.02110617151
0.02110618241
0.02110619218
0.02110620095
0.02110620881
0.02110621588
0.02110622223
0.02110622796
0.02110623313
0.02110623782
0.02110624207
0.02110624594
0.02110624948
0.02110625272
0.0211062557
0.02110625844
0.02110626097
0.02110626332
0.02110626549
0.02110626751
0.02110626939
0.02110627114
0.02110627276
0.02110627427
0.02110627566
0.02110627693
0.02110627801
0.02110627878
)
;

boundaryField
{
    outlet
    {
        type            inletOutlet;
        inletValue      uniform 0;
        value           nonuniform List<scalar> 10(0.02110627893 0.02110627926 0.02110627972 0.02110628028 0.02110628088 0.02110628147 0.02110628199 0.0211062824 0.02110628262 0.02110627878);
    }
    inlet
    {
        type            fixedValue;
        value           uniform 0;
    }
    front
    {
        type            wedge;
    }
    wall
    {
        type            zeroGradient;
    }
    back
    {
        type            wedge;
    }
}


// ************************************************************************* //
