/*--------------------------------*- C++ -*----------------------------------*\
| =========                 |                                                 |
| \\      /  F ield         | OpenFOAM: The Open Source CFD Toolbox           |
|  \\    /   O peration     | Version:  2212                                  |
|   \\  /    A nd           | Website:  www.openfoam.com                      |
|    \\/     M anipulation  |                                                 |
\*---------------------------------------------------------------------------*/
FoamFile
{
    version     2.0;
    format      ascii;
    arch        "LSB;label=32;scalar=64";
    class       volScalarField;
    location    "30.00000000";
    object      AC3H4_0;
}
// * * * * * * * * * * * * * * * * * * * * * * * * * * * * * * * * * * * * * //

dimensions      [0 0 0 0 0 0 0];

internalField   nonuniform List<scalar> 
3000
(
9.31083146e-22
1.045988603e-21
1.219376631e-21
1.450421906e-21
1.736761816e-21
2.070599918e-21
2.431806273e-21
2.776425588e-21
3.020083643e-21
3.495831704e-21
3.943081066e-21
4.617667077e-21
5.518551541e-21
6.64475992e-21
7.989945536e-21
9.530646762e-21
1.118924289e-20
1.265829213e-20
7.831073174e-21
8.902292967e-21
1.053341062e-20
1.274790141e-20
1.55852932e-20
1.908634193e-20
2.323680838e-20
2.780383349e-20
3.17064594e-20
1.491755265e-20
1.713564841e-20
2.056258611e-20
2.53139817e-20
3.155748754e-20
3.945075116e-20
4.89496381e-20
5.929404939e-20
6.764284093e-20
2.64927949e-20
3.080518418e-20
3.757273876e-20
4.713876578e-20
5.995231875e-20
7.637136825e-20
9.612053809e-20
1.170919645e-19
1.331908036e-19
4.556204772e-20
5.365587011e-20
6.65400434e-20
8.503654145e-20
1.101318177e-19
1.424577382e-19
1.81049916e-19
2.210434683e-19
2.506337243e-19
7.735870728e-20
9.222573608e-20
1.161674574e-19
1.509260325e-19
1.984365524e-19
2.596439086e-19
3.320172801e-19
4.055508565e-19
4.586088731e-19
1.309378046e-19
1.578416623e-19
2.015517428e-19
2.654992194e-19
3.532479513e-19
4.660595058e-19
5.982731521e-19
7.306445318e-19
8.245614643e-19
2.219997335e-19
2.701715892e-19
3.489382868e-19
4.647511158e-19
6.239434012e-19
8.280381746e-19
1.065504518e-18
1.300778858e-18
1.465865365e-18
3.77761719e-19
4.633408162e-19
6.039037836e-19
8.112272129e-19
1.09635451e-18
1.460917324e-18
1.88272163e-18
2.29757597e-18
2.586527163e-18
6.454702494e-19
7.966363425e-19
1.045686056e-18
1.413706085e-18
1.91975337e-18
2.565209492e-18
3.308845889e-18
4.036530233e-18
4.540983068e-18
1.107222676e-18
1.373153362e-18
1.812165451e-18
2.461530104e-18
3.353898839e-18
4.489519296e-18
5.793422664e-18
7.064927728e-18
7.944512409e-18
1.905821849e-18
2.372387615e-18
3.143633257e-18
4.284879181e-18
5.851659864e-18
7.840567297e-18
1.011611906e-17
1.232890275e-17
1.386539881e-17
3.289747069e-18
4.107051695e-18
5.459423986e-18
7.461061603e-18
1.020607695e-17
1.368002408e-17
1.76315465e-17
2.14466384e-17
2.41680332e-17
5.690982452e-18
7.121475945e-18
9.491088184e-18
1.300117042e-17
1.781521705e-17
2.389573802e-17
3.074534351e-17
3.704826641e-17
4.219075383e-17
9.858882823e-18
1.235997641e-17
1.650835024e-17
2.266423977e-17
3.11343888e-17
4.191731838e-17
5.434648233e-17
6.675482725e-17
7.454204336e-17
1.709087847e-17
2.145476767e-17
2.869670192e-17
3.944640767e-17
5.423294093e-17
7.302076264e-17
9.451860948e-17
1.15363095e-16
1.295199984e-16
2.96359079e-17
3.723559776e-17
4.984897114e-17
6.856807403e-17
9.429790241e-17
1.269418096e-16
1.642052227e-16
2.002475467e-16
2.249197497e-16
5.139606397e-17
6.461462225e-17
8.655472311e-17
1.191101237e-16
1.638400515e-16
2.205546769e-16
2.852520159e-16
3.47807253e-16
3.906570945e-16
8.914462079e-17
1.121206063e-16
1.502582402e-16
2.068448746e-16
2.845788141e-16
3.831137232e-16
4.954852675e-16
6.041114137e-16
6.785118056e-16
1.546406226e-16
1.945620085e-16
2.608315804e-16
3.591583397e-16
4.942190767e-16
6.65392962e-16
8.605629575e-16
1.04918647e-15
1.178357766e-15
2.683008054e-16
3.376516393e-16
4.527805964e-16
6.236020196e-16
8.582244919e-16
1.155540946e-15
1.494473153e-15
1.821972701e-15
2.046206768e-15
4.655759757e-16
5.86037616e-16
7.860216965e-16
1.082741028e-15
1.490251893e-15
2.00658405e-15
2.595082337e-15
3.163620847e-15
3.552839905e-15
8.080237576e-16
1.01724932e-15
1.364594054e-15
1.879928632e-15
2.587605983e-15
3.484115881e-15
4.505727442e-15
5.492492078e-15
6.167930617e-15
1.40253168e-15
1.765907094e-15
2.369138083e-15
3.264031453e-15
4.492743201e-15
6.048990119e-15
7.821963342e-15
9.534028596e-15
1.070568047e-14
2.434681378e-15
3.06573881e-15
4.113250843e-15
5.667003176e-15
7.799881852e-15
1.050055619e-14
1.357632745e-14
1.654544082e-14
1.857675653e-14
4.226629087e-15
5.322466189e-15
7.141218879e-15
9.838335514e-15
1.353960571e-14
1.822439221e-14
2.355749978e-14
2.870333847e-14
3.222242526e-14
7.337406974e-15
9.24008292e-15
1.2397264e-14
1.707771579e-14
2.349799355e-14
3.162001819e-14
4.086048905e-14
4.977092534e-14
5.586102237e-14
1.273652277e-14
1.603935462e-14
2.151821206e-14
2.963694019e-14
4.076710919e-14
5.483736225e-14
7.083208055e-14
8.624230917e-14
9.676645934e-14
2.210389268e-14
2.783516549e-14
3.733849532e-14
5.141247275e-14
7.069179586e-14
9.5040476e-14
1.226890008e-13
1.492961982e-13
1.674471418e-13
3.834685234e-14
4.828654449e-14
6.475904154e-14
8.913489162e-14
1.224918608e-13
1.645664012e-13
2.122733903e-13
2.581124078e-13
2.893365999e-13
6.6488791e-14
8.37128549e-14
1.122368612e-13
1.544032383e-13
2.120280522e-13
2.845927534e-13
3.667152719e-13
4.45462377e-13
4.989979215e-13
1.151911525e-13
1.450029325e-13
1.94327299e-13
2.671464987e-13
3.664903291e-13
4.913261507e-13
6.322615928e-13
7.670538908e-13
8.584616163e-13
1.993493202e-13
2.508651222e-13
3.359994395e-13
4.614767858e-13
6.322877729e-13
8.463597635e-13
1.087304074e-12
1.316998228e-12
1.472273687e-12
3.444985153e-13
4.333294391e-13
5.79914776e-13
7.955142591e-13
1.08821555e-12
1.453845691e-12
1.863833346e-12
2.253125937e-12
2.515283829e-12
5.942501332e-13
7.47003264e-13
9.986137044e-13
1.367739469e-12
1.867217665e-12
2.488661755e-12
3.182358184e-12
3.837910902e-12
4.277364218e-12
1.022764317e-12
1.284529309e-12
1.714749192e-12
2.343949898e-12
3.191970099e-12
4.242064013e-12
5.408016992e-12
6.503745198e-12
7.234398112e-12
1.755524107e-12
2.20219549e-12
2.934370306e-12
4.001227627e-12
5.432374586e-12
7.194730802e-12
9.139520129e-12
1.095560099e-11
1.21593858e-11
3.003672161e-12
3.76199128e-12
5.001117868e-12
6.798831195e-12
9.197280897e-12
1.213205298e-11
1.534815277e-11
1.833019994e-11
2.029387902e-11
5.120291415e-12
6.400014931e-12
8.483511159e-12
1.149110784e-11
1.547888259e-11
2.032358021e-11
2.559194787e-11
3.043933155e-11
3.360884726e-11
8.691819959e-12
1.083660728e-11
1.431391452e-11
1.930505862e-11
2.58769753e-11
3.379846184e-11
4.234113506e-11
5.013680896e-11
5.519643048e-11
1.468508601e-11
1.825174866e-11
2.400714047e-11
3.221598616e-11
4.294259377e-11
5.576257015e-11
6.946622899e-11
8.186496187e-11
8.985113942e-11
2.468133222e-11
3.056123195e-11
4.000013525e-11
5.336993614e-11
7.069777119e-11
9.122221298e-11
1.129612387e-10
1.324592664e-10
1.449227252e-10
4.124455016e-11
5.084642299e-11
6.617336222e-11
8.772306604e-11
1.154121084e-10
1.479059501e-10
1.820036775e-10
2.123210852e-10
2.3155563e-10
6.849441383e-11
8.401503011e-11
1.086414347e-10
1.429979003e-10
1.867500101e-10
2.376128138e-10
2.904933853e-10
3.371117874e-10
3.664750134e-10
1.129866184e-10
1.378048529e-10
1.769380615e-10
2.310977517e-10
2.99448287e-10
3.781660104e-10
4.592677716e-10
5.301811242e-10
5.745413579e-10
1.850487916e-10
2.242904481e-10
2.857722506e-10
3.701776212e-10
4.757470299e-10
5.962210989e-10
7.192675164e-10
8.26024538e-10
8.9238068e-10
3.00782705e-10
3.621187127e-10
4.576041162e-10
5.876483595e-10
7.488835535e-10
9.312736062e-10
1.116031454e-09
1.275175956e-09
1.373513569e-09
4.850291857e-10
5.797899356e-10
7.263865974e-10
9.244985327e-10
1.168078277e-09
1.441342271e-09
1.716042261e-09
1.951095111e-09
2.095564607e-09
7.757091248e-10
9.204247539e-10
1.142953549e-09
1.441465771e-09
1.805604036e-09
2.210983007e-09
2.615639144e-09
2.95981609e-09
3.170348762e-09
1.230113942e-09
1.448627199e-09
1.782718517e-09
2.227790824e-09
2.766751853e-09
3.362531585e-09
3.953477471e-09
4.453405765e-09
4.757923618e-09
1.933937953e-09
2.260287297e-09
2.756600994e-09
3.413562671e-09
4.203806565e-09
5.071800654e-09
5.927870912e-09
6.648658363e-09
7.086094941e-09
3.014145121e-09
3.496490198e-09
4.226448187e-09
5.187042702e-09
6.335553965e-09
7.589896324e-09
8.820831005e-09
9.852971007e-09
1.047739979e-08
4.657093332e-09
5.363004678e-09
6.426515351e-09
7.818703493e-09
9.474318208e-09
1.127345565e-08
1.303134799e-08
1.450012134e-08
1.538635039e-08
7.133632576e-09
8.157259743e-09
9.693272772e-09
1.169463178e-08
1.406346049e-08
1.662641754e-08
1.912122459e-08
2.119943776e-08
2.245061689e-08
1.083448383e-08
1.230625697e-08
1.450697654e-08
1.736272226e-08
2.072892276e-08
2.43572649e-08
2.787781007e-08
3.080307205e-08
3.256103637e-08
1.631905596e-08
1.841876261e-08
2.154881539e-08
2.559611842e-08
3.034993777e-08
3.545743706e-08
4.039978723e-08
4.44978686e-08
4.695710898e-08
2.438265229e-08
2.735703918e-08
3.177928293e-08
3.748002007e-08
4.415557737e-08
5.130819185e-08
5.82138961e-08
6.393018825e-08
6.735665528e-08
3.61484828e-08
4.033490665e-08
4.654511468e-08
5.452989191e-08
6.385596836e-08
7.382557613e-08
8.343304392e-08
9.137483409e-08
9.613124178e-08
5.319289774e-08
5.905102985e-08
6.772438876e-08
7.885155592e-08
9.181966989e-08
1.056560844e-07
1.189694895e-07
1.299627573e-07
1.365426335e-07
7.771469817e-08
8.586888404e-08
9.792211241e-08
1.133565968e-07
1.313119581e-07
1.50439244e-07
1.688208521e-07
1.839865038e-07
1.930599612e-07
1.127621771e-07
1.240577745e-07
1.407317501e-07
1.620499746e-07
1.868126986e-07
2.131577958e-07
2.384515002e-07
2.593075196e-07
2.71782654e-07
1.625345524e-07
1.781124732e-07
2.01081653e-07
2.304106909e-07
2.644369009e-07
3.006009292e-07
3.352971133e-07
3.638952061e-07
3.810004277e-07
2.327776242e-07
2.54172439e-07
2.85689054e-07
3.258903253e-07
3.724852365e-07
4.219706158e-07
4.694254227e-07
5.085334387e-07
5.31927796e-07
3.312965509e-07
3.605646565e-07
4.036472991e-07
4.585571933e-07
5.221548735e-07
5.89664517e-07
6.543899637e-07
7.077344694e-07
7.396551038e-07
4.686104189e-07
5.084956368e-07
5.671731724e-07
6.419148222e-07
7.284417272e-07
8.20269381e-07
9.083137769e-07
9.809000333e-07
1.024357871e-06
6.5877292e-07
7.129173637e-07
7.925398538e-07
8.939213036e-07
1.011261818e-06
1.135793878e-06
1.255233358e-06
1.353761199e-06
1.412796863e-06
9.203809142e-07
9.935886952e-07
1.101216451e-06
1.238229417e-06
1.396810118e-06
1.565157161e-06
1.726716549e-06
1.860108038e-06
1.940118166e-06
1.277787701e-06
1.376347352e-06
1.52122644e-06
1.705655715e-06
1.919159164e-06
2.145927687e-06
2.363739774e-06
2.543785431e-06
2.65192323e-06
1.762530084e-06
1.89459811e-06
2.088724868e-06
2.335869841e-06
2.62207691e-06
2.926276641e-06
3.218771414e-06
3.460884472e-06
3.606526386e-06
2.414967567e-06
2.591009658e-06
2.849777312e-06
3.179273401e-06
3.561014799e-06
3.967074141e-06
4.357963791e-06
4.682007305e-06
4.877260863e-06
3.286115753e-06
3.519393616e-06
3.862300508e-06
4.299009447e-06
4.805182962e-06
5.34401664e-06
5.863311916e-06
6.29443608e-06
6.554646014e-06
4.439629916e-06
4.74670998e-06
5.198091149e-06
5.773005441e-06
6.439587122e-06
7.149629602e-06
7.834594194e-06
8.403998381e-06
8.748194589e-06
5.953852935e-06
6.355098292e-06
6.944820132e-06
7.695899286e-06
8.566845955e-06
9.494934447e-06
1.039086098e-05
1.113638287e-05
1.158761444e-05
7.923781332e-06
8.443770714e-06
9.207803197e-06
1.01806285e-05
1.130853561e-05
1.251049497e-05
1.367116159e-05
1.463759327e-05
1.522313705e-05
1.046272915e-05
1.113052874e-05
1.211128443e-05
1.335938823e-05
1.480573222e-05
1.634647182e-05
1.783408857e-05
1.907305041e-05
1.982421019e-05
1.370339724e-05
1.455259733e-05
1.579890831e-05
1.738361303e-05
1.921838347e-05
2.117129275e-05
2.30557017e-05
2.462455667e-05
2.557563993e-05
1.779800592e-05
1.886642918e-05
2.043302767e-05
2.242263118e-05
2.472317862e-05
2.716865661e-05
2.95253729e-05
3.148527944e-05
3.267264405e-05
2.291713432e-05
2.424612764e-05
2.619250959e-05
2.866068087e-05
3.15096413e-05
3.453226369e-05
3.743959943e-05
3.985331732e-05
4.131370916e-05
2.92469399e-05
3.088018812e-05
3.326880617e-05
3.629202667e-05
3.977373273e-05
4.345867535e-05
4.699447506e-05
4.992354465e-05
5.169283573e-05
3.698453546e-05
3.896627324e-05
4.185956884e-05
4.551327428e-05
4.970990588e-05
5.413876304e-05
5.83761438e-05
6.187717996e-05
6.398764111e-05
4.633043699e-05
4.870300265e-05
5.216024143e-05
5.651500521e-05
6.150191393e-05
6.674771913e-05
7.175033739e-05
7.587117981e-05
7.83492975e-05
5.74797356e-05
6.028120985e-05
6.435487893e-05
6.947183702e-05
7.53124019e-05
8.143434618e-05
8.725152941e-05
9.202739247e-05
9.489165173e-05
7.061220139e-05
7.387367897e-05
7.860560364e-05
8.453171568e-05
9.127216003e-05
9.831044699e-05
0.0001049726149
0.0001104225906
0.0001136815185
8.588123582e-05
8.962411737e-05
9.504167728e-05
0.0001018052386
0.0001094698847
0.0001174412091
0.0001249560339
0.0001310803052
0.000134730991
0.000103402674
0.0001076362317
0.0001137490409
0.0001213558831
0.0001299433223
0.0001388374388
0.0001471871515
0.0001539652213
0.0001579924788
0.0001232443502
0.0001279638163
0.0001347612139
0.0001431919979
0.0001526725908
0.000162450356
0.0001715905083
0.0001789806524
0.0001833569292
0.0001454173494
0.0001506027422
0.0001580523777
0.0001672612922
0.0001775762996
0.0001881694289
0.0001980292762
0.0002059693125
0.0002106553839
0.0001698697721
0.0001754856079
0.0001835333083
0.0001934483568
0.0002045108381
0.0002158234513
0.0002263079538
0.00023471728
0.0002396637669
0.0001964836452
0.0002024796004
0.0002110505815
0.0002215754851
0.0002332729353
0.0002451847805
0.0002561780262
0.0002649605647
0.0002701093382
0.000225075342
0.0002313878418
0.0002403891984
0.0002514067957
0.0002636053388
0.000275976489
0.0002873464113
0.0002963947461
0.0003016819744
0.0002553995796
0.0002619541983
0.0002712784924
0.0002826553762
0.0002952051847
0.000307881803
0.0003194856836
0.0003286855349
0.0003340441958
0.0002871567683
0.0002938712616
0.0003034009351
0.0003149929757
0.000327734508
0.0003405552621
0.0003522456629
0.0003614805967
0.0003668431977
0.0003200032464
0.0003267909903
0.0003364032778
0.0003480616328
0.0003608322518
0.0003736349516
0.000385265714
0.0003944218205
0.0003997230883
0.0003535637709
0.0003603373602
0.000369909359
0.0003814865619
0.0003941271049
0.0004067551603
0.0004181871531
0.0004271574705
0.0004323368199
0.000387445559
0.0003941203241
0.0004035338829
0.0004148896163
0.0004272505034
0.0004395587967
0.0004506649589
0.0004593531466
0.0004643571921
0.0004212532059
0.0004277504116
0.0004368965186
0.000447902689
0.0004598489309
0.0004717083039
0.0004823781682
0.000490701437
0.0004954830935
0.0004546038944
0.0004608532061
0.0004696351786
0.0004801799068
0.0004915948979
0.0005028931216
0.0005130262033
0.0005209079618
0.0005254247735
0.0004871414287
0.0004930828158
0.0005014176057
0.0005114016776
0.000522180173
0.0005328172387
0.000542329028
0.0005497069389
0.0005539248576
0.000518531408
0.0005241114053
0.0005319260488
0.0005412660639
0.000551322853
0.0005612196416
0.0005700441417
0.0005768704306
0.0005807637832
0.0005484646807
0.0005536412703
0.0005608791677
0.0005695112036
0.0005787821293
0.0005878804528
0.0005959702738
0.0006022115139
0.0006057627674
0.000576676797
0.0005814196335
0.0005880405409
0.0005959200931
0.0006043617523
0.0006126236706
0.0006199492381
0.0006255855805
0.0006287848359
0.0006029525345
0.0006072425574
0.0006132218987
0.0006203229291
0.0006279114557
0.000635317858
0.0006418659925
0.0006468899656
0.0006497342303
0.0006271277707
0.000630956359
0.0006362839593
0.0006425972763
0.0006493264662
0.0006558750953
0.000661647154
0.0006660621692
0.0006685544842
0.0006490889904
0.0006524567944
0.0006571351962
0.0006626663811
0.0006685453883
0.0006742485124
0.0006792582728
0.0006830769681
0.0006852254592
0.0006687708176
0.0006716863918
0.0006757289249
0.0006804960025
0.0006855468155
0.0006904287358
0.0006947001777
0.0006979427138
0.0006997596297
0.0006861520144
0.0006886303679
0.0006920591229
0.0006960901546
0.0007003450267
0.0007044395837
0.0007080047028
0.0007106971049
0.0007121978893
0.0007012504105
0.0007033115678
0.0007061554041
0.0007094861438
0.000712985122
0.0007163333236
0.0007192300769
0.0007214026904
0.0007226051245
0.0007141172039
0.0007157848519
0.0007180775344
0.0007207492546
0.000723537909
0.0007261857719
0.0007284562226
0.0007301423296
0.0007310657676
0.0007248310256
0.0007261312957
0.0007279098277
0.0007299673876
0.0007320948062
0.0007340914643
0.0007357801671
0.0007370147888
0.0007376794979
0.000733492092
0.0007344525089
0.0007357556982
0.0007372458897
0.0007387629735
0.0007401590783
0.0007413117215
0.0007421306142
0.000742557223
0.0007402166934
0.0007408653016
0.0007417325726
0.0007427027574
0.0007436608214
0.0007445072358
0.0007451695367
0.0007456083775
0.000745817429
0.0007451321911
0.000745496856
0.000745967304
0.0007464643311
0.0007469139986
0.0007472607683
0.0007474776059
0.0007475713548
0.0007475829557
0.0007483726244
0.0007484804974
0.0007485921649
0.000748661547
0.0007486519104
0.0007485474861
0.0007483622468
0.0007481446651
0.0007479782207
0.0007500749745
0.0007499521021
0.0007497414525
0.000749426768
0.0007490047826
0.0007484954598
0.000747949567
0.0007474528712
0.0007471268947
0.0007503760818
0.0007500471379
0.0007495486968
0.0007488911838
0.0007481012578
0.000747230799
0.0007463633964
0.0007456180251
0.000745150008
0.0007494101851
0.0007488983045
0.0007481444365
0.0007471827437
0.0007460664883
0.0007448758952
0.0007437236546
0.0007427581256
0.0007421644588
0.0007473070272
0.0007466337196
0.0007456545157
0.0007444245762
0.0007430206804
0.0007415480782
0.0007401451056
0.0007389859483
0.0007382818836
0.0007441904595
0.0007433755843
0.0007421988295
0.0007407338277
0.0007390780287
0.0007373586439
0.0007357364623
0.0007344082049
0.0007336078474
0.000740177469
0.0007392392545
0.0007378904566
0.0007362208658
0.0007343459922
0.0007324121963
0.0007305997846
0.0007291249829
0.0007282413068
0.0007353775624
0.000734332658
0.0007328351208
0.0007309887901
0.0007289248545
0.0007268062542
0.0007248301259
0.0007232294228
0.0007222743037
0.0007298924413
0.0007287559897
0.0007271309138
0.0007251331874
0.0007229075133
0.0007206310724
0.0007185153821
0.0007168075883
0.0007157918487
0.0007238159034
0.0007226016265
0.000720868228
0.0007187420851
0.0007163794548
0.0007139696369
0.0007117363049
0.000709938493
0.0007088719548
0.0007172339225
0.0007159542138
0.0007141298527
0.0007118960579
0.0007094188715
0.0007068977938
0.0007045666405
0.0007026942476
0.0007015857904
0.0007102248601
0.0007088908798
0.0007069911908
0.0007046684492
0.0007020968884
0.0006994844801
0.0006970733652
0.0006951402996
0.0006939979209
0.000702859773
0.0007014815418
0.0006995205651
0.0006971256759
0.0006944778673
0.0006917920279
0.0006893169902
0.0006873357384
0.000686166615
0.0006952027861
0.0006937892768
0.0006917795845
0.0006893275905
0.000686619765
0.0006838765196
0.0006813519142
0.000679333647
0.0006781441954
0.0006873115065
0.000685870731
0.0006838235484
0.0006813278798
0.0006785745254
0.0006757881741
0.0006732268056
0.0006711814812
0.000669977417
0.0006792374608
0.0006777765521
0.0006757018724
0.0006731744824
0.00067038849
0.000667571751
0.0006649850002
0.0006629214631
0.0006617078579
0.0006710265392
0.000669551829
0.0006674585203
0.0006649100134
0.0006621028141
0.0006592669585
0.0006566649038
0.0006545909788
0.0006533723147
0.0006627194385
0.0006612365284
0.0006591324344
0.0006565721859
0.0006537538796
0.0006509088583
0.0006483003893
0.0006462229707
0.0006450031917
0.0006543520926
0.0006528659211
0.0006507579541
0.0006481942211
0.0006453736968
0.0006425282593
0.0006399211836
0.0006378463188
0.0006366288794
0.000645956088
0.0006444709918
0.0006423652187
0.0006398052438
0.0006369902909
0.0006341520961
0.0006315532392
0.0006294862066
0.000628274117
0.000637559058
0.0006360788287
0.0006339805512
0.0006314306576
0.0006286280696
0.0006258037883
0.0006232190857
0.000621164468
0.0006199603367
0.0006291850549
0.0006277129915
0.0006256268186
0.0006230924986
0.0006203081688
0.0006175035787
0.0006149381624
0.0006128999137
0.0006117059864
0.0006208548975
0.0006193938543
0.0006173237708
0.0006148097668
0.000612048776
0.0006092688496
0.0006067271272
0.0006047086356
0.0006035268318
0.0006125864951
0.0006111389257
0.0006090883536
0.0006065987329
0.0006038654311
0.0006011144167
0.0005986001444
0.0005966042896
0.0005954362359
0.0006043951459
0.000602963144
0.0006009349999
0.000598473223
0.0005957713038
0.0005930527994
0.0005905691495
0.0005885983556
0.0005874454164
0.000596293813
0.0005948791491
0.0005928758961
0.00059044488
0.0005877774487
0.0005850944704
0.0005826440928
0.0005807003768
0.0005795636826
0.0005882933758
0.0005868975315
0.0005849212269
0.0005825234023
0.0005798930389
0.0005772480831
0.0005748331618
0.000572918178
0.0005717986509
0.0005804028611
0.0005790270598
0.0005770793989
0.0005747167629
0.0005721255788
0.0005695206792
0.0005671429837
0.0005652580641
0.0005641564417
0.0005726296526
0.0005712748877
0.0005693572437
0.0005670314076
0.0005644810981
0.0005619178776
0.0005595788098
0.000557725001
0.0005566418571
0.0005649796813
0.0005636467422
0.0005617602022
0.000559472435
0.0005569643264
0.0005544440442
0.000552144681
0.0005503227776
0.0005492585422
0.0005574575978
0.000556147093
0.000554292491
0.0005520437593
0.0005495788522
0.0005471024467
0.0005448435788
0.0005430541538
0.0005420091301
0.000550066928
0.0005487793068
0.0005469572534
0.0005447482573
0.0005423272654
0.000539895393
0.0005376775597
0.0005359209915
0.0005348953722
0.0005428102134
0.0005415457844
0.0005397566943
0.0005375878998
0.0005352112853
0.0005328243555
0.0005306478764
0.0005289243741
0.0005279182552
0.0005356891366
0.0005344480859
0.0005326922019
0.0005305638702
0.0005282318758
0.0005258900827
0.0005237550861
0.0005220647114
0.0005210781053
0.0005287046348
0.0005274870411
0.0005257644565
0.0005236766709
0.0005213893483
0.000519092699
0.0005169991476
0.0005153418346
0.0005143746817
0.0005218570004
0.0005206628495
0.0005189735277
0.0005169262171
0.0005146834529
0.0005124317934
0.000510379507
0.0005087550806
0.0005078072593
0.0005151459714
0.0005139751688
0.0005123189614
0.0005103119217
0.0005081134607
0.0005059064984
0.0005038951747
0.0005023033663
0.0005013747021
0.0005085708119
0.0005074231941
0.0005057998567
0.0005038327703
0.0005016782358
0.0004995155602
0.0004975447932
0.0004959852548
0.000495075529
0.0005021303832
0.0005010057281
0.0004994149346
0.0004974873872
0.0004953762999
0.0004932574008
0.000491326697
0.000489799014
0.0004889079705
0.0004958232073
0.0004947212432
0.0004931625987
0.0004912740946
0.0004892058889
0.0004871301727
0.0004852389654
0.0004837426683
0.0004828700203
0.0004896475231
0.0004885679366
0.0004870409888
0.0004851909646
0.0004831650032
0.0004811318072
0.0004792794698
0.0004778140435
0.000476959479
0.0004836013355
0.0004825437791
0.000481048028
0.0004792358646
0.0004772514515
0.0004752600568
0.0004734459138
0.000472010807
0.0004711739939
0.000477682459
0.0004766465572
0.0004751814645
0.0004734064977
0.0004714628897
0.0004695125323
0.0004677358696
0.0004663305019
0.0004655110926
0.0004718885562
0.0004708739112
0.0004694389078
0.0004677004377
0.0004657968545
0.0004638867351
0.0004621468087
0.000460770578
0.0004599682129
0.0004662171709
0.0004652233675
0.0004638178607
0.0004621151599
0.0004602507927
0.0004583800858
0.0004566761293
0.0004553284175
0.0004545427286
0.0004606657574
0.0004596923674
0.0004583157468
0.0004566480677
0.0004548220873
0.0004529899483
0.00045132118
0.0004500013578
0.0004492319718
0.0004552317058
0.0004542782919
0.0004529299346
0.0004512965158
0.0004495080789
0.0004477136509
0.0004460792794
0.0004447867115
0.0004440332517
0.0004499123641
0.000448978483
0.0004476577584
0.0004460578298
0.0004443060853
0.0004425485049
0.000440947734
0.0004396817824
0.0004389438717
0.0004447050569
0.0004437902621
0.0004424965359
0.0004409293239
0.0004392134176
0.0004374918196
0.000435923853
0.0004346838804
0.0004339611425
0.0004396071016
0.0004387109464
0.0004374435838
0.0004359083149
0.000434227394
0.0004325409157
0.0004310049604
0.0004297903332
0.0004290823946
0.0004346158227
0.0004337378616
0.0004324962303
0.0004309921351
0.0004293453519
0.0004276931367
0.0004261884062
0.0004249984969
0.0004243049879
0.0004297285629
0.0004288683538
0.0004276518269
0.0004261781424
0.0004245646573
0.0004229458579
0.0004214715749
0.0004203057639
0.0004196263201
0.0004249426934
0.0004240997992
0.0004229077567
0.0004214637294
0.0004198827138
0.0004182964942
0.000416851893
0.0004157095703
0.0004150438333
0.0004202556222
0.0004194296117
0.0004182614427
0.0004168463304
0.0004152969686
0.000413742507
0.0004123268349
0.0004112074018
0.0004105550199
0.0004156648007
0.0004148552501
0.0004137103541
0.0004123234275
0.0004108049188
0.0004092814086
0.0004078939279
0.0004067967977
0.0004061574269
0.0004111677293
0.0004103742228
0.0004092520109
0.0004078925554
0.0004064041153
0.000404910767
0.000403550756
0.0004024753553
0.0004018486592
0.0004067619623
0.0004059840928
0.0004048839889
0.0004035513054
0.000402092167
0.0004006282093
0.0003992949631
0.0003982407323
0.000397626383
0.000402445111
0.000401682481
0.0004006039223
0.0003992973284
0.0003978667433
0.0003964314239
0.0003951242554
0.0003940906493
0.0003934883275
0.0003982148471
0.0003974670688
0.0003964095067
0.0003951283371
0.0003937255763
0.0003923181626
0.0003910364034
0.0003900228915
0.000389432287
0.0003940689048
0.0003933356006
0.0003922985009
0.0003910421086
0.0003896664629
0.0003882862426
0.000387029243
0.0003860353105
0.0003854561219
0.0003900050823
0.0003892858852
0.000388268729
0.000387036485
0.0003856872659
0.0003843335477
0.0003831006773
0.0003821258246
0.00038155776
0.0003860212438
0.0003853157976
0.0003843180812
0.0003831093755
0.0003817859151
0.0003804580291
0.0003792486772
0.000378292421
0.0003777351977
0.0003821153202
0.0003814232797
0.0003804445151
0.0003792587571
0.0003779604091
0.0003766577069
0.0003754712831
0.0003745331559
0.000373986501
0.0003782853107
0.000377606342
0.0003766460574
0.0003754826759
0.0003742088157
0.0003729306712
0.0003717666056
0.0003708461565
0.0003703098069
0.0003745292838
0.0003738630645
0.0003729208044
0.0003717792486
0.0003705292738
0.0003692750836
0.0003681328273
0.0003672296225
0.0003667033251
0.0003708453786
0.0003701915981
0.000369266924
0.0003681466635
0.000366919995
0.0003656891791
0.000364568205
0.0003636818281
0.0003631653402
0.0003672318069
0.0003665901668
0.0003656826575
0.0003645831835
0.0003633792656
0.0003621712684
0.0003610710718
0.0003602011248
0.0003596942146
0.000363686855
0.0003630570697
0.0003621663221
0.0003610871479
0.0003599054498
0.0003587197411
0.0003576398409
0.0003567859446
0.0003562883917
0.0003602088867
0.0003595906838
0.0003587163139
0.0003576569762
0.0003564969932
0.0003553330692
0.0003542730094
0.0003534348048
0.0003529464007
0.000356796347
0.000356189468
0.0003553311119
0.000354291172
0.000353152427
0.0003520098123
0.000350969163
0.0003501463128
0.0003496668618
0.0003534477661
0.0003528519677
0.0003520092826
0.0003509883284
0.0003498703734
0.000348748623
0.0003477269827
0.000346919172
0.0003464484924
0.0003501617653
0.0003495768199
0.0003487494862
0.0003477471334
0.0003466495524
0.0003455482534
0.0003445452508
0.0003437521897
0.000343290114
0.0003469370626
0.0003463627601
0.0003455504826
0.0003445663777
0.0003434887884
0.0003424075631
0.0003414228595
0.0003406442841
0.0003401906607
0.0003437724808
0.0003432086294
0.0003424111399
0.0003414449621
0.0003403870192
0.0003393255273
0.0003383588189
0.0003375944938
0.0003371491879
0.0003406669551
0.0003401133836
0.0003393304427
0.0003383819068
0.0003373433044
0.0003363012462
0.0003353522669
0.0003346019868
0.0003341648813
0.0003376195431
0.0003370761019
0.0003363075014
0.0003353763608
0.0003343568357
0.0003333339551
0.0003324024788
0.0003316660702
0.0003312370667
0.0003346294338
0.0003340959972
0.0003333415629
0.0003324276121
0.0003314269469
0.000330423034
0.0003295088768
0.0003287861999
0.0003283652195
0.0003316959587
0.0003311724264
0.0003304320202
0.0003295350979
0.000328553124
0.0003275680177
0.0003266710405
0.0003259619903
0.0003255489738
0.0003288186022
0.000328304901
0.0003275784233
0.0003266984151
0.0003257350148
0.0003247686054
0.0003238887151
0.0003231932222
0.0003227881305
0.0003259970111
0.0003254930967
0.0003247804885
0.0003239173291
0.0003229724384
0.0003220246688
0.0003211618194
0.0003204798502
0.0003200826643
0.0003232310045
0.0003227368625
0.0003220381072
0.0003211917821
0.0003202653918
0.000319336259
0.0003184904514
0.000317822008
0.0003174327277
0.0003205205814
0.0003200362283
0.0003193513527
0.0003185218993
0.0003176140555
0.0003167036101
0.0003158748921
0.0003152200105
0.0003148386535
0.0003178659258
0.0003173914093
0.0003167204841
0.0003159079919
0.0003150187963
0.0003141271414
0.0003133156051
0.0003126743532
0.0003123009536
0.0003152674112
0.0003148028101
0.0003141459485
0.0003133505571
0.0003124801639
0.000311607453
0.0003108132327
0.0003101857074
0.0003098203129
0.0003127255988
0.0003122710215
0.000311628378
0.000310850275
0.0003099988878
0.0003091453197
0.0003083685864
0.0003077549097
0.0003073975797
0.0003102412321
0.0003097968148
0.0003091685817
0.0003084079981
0.0003075758647
0.0003067416782
0.0003059826342
0.0003053829482
0.0003050337504
0.0003078152259
0.0003073811296
0.0003067675324
0.0003060247369
0.0003052121425
0.0003043976089
0.0003036564808
0.0003030709416
0.0003027299487
0.0003054486501
0.000305025056
0.0003044263476
0.0003037016388
0.000302908897
0.000302114311
0.0003013913418
0.0003008201136
0.0003004874
0.0003031427062
0.0003027298108
0.0003021462634
0.0003014399604
0.0003006674031
0.000299893073
0.0002991885125
0.000298631761
0.0002983073993
0.0003008986982
0.0003004967065
0.0002999286029
0.0002992410344
0.0002984889999
0.0002977352359
0.0002970493319
0.0002965072178
0.0002961912765
0.0002987179963
0.0002983271151
0.0002977747385
0.0002971062307
0.0002963750515
0.0002956421544
0.0002949751433
0.0002944478172
0.0002941403582
0.0002966019968
0.0002962224266
0.0002956860497
0.0002950369148
0.0002943269052
0.0002936151559
0.0002929672554
0.0002924548536
0.0002921559322
0.0002945520771
0.0002941840047
0.0002936638805
0.0002930344049
0.0002923458508
0.0002916555025
0.0002910269073
0.0002905295517
0.0002902392181
0.0002925695517
0.0002922131441
0.0002917094973
0.0002910999343
0.0002904330871
0.0002897643622
0.000289155245
0.0002886730474
0.0002883913517
0.0002906556324
0.0002903110329
0.0002898240563
0.0002892346232
0.0002885897009
0.0002879427965
0.0002873533179
0.0002868863917
0.0002866133933
0.0002888113981
0.000288478727
0.0002880085838
0.0002874394691
0.0002868166681
0.0002861917741
0.0002856221048
0.0002851705879
0.000284906372
0.0002870377819
0.000286717143
0.0002862639796
0.0002857153625
0.0002851148859
0.0002845122209
0.0002839625828
0.0002835266765
0.0002832713793
0.0002853355809
0.0002850270767
0.0002845910471
0.000284063133
0.000283485239
0.0002829051106
0.0002823758435
0.0002819558752
0.0002817097262
0.000283705495
0.0002834092494
0.0002829905518
0.0002824836249
0.000281928695
0.0002813715843
0.0002808632435
0.0002804597687
0.0002802231677
0.0002821481952
0.000281864382
0.000281463302
0.0002809777825
0.0002804463935
0.0002799130435
0.0002794265078
0.0002790404584
0.0002788140413
0.0002806644187
0.0002803932859
0.0002800102306
0.0002795467106
0.0002790396562
0.0002785310868
0.0002780673831
0.0002776996171
0.0002774839348
0.0002792550827
0.0002789969552
0.0002786324536
0.0002781916759
0.0002777097706
0.0002772266895
0.0002767863433
0.0002764369799
0.0002762320067
0.0002779213833
0.0002776765952
0.0002773310487
0.0002769134133
0.0002764569296
0.0002759992863
0.0002755821048
0.0002752510738
0.000275056814
0.0002766640331
0.0002764326615
0.0002761060666
0.0002757112887
0.0002752798385
0.0002748473516
0.0002744531782
0.0002741404645
0.0002739569783
0.0002754822211
0.0002752639652
0.0002749559264
0.0002745836507
0.0002741769407
0.0002737694501
0.0002733982706
0.0002731039728
0.0002729313789
0.0002743740529
0.0002741686857
0.0002738789413
0.0002735289593
0.0002731468801
0.0002727644047
0.0002724163526
0.0002721406574
0.0002719790829
0.0002733377975
0.0002731452131
0.0002728736666
0.0002725459449
0.0002721885557
0.0002718312495
0.0002715065457
0.0002712496912
0.0002710993351
0.0002723720673
0.0002721922595
0.0002719389361
0.0002716335533
0.000271300989
0.0002709690268
0.0002706678544
0.0002704299954
0.0002702909523
0.0002714757558
0.0002713087608
0.00027107372
0.0002707907531
0.0002704830918
0.0002701765291
0.0002698989025
0.0002696800129
0.0002695522438
0.0002706478364
0.0002704936579
0.0002702768862
0.0002700162816
0.0002697334038
0.0002694520397
0.0002691976879
0.0002689974787
0.000268880775
0.0002698870988
0.0002697456332
0.0002695469418
0.0002693083959
0.0002690498631
0.0002687931305
0.0002685614102
0.0002683792756
0.0002682732474
0.0002691918951
0.0002690628713
0.0002688818167
0.0002686646912
0.0002684296662
0.0002681965654
0.0002679864095
0.0002678213792
0.0002677253808
0.0002685599503
0.0002684428969
0.0002682787437
0.0002680820339
0.0002678692642
0.0002676583625
0.0002674682885
0.0002673190412
0.0002672322234
0.0002679882785
0.0002678825269
0.0002677342636
0.0002675566378
0.0002673645238
0.0002671740493
0.0002670022493
0.0002668671236
0.0002667883426
0.000267473216
0.000267377942
0.0002672443546
0.0002670842699
0.0002669110389
0.0002667391441
0.000266583852
0.0002664618038
0.0002663907905
0.0002670105565
0.0002669248553
0.0002668046444
0.0002666605132
0.0002665044223
0.0002663495446
0.0002662100132
0.0002661006167
0.0002660371387
0.0002665957698
0.0002665187613
0.0002664106909
0.0002662811208
0.000266141124
0.0002660026419
0.0002658782814
0.0002657810603
0.000265724765
0.000266224298
0.0002661552915
0.0002660586598
0.0002659431459
0.0002658186706
0.0002656959385
0.0002655860192
0.0002655002872
0.0002654507278
0.0002658930365
0.0002658318032
0.000265746208
0.0002656441617
0.0002655344924
0.0002654266168
0.000265330209
0.0002652551473
0.0002652118089
0.0002655998264
0.0002655460228
0.0002654709381
0.0002653815758
0.0002652857227
0.0002651916063
0.0002651076262
0.0002650423198
0.000265004643
0.0002653423227
0.0002652954558
0.0002652301235
0.000265152464
0.0002650692723
0.0002649876861
0.0002649149594
0.0002648584447
0.0002648258527
0.0002651177623
0.0002650772373
0.0002650207827
0.0002649537273
0.0002648819496
0.0002648116041
0.000264748929
0.0002647002403
0.000264672164
0.0002649231432
0.0002648883124
0.0002648398055
0.0002647822098
0.0002647205767
0.0002646601866
0.0002646063872
0.0002645645929
0.0002645404888
0.0002647553641
0.0002647255697
0.0002646840781
0.0002646348122
0.0002645820897
0.000264530424
0.000264484388
0.000264448616
0.0002644279792
0.0002646113551
0.000264585961
0.0002645505911
0.0002645085831
0.0002644636133
0.0002644195282
0.0002643802311
0.0002643496835
0.0002643320539
0.0002644881814
0.000264466595
0.0002644365188
0.0002644007825
0.0002643625072
0.0002643249646
0.0002642914817
0.0002642654413
0.0002642504067
0.0002643831158
0.0002643647998
0.0002643392693
0.0002643089178
0.0002642763897
0.000264244464
0.0002642159738
0.0002641938047
0.0002641809997
0.0002642936794
0.0002642781566
0.0002642565092
0.0002642307584
0.0002642031425
0.0002641760198
0.0002641518004
0.0002641329447
0.000264122049
0.0002642176583
0.0002642045114
0.0002641861682
0.0002641643344
0.000264140903
0.0002641178742
0.0002640972976
0.000264081269
0.0002640720025
0.0002641531023
0.0002641419705
0.0002641264313
0.0002641079236
0.0002640880481
0.0002640685007
0.0002640510232
0.0002640373996
0.0002640295171
0.0002640983119
0.0002640888859
0.0002640757217
0.0002640600331
0.0002640431739
0.0002640265815
0.0002640117354
0.0002640001553
0.000263993455
0.000264051818
0.0002640438343
0.0002640326792
0.0002640193773
0.0002640050732
0.0002639909852
0.0002639783722
0.0002639685327
0.0002639628389
0.0002640123597
0.0002640055945
0.0002639961376
0.000263984854
0.000263972712
0.000263960747
0.0002639500328
0.0002639416728
0.0002639368343
0.0002639788591
0.0002639731226
0.0002639651004
0.0002639555224
0.0002639452123
0.0002639350504
0.0002639259482
0.0002639188441
0.0002639147315
0.0002639503981
0.0002639455294
0.0002639387192
0.0002639305877
0.0002639218323
0.0002639132
0.0002639054652
0.0002638994265
0.0002638959291
0.0002639261968
0.0002639220644
0.0002639162831
0.0002639093782
0.0002639019412
0.0002638946062
0.0002638880317
0.0002638828968
0.0002638799218
0.0002639056063
0.0002639020982
0.000263897189
0.0002638913243
0.0002638850057
0.000263878772
0.000263873183
0.000263868817
0.0002638662869
0.0002638880745
0.0002638850956
0.0002638809263
0.0002638759444
0.000263870576
0.000263865279
0.0002638605297
0.0002638568199
0.0002638546695
0.0002638731345
0.000263870605
0.0002638670643
0.0002638628334
0.0002638582742
0.0002638537766
0.0002638497456
0.0002638465974
0.0002638447722
0.0002638603928
0.0002638582457
0.0002638552408
0.0002638516505
0.0002638477836
0.0002638439713
0.0002638405565
0.0002638378902
0.0002638363445
0.0002638495185
0.0002638476982
0.0002638451514
0.0002638421108
0.0002638388388
0.0002638356158
0.0002638327308
0.0002638304793
0.0002638291744
0.000263840234
0.0002638386946
0.0002638365424
0.0002638339755
0.000263831216
0.0002638285005
0.0002638260718
0.0002638241777
0.0002638230804
0.0002638323087
0.000263831012
0.0002638292007
0.0002638270426
0.0002638247252
0.0002638224471
0.0002638204113
0.0002638188246
0.0002638179054
0.0002638255489
0.0002638244622
0.0002638229456
0.0002638211405
0.0002638192042
0.0002638173024
0.0002638156039
0.0002638142799
0.0002638135123
0.0002638197904
0.0002638188854
0.0002638176233
0.0002638161224
0.0002638145136
0.000263812934
0.0002638115229
0.0002638104216
0.0002638097813
0.0002638148932
0.0002638141448
0.0002638131017
0.0002638118617
0.0002638105327
0.000263809227
0.0002638080585
0.0002638071435
0.0002638066092
0.0002638107366
0.0002638101225
0.0002638092665
0.0002638082487
0.0002638071565
0.0002638060811
0.000263805115
0.0002638043546
0.0002638039077
0.0002638072159
0.0002638067159
0.0002638060183
0.0002638051875
0.0002638042936
0.0002638034095
0.0002638026106
0.0002638019773
0.0002638016025
0.0002638042393
0.000263803835
0.00026380327
0.0002638025947
0.0002638018645
0.0002638011376
0.0002638004756
0.0002637999465
0.000263799631
0.0002638017262
0.0002638014011
0.0002638009451
0.0002638003973
0.0002637998008
0.0002637992019
0.0002637986515
0.0002637982077
0.0002637979409
0.0002637996052
0.0002637993445
0.0002637989771
0.0002637985325
0.0002637980439
0.0002637975487
0.000263797089
0.000263796715
0.0002637964885
0.000263797814
0.000263797605
0.0002637973084
0.0002637969464
0.0002637965447
0.0002637961331
0.0002637957472
0.0002637954305
0.0002637952372
0.0002637962985
0.0002637961303
0.00026379589
0.0002637955938
0.0002637952616
0.0002637949176
0.0002637945919
0.0002637943222
0.0002637941565
0.0002637950126
0.0002637948767
0.0002637946807
0.0002637944368
0.0002637941603
0.000263793871
0.0002637935944
0.0002637933637
0.0002637932211
0.0002637939179
0.0002637938072
0.0002637936463
0.000263793444
0.0002637932122
0.0002637929673
0.0002637927312
0.0002637925329
0.0002637924097
0.0002637929824
0.0002637928915
0.0002637927583
0.0002637925892
0.0002637923936
0.0002637921849
0.0002637919823
0.0002637918112
0.0002637917044
0.0002637921799
0.0002637921045
0.0002637919933
0.0002637918509
0.0002637916846
0.000263791506
0.0002637913314
0.0002637911833
0.0002637910905
0.0002637914886
0.0002637914257
0.000263791332
0.0002637912112
0.0002637910692
0.0002637909156
0.0002637907649
0.0002637906365
0.0002637905558
0.0002637908911
0.000263790838
0.0002637907587
0.0002637906557
0.000263790534
0.0002637904018
0.0002637902717
0.0002637901605
0.0002637900905
0.0002637903726
0.0002637903277
0.0002637902603
0.0002637901724
0.0002637900682
0.0002637899548
0.000263789843
0.0002637897476
0.0002637896875
0.0002637899216
0.0002637898835
0.0002637898263
0.0002637897517
0.0002637896631
0.0002637895668
0.0002637894723
0.0002637893923
0.0002637893431
0.0002637895284
0.0002637894964
0.0002637894484
0.0002637893857
0.0002637893115
0.0002637892316
0.0002637891542
0.0002637890908
0.0002637890559
0.0002637891854
0.000263789159
0.0002637891194
0.0002637890679
0.0002637890075
0.0002637889435
0.0002637888834
0.0002637888377
0.000263788814
0.0002637888864
0.0002637888652
0.0002637888335
0.0002637887928
0.0002637887459
0.0002637886976
0.0002637886548
0.0002637886263
0.0002637886102
0.000263788626
0.0002637886099
0.000263788586
0.0002637885559
0.0002637885223
0.0002637884898
0.0002637884649
0.0002637884486
0.000263788438
0.0002637884001
0.000263788389
0.0002637883728
0.0002637883532
0.0002637883328
0.0002637883159
0.0002637883066
0.0002637882988
0.000263788292
0.000263788205
0.000263788199
0.0002637881907
0.0002637881817
0.0002637881747
0.0002637881736
0.0002637881743
0.0002637881722
0.0002637881681
0.0002637880381
0.0002637880372
0.0002637880369
0.0002637880389
0.0002637880458
0.000263788056
0.0002637880632
0.0002637880649
0.0002637880627
0.000263787897
0.0002637879016
0.0002637879097
0.000263787923
0.0002637879413
0.0002637879584
0.0002637879697
0.0002637879737
0.0002637879729
0.0002637877806
0.000263787791
0.000263787808
0.0002637878315
0.0002637878563
0.0002637878772
0.0002637878907
0.0002637878962
0.0002637878962
0.0002637876885
0.0002637877055
0.0002637877301
0.0002637877589
0.0002637877869
0.0002637878095
0.0002637878239
0.0002637878301
0.0002637878307
0.0002637876217
0.0002637876424
0.0002637876704
0.0002637877012
0.0002637877301
0.0002637877529
0.0002637877673
0.0002637877737
0.0002637877746
0.0002637875739
0.0002637875957
0.0002637876243
0.0002637876552
0.0002637876834
0.0002637877054
0.0002637877193
0.0002637877255
0.0002637877266
0.0002637875395
0.000263787561
0.0002637875888
0.0002637876182
0.0002637876448
0.0002637876654
0.0002637876784
0.0002637876842
0.0002637876853
0.0002637875147
0.000263787535
0.000263787561
0.0002637875883
0.0002637876128
0.0002637876316
0.0002637876434
0.0002637876487
0.0002637876497
0.0002637874968
0.0002637875154
0.0002637875391
0.0002637875639
0.000263787586
0.0002637876028
0.0002637876133
0.000263787618
0.0002637876188
0.0002637874836
0.0002637875004
0.0002637875217
0.0002637875438
0.0002637875634
0.0002637875782
0.0002637875872
0.0002637875912
0.0002637875919
0.0002637874738
0.0002637874887
0.0002637875075
0.0002637875269
0.000263787544
0.0002637875568
0.0002637875645
0.0002637875677
0.0002637875682
0.0002637874663
0.0002637874793
0.0002637874957
0.0002637875126
0.0002637875272
0.0002637875381
0.0002637875444
0.0002637875469
0.0002637875471
0.0002637874603
0.0002637874715
0.0002637874856
0.0002637875
0.0002637875124
0.0002637875214
0.0002637875265
0.0002637875283
0.0002637875282
0.0002637874552
0.0002637874648
0.0002637874768
0.0002637874889
0.0002637874992
0.0002637875064
0.0002637875103
0.0002637875114
0.0002637875111
0.0002637874506
0.0002637874587
0.0002637874687
0.0002637874788
0.0002637874871
0.0002637874928
0.0002637874955
0.000263787496
0.0002637874954
0.0002637874463
0.000263787453
0.0002637874613
0.0002637874694
0.000263787476
0.0002637874803
0.000263787482
0.0002637874819
0.0002637874812
0.000263787442
0.0002637874475
0.0002637874542
0.0002637874607
0.0002637874658
0.0002637874688
0.0002637874698
0.0002637874692
0.0002637874684
0.0002637874377
0.0002637874422
0.0002637874475
0.0002637874526
0.0002637874565
0.0002637874586
0.000263787459
0.0002637874582
0.0002637874574
0.0002637874337
0.0002637874373
0.0002637874417
0.0002637874457
0.0002637874487
0.0002637874502
0.0002637874503
0.0002637874496
0.0002637874489
0.0002637874308
0.0002637874339
0.0002637874376
0.000263787441
0.0002637874435
0.0002637874447
0.0002637874449
0.0002637874445
0.000263787444
8.78093382e-22
3.288606016e-21
7.336459867e-21
1.39023797e-20
2.45401574e-20
4.193639032e-20
7.076029259e-20
1.190860822e-19
2.008991964e-19
3.404325024e-19
5.797290194e-19
9.918133927e-19
1.703638049e-18
2.935966694e-18
5.072391451e-18
8.778313861e-18
1.520647608e-17
2.63550229e-17
4.569023846e-17
7.922807164e-17
1.374119723e-16
2.383736539e-16
4.135953787e-16
7.17742373e-16
1.245732676e-15
2.16236388e-15
3.753708276e-15
6.516180016e-15
1.131070057e-14
1.96290898e-14
3.405336807e-14
5.904550471e-14
1.023008506e-13
1.770585023e-13
3.060273207e-13
5.280231247e-13
9.091246762e-13
1.561305372e-12
2.673331917e-12
4.56161303e-12
7.753177128e-12
1.311984051e-11
2.209298526e-11
3.700366957e-11
6.161497623e-11
1.019450679e-10
1.67523577e-10
2.732849281e-10
4.423856446e-10
7.103465285e-10
1.131075942e-09
1.785542377e-09
2.79415047e-09
4.334212051e-09
6.664229352e-09
1.015805435e-08
1.535213981e-08
2.301064266e-08
3.421462329e-08
5.048353333e-08
7.393956907e-08
1.075282098e-07
1.553111943e-07
2.228512548e-07
3.177109604e-07
4.500899431e-07
6.336246101e-07
8.863722267e-07
1.231996912e-06
1.701168144e-06
2.333172684e-06
3.177725828e-06
4.296943242e-06
5.767394482e-06
7.682100165e-06
1.015226109e-05
1.330843376e-05
1.73008132e-05
2.229826423e-05
2.848576591e-05
3.606004252e-05
4.522239372e-05
5.616979624e-05
6.908519039e-05
8.412644076e-05
0.0001014150243
0.0001210253608
0.0001429757258
0.0001672216003
0.0001936521294
0.0002220900991
0.0002522955368
0.0002839727481
0.000316780344
0.0003503436415
0.0003842687316
0.0004181575404
0.0004516233156
0.0004843048989
0.0005158648264
0.0005459885554
0.0005744060706
0.0006008967344
0.0006252913935
0.0006474720508
0.0006673694967
0.0006849593538
0.0007002570039
0.0007133118503
0.0007242013183
0.0007330249288
0.0007398987015
0.0007449500671
0.0007483133955
0.0007501261895
0.0007505259421
0.0007496476268
0.0007476217634
0.0007445729932
0.0007406190838
0.0007358702985
0.0007304290599
0.0007243898461
0.0007178392663
0.0007108562723
0.0007035124655
0.0006958724718
0.0006879943575
0.0006799300685
0.0006717258779
0.0006634228308
0.0006550571777
0.0006466607922
0.0006382615675
0.000629883791
0.0006215484938
0.0006132737762
0.0006050751084
0.0005969656073
0.0005889562907
0.0005810563085
0.0005732731542
0.0005656128563
0.0005580801519
0.0005506786431
0.0005434109383
0.0005362787791
0.0005292831539
0.0005224243997
0.000515702293
0.0005091161309
0.0005026648029
0.0004963468549
0.0004901605456
0.0004841038964
0.0004781747354
0.0004723707359
0.0004666894501
0.0004611283386
0.0004556847962
0.0004503561735
0.0004451397968
0.000440032984
0.0004350330587
0.0004301373623
0.0004253432637
0.000420648168
0.0004160495231
0.0004115448259
0.0004071316263
0.0004028075314
0.0003985702081
0.0003944173857
0.0003903468577
0.0003863564828
0.0003824441871
0.0003786079642
0.0003748458771
0.0003711560596
0.0003675367174
0.000363986131
0.0003605026579
0.0003570847364
0.0003537308899
0.0003504397318
0.0003472099723
0.0003440404251
0.0003409300161
0.0003378777924
0.0003348829319
0.000331944754
0.0003290627301
0.0003262364936
0.0003234658491
0.0003207507809
0.0003180914582
0.0003154882396
0.000312941672
0.0003104524853
0.0003080215825
0.0003056500233
0.0003033390017
0.0003010898172
0.0002989038391
0.000296782466
0.0002947270817
0.0002927390102
0.0002908194748
0.0002889695659
0.0002871902254
0.0002854822529
0.0002838463406
0.0002822831387
0.0002807933523
0.0002793778626
0.0002780378424
0.000276774116
0.0002755860726
0.0002744717907
0.0002734294823
0.000272457709
0.0002715553395
0.0002707213573
0.0002699545984
0.0002692534909
0.0002686158531
0.0002680387934
0.0002675187248
0.0002670514847
0.0002666325401
0.00026625728
0.0002659223337
0.0002656255928
0.0002653647819
0.0002651371904
0.0002649398448
0.0002647696512
0.0002646235308
0.0002644985294
0.0002643918939
0.0002643011167
0.0002642239554
0.0002641584326
0.000264102824
0.0002640556387
0.0002640155964
0.0002639816028
0.0002639527259
0.0002639281727
0.0002639072835
0.0002638894986
0.0002638743437
0.0002638614191
0.0002638503887
0.0002638409702
0.0002638329292
0.0002638260692
0.0002638202239
0.0002638152518
0.0002638110309
0.0002638074554
0.0002638044328
0.0002638018815
0.0002637997294
0.0002637979132
0.0002637963779
0.0002637950766
0.0002637939697
0.0002637930248
0.0002637922148
0.0002637915177
0.0002637909154
0.0002637903932
0.000263789939
0.000263789543
0.0002637891975
0.0002637888961
0.0002637886334
0.0002637884052
0.0002637882079
0.0002637880386
0.0002637878951
0.000263787776
0.0002637876811
0.0002637876119
0.0002637875632
0.0002637875289
0.0002637875046
0.0002637874875
0.0002637874752
0.0002637874664
0.0002637874598
0.0002637874546
0.0002637874503
0.0002637874465
0.0002637874428
0.0002637874391
0.0002637874354
0.0002637874318
0.0002637874291
)
;

boundaryField
{
    outlet
    {
        type            inletOutlet;
        inletValue      uniform 0;
        value           nonuniform List<scalar> 10(0.0002637874308 0.0002637874339 0.0002637874376 0.000263787441 0.0002637874435 0.0002637874447 0.0002637874449 0.0002637874445 0.000263787444 0.0002637874291);
    }
    inlet
    {
        type            fixedValue;
        value           uniform 0;
    }
    front
    {
        type            wedge;
    }
    wall
    {
        type            zeroGradient;
    }
    back
    {
        type            wedge;
    }
}


// ************************************************************************* //
