/*--------------------------------*- C++ -*----------------------------------*\
| =========                 |                                                 |
| \\      /  F ield         | OpenFOAM: The Open Source CFD Toolbox           |
|  \\    /   O peration     | Version:  2212                                  |
|   \\  /    A nd           | Website:  www.openfoam.com                      |
|    \\/     M anipulation  |                                                 |
\*---------------------------------------------------------------------------*/
FoamFile
{
    version     2.0;
    format      ascii;
    arch        "LSB;label=32;scalar=64";
    class       volScalarField;
    location    "30.00000000";
    object      C2H6_0;
}
// * * * * * * * * * * * * * * * * * * * * * * * * * * * * * * * * * * * * * //

dimensions      [0 0 0 0 0 0 0];

internalField   nonuniform List<scalar> 
3000
(
1.671017359e-22
1.877239635e-22
2.1884215e-22
2.603081968e-22
3.116981099e-22
3.716126647e-22
4.364390917e-22
4.982886114e-22
5.420184029e-22
6.273982717e-22
7.076667676e-22
8.287357855e-22
9.904191006e-22
1.192541915e-21
1.433965202e-21
1.71047812e-21
2.008149674e-21
2.271802622e-21
1.405447473e-21
1.597701176e-21
1.890440952e-21
2.287880204e-21
2.797113283e-21
3.425454642e-21
4.170348113e-21
4.990001186e-21
5.690412401e-21
2.677266886e-21
3.07535325e-21
3.69039349e-21
4.543137909e-21
5.663675689e-21
7.080299545e-21
8.785086584e-21
1.064161818e-20
1.213999001e-20
4.754696536e-21
5.528651954e-21
6.743242836e-21
8.460084125e-21
1.075976896e-20
1.370654226e-20
1.725097877e-20
2.101477253e-20
2.390406993e-20
8.177100822e-21
9.62972312e-21
1.194208511e-20
1.526171032e-20
1.976564231e-20
2.556728611e-20
3.249356266e-20
3.967135702e-20
4.498203895e-20
1.388374116e-20
1.65519775e-20
2.08488818e-20
2.708712808e-20
3.561401681e-20
4.65991347e-20
5.958826982e-20
7.27856421e-20
8.230818808e-20
2.349976688e-20
2.832830487e-20
3.617312293e-20
4.765003061e-20
6.339865193e-20
8.364540983e-20
1.073743532e-19
1.311316164e-19
1.479873e-19
3.984300213e-20
4.848860412e-20
6.262519341e-20
8.341061509e-20
1.119815437e-19
1.486113292e-19
1.912304702e-19
2.33456213e-19
2.630850359e-19
6.779824775e-20
8.31574995e-20
1.083849514e-19
1.455942076e-19
1.967672858e-19
2.621970312e-19
3.379001827e-19
4.123560016e-19
4.642154091e-19
1.158450403e-19
1.429754914e-19
1.876735634e-19
2.537237965e-19
3.445464466e-19
4.603894862e-19
5.938534303e-19
7.244543997e-19
8.149909609e-19
1.987177427e-19
2.464455211e-19
3.252370316e-19
4.417815489e-19
6.019392543e-19
8.057546333e-19
1.039772658e-18
1.26797603e-18
1.425839507e-18
3.420457757e-19
4.257824489e-19
5.642014877e-19
7.690263767e-19
1.050224306e-18
1.40718371e-18
1.815588801e-18
2.212728511e-18
2.488491455e-18
5.904247134e-19
7.371100503e-19
9.798265545e-19
1.339070038e-18
1.831731543e-18
2.45521843e-18
3.164417901e-18
3.849129927e-18
4.337553555e-18
1.021384399e-18
1.278121296e-18
1.703406108e-18
2.333376451e-18
3.197375519e-18
4.288674211e-18
5.517999927e-18
6.649207875e-18
7.572156824e-18
1.769414412e-18
2.218296091e-18
2.962822049e-18
4.06764521e-18
5.587817954e-18
7.523074702e-18
9.753790014e-18
1.198076833e-17
1.337836524e-17
3.067369749e-18
3.850574591e-18
5.150313648e-18
7.07960618e-18
9.733403556e-18
1.310532705e-17
1.696362906e-17
2.070467118e-17
2.324546225e-17
5.318876506e-18
6.682823328e-18
8.94659578e-18
1.230618739e-17
1.692402109e-17
2.27827513e-17
2.947056245e-17
3.593922074e-17
4.036723879e-17
9.224259012e-18
1.159664676e-17
1.553432456e-17
2.137717237e-17
2.940503094e-17
3.958383105e-17
5.119532123e-17
6.242236078e-17
7.01127945e-17
1.59991441e-17
2.012273677e-17
2.69674514e-17
3.712328226e-17
5.107450502e-17
6.875896175e-17
8.892673581e-17
1.084223089e-16
1.217752482e-16
2.775397513e-17
3.491882739e-17
4.681249496e-17
6.445959538e-17
8.869949131e-17
1.194207602e-16
1.544487086e-16
1.883017338e-16
2.114846294e-16
4.815302667e-17
6.059970125e-17
8.126236081e-17
1.119203727e-16
1.540290174e-16
2.073896053e-16
2.682191413e-16
3.269968125e-16
3.672410094e-16
8.355879916e-17
1.051785375e-16
1.410704903e-16
1.943239107e-16
2.67461537e-16
3.601297622e-16
4.657499357e-16
5.677878477e-16
6.376425707e-16
1.450192895e-16
1.82569849e-16
2.449092164e-16
3.373984024e-16
4.644081262e-16
6.253083935e-16
8.086611643e-16
9.857598165e-16
1.106983511e-15
2.517180364e-16
3.169344954e-16
4.251988073e-16
5.8580895e-16
8.063308316e-16
1.085636779e-15
1.403839476e-15
1.711110774e-15
1.92139189e-15
4.369621289e-16
5.502205659e-16
7.382217996e-16
1.017080034e-15
1.399876423e-15
1.884577404e-15
2.436598551e-15
2.969477374e-15
3.334045846e-15
7.585702537e-16
9.55244584e-16
1.281663508e-15
1.765725973e-15
2.430007952e-15
3.270805592e-15
4.227960045e-15
5.151504593e-15
5.783089378e-15
1.316874182e-15
1.658355153e-15
2.224987252e-15
3.065006923e-15
4.217280221e-15
5.674972939e-15
7.333397735e-15
8.932589889e-15
1.002560431e-14
2.285875399e-15
2.878648032e-15
3.861960807e-15
5.319061885e-15
7.316638475e-15
9.84188388e-15
1.271252087e-14
1.547825713e-14
1.736706906e-14
3.967075286e-15
4.995690071e-15
6.701291235e-15
9.227205068e-15
1.268734341e-14
1.705729984e-14
2.201949276e-14
2.679479444e-14
3.005241794e-14
6.882265166e-15
8.666182046e-15
1.162256793e-14
1.599740065e-14
2.198411127e-14
2.953539975e-14
3.809756667e-14
4.632448114e-14
5.192841361e-14
1.19330131e-14
1.502428574e-14
2.014360488e-14
2.771137569e-14
3.805353486e-14
5.107701623e-14
6.581587787e-14
7.994894038e-14
8.955718179e-14
2.067382357e-14
2.60242647e-14
3.487670891e-14
4.794586617e-14
6.577550652e-14
8.818029799e-14
1.134745537e-13
1.376662744e-13
1.540715898e-13
3.577803155e-14
4.502378157e-14
6.030318297e-14
8.282311147e-14
1.134792524e-13
1.518996212e-13
1.951428743e-13
2.363670161e-13
2.642349329e-13
6.182854693e-14
7.777139329e-14
1.040796585e-13
1.427741726e-13
1.95306461e-13
2.609275859e-13
3.345097339e-13
4.043776546e-13
4.514281951e-13
1.066524843e-13
1.340677085e-13
1.792252552e-13
2.454737539e-13
3.351171322e-13
4.466502243e-13
5.711507365e-13
6.888054424e-13
7.676759117e-13
1.835596667e-13
2.30539692e-13
3.077529999e-13
4.206782032e-13
5.728758287e-13
7.613404428e-13
9.705987529e-13
1.167253538e-12
1.298386779e-12
3.150710486e-13
3.952369741e-13
5.266433587e-13
7.181165692e-13
9.749703177e-13
1.291267533e-12
1.640306758e-12
1.966246153e-12
2.182294291e-12
5.390812709e-13
6.751798797e-13
8.975709543e-13
1.220213854e-12
1.650673344e-12
2.177388782e-12
2.754595239e-12
3.289795325e-12
3.642224763e-12
9.18959594e-13
1.148636765e-12
1.522570281e-12
2.062355845e-12
2.778057929e-12
3.647555422e-12
4.593090684e-12
5.463070241e-12
6.031916048e-12
1.559956537e-12
1.944890218e-12
2.568976641e-12
3.464757479e-12
4.644245945e-12
6.065947143e-12
7.599135202e-12
8.998256263e-12
9.906326958e-12
2.635592959e-12
3.27571637e-12
4.308659845e-12
5.781934563e-12
7.707082113e-12
1.000793492e-11
1.246738572e-11
1.469263616e-11
1.612594756e-11
4.429661672e-12
5.484951122e-12
7.178989273e-12
9.578521344e-12
1.268841755e-11
1.637202138e-11
2.027361127e-11
2.37730002e-11
2.600986694e-11
7.402334828e-12
9.125621882e-12
1.187640953e-11
1.574402138e-11
2.071348436e-11
2.654528322e-11
3.266493732e-11
3.810612223e-11
4.155822194e-11
1.229299306e-11
1.5078541e-11
1.949834087e-11
2.566443263e-11
3.351679641e-11
4.264534276e-11
5.213602443e-11
6.050280955e-11
6.577274137e-11
2.027823001e-11
2.473245917e-11
3.175585256e-11
4.147610509e-11
5.374323984e-11
6.787100925e-11
8.242664736e-11
9.515373167e-11
1.031152285e-10
3.321163098e-11
4.025449004e-11
5.128887231e-11
6.643742838e-11
8.538436342e-11
1.070062809e-10
1.290898574e-10
1.482499136e-10
1.601590823e-10
5.398316254e-11
6.499138391e-11
8.212851976e-11
1.054680392e-10
1.34405481e-10
1.671396259e-10
2.002987011e-10
2.288608554e-10
2.465098094e-10
8.70514101e-11
1.040585037e-10
1.303687564e-10
1.659245817e-10
2.096405847e-10
2.586840239e-10
3.079851167e-10
3.501706046e-10
3.760988827e-10
1.392229563e-10
1.651956494e-10
2.051336778e-10
2.58708548e-10
3.240612969e-10
3.968153834e-10
4.694395589e-10
5.312093596e-10
5.689938717e-10
2.207820344e-10
2.599994746e-10
3.199599026e-10
3.998380033e-10
4.965659506e-10
6.034906163e-10
7.095472576e-10
7.992687627e-10
8.539201536e-10
3.471132081e-10
4.05684408e-10
4.947591234e-10
6.126646602e-10
7.544890426e-10
9.102656242e-10
1.063900921e-09
1.193256765e-09
1.271760938e-09
5.410143158e-10
6.275827047e-10
7.585895854e-10
9.309865516e-10
1.137105156e-09
1.362212804e-09
1.583115968e-09
1.768341012e-09
1.880398429e-09
8.359575962e-10
9.626505254e-10
1.153519611e-09
1.403370323e-09
1.700488398e-09
2.023352956e-09
2.338805977e-09
2.60236934e-09
2.761395058e-09
1.280612218e-09
1.464327938e-09
1.73999571e-09
2.099164161e-09
2.524258599e-09
2.984164779e-09
3.431816136e-09
3.804695829e-09
4.029175719e-09
1.945232041e-09
2.209382326e-09
2.604343247e-09
3.116827678e-09
3.720868678e-09
4.37188915e-09
5.003504113e-09
5.528265408e-09
5.84359502e-09
2.930495161e-09
3.307356073e-09
3.869105638e-09
4.595401203e-09
5.448375333e-09
6.364673643e-09
7.251194277e-09
7.98614376e-09
8.427106791e-09
4.379721134e-09
4.913601552e-09
5.707277229e-09
6.730256162e-09
7.92793541e-09
9.210909364e-09
1.044926601e-08
1.147403918e-08
1.208814056e-08
6.495684704e-09
7.24719285e-09
8.361822527e-09
9.794648815e-09
1.14676969e-08
1.325558077e-08
1.497784194e-08
1.640091116e-08
1.725286276e-08
9.563653977e-09
1.06154352e-08
1.217233751e-08
1.416910098e-08
1.649529883e-08
1.897604832e-08
2.136170767e-08
2.333048249e-08
2.450824365e-08
1.398279774e-08
1.54472353e-08
1.761128803e-08
2.038126085e-08
2.360189541e-08
2.703048074e-08
3.032297793e-08
3.303739661e-08
3.466030497e-08
2.030872061e-08
2.233824187e-08
2.53329626e-08
2.915969214e-08
3.360154455e-08
3.832319946e-08
4.285214845e-08
4.658296094e-08
4.881266404e-08
2.931058366e-08
3.211142918e-08
3.62391528e-08
4.150606592e-08
4.761096172e-08
5.409245754e-08
6.03035543e-08
6.541692797e-08
6.847209556e-08
4.204713292e-08
4.589776318e-08
5.156666748e-08
5.879142467e-08
6.715592666e-08
7.602762536e-08
8.452292179e-08
9.151361712e-08
9.568978373e-08
5.996698889e-08
6.524264937e-08
7.300286105e-08
8.288331394e-08
9.43119284e-08
1.064243143e-07
1.180165245e-07
1.275527409e-07
1.33249157e-07
8.503930915e-08
9.224458727e-08
1.028361088e-07
1.163114669e-07
1.318877358e-07
1.483873042e-07
1.64173067e-07
1.771572099e-07
1.84913316e-07
1.199211532e-07
1.297326946e-07
1.441484514e-07
1.624800668e-07
1.836609476e-07
2.060916024e-07
2.275500738e-07
2.452010947e-07
2.557461825e-07
1.681675791e-07
1.814893781e-07
2.010570603e-07
2.259337522e-07
2.546734277e-07
2.85110535e-07
3.142349271e-07
3.381992251e-07
3.52519841e-07
2.344893388e-07
2.52522928e-07
2.790091661e-07
3.126818582e-07
3.515909548e-07
3.928151345e-07
4.322849663e-07
4.647832509e-07
4.842133873e-07
3.250606195e-07
3.493918917e-07
3.851313295e-07
4.305803363e-07
4.831246464e-07
5.388401121e-07
5.922395417e-07
6.362550229e-07
6.625930398e-07
4.47875521e-07
4.80578568e-07
5.28628193e-07
5.897632717e-07
6.605016506e-07
7.355982694e-07
8.076793968e-07
8.671864484e-07
9.028386173e-07
6.131466444e-07
6.569027822e-07
7.212182626e-07
8.031062493e-07
8.979600844e-07
9.988089617e-07
1.095788e-06
1.176009484e-06
1.224152477e-06
8.337322151e-07
8.919592144e-07
9.775849462e-07
1.086692591e-06
1.213229654e-06
1.347990144e-06
1.47785089e-06
1.585519287e-06
1.650264812e-06
1.125569291e-06
1.202551737e-06
1.315809941e-06
1.460240874e-06
1.627945581e-06
1.806849548e-06
1.979616927e-06
2.123205543e-06
2.209747276e-06
1.508079614e-06
1.609086323e-06
1.757742992e-06
1.947437916e-06
2.167928605e-06
2.403496349e-06
2.631434302e-06
2.821326386e-06
2.936068022e-06
2.004501783e-06
2.135870721e-06
2.329248119e-06
2.576106936e-06
2.863248436e-06
3.170375846e-06
3.468046964e-06
3.71658577e-06
3.867148583e-06
2.642090321e-06
2.811256705e-06
3.060255674e-06
3.378132591e-06
3.747983141e-06
4.14382866e-06
4.527923851e-06
4.84911312e-06
5.043982053e-06
3.452112076e-06
3.667553356e-06
3.984546633e-06
4.389069664e-06
4.859608761e-06
5.363220699e-06
5.85197117e-06
6.260807205e-06
6.509029644e-06
4.469566882e-06
4.740640166e-06
5.139204263e-06
5.647377622e-06
6.237966298e-06
6.869428268e-06
7.481671592e-06
7.99345749e-06
8.304065314e-06
5.73256845e-06
6.069220637e-06
6.563686625e-06
7.193218004e-06
7.923516658e-06
8.702861459e-06
9.457077767e-06
1.008655745e-05
1.046824546e-05
7.28133124e-06
7.693635603e-06
8.298247958e-06
9.066396861e-06
9.955281661e-06
1.090129854e-05
1.181433772e-05
1.257454485e-05
1.303473806e-05
9.156313275e-06
9.653761706e-06
1.038180562e-05
1.130436353e-05
1.236862155e-05
1.349743926e-05
1.458315628e-05
1.548429419e-05
1.602852349e-05
1.139607092e-05
1.198695994e-05
1.284979591e-05
1.393983855e-05
1.519275527e-05
1.651638263e-05
1.778429042e-05
1.883267048e-05
1.946396512e-05
1.403496085e-05
1.472566411e-05
1.573169024e-05
1.699830735e-05
1.844827855e-05
1.997323496e-05
2.142730282e-05
2.262444768e-05
2.3342847e-05
1.710054433e-05
1.789479899e-05
1.904845598e-05
2.04955774e-05
2.214488311e-05
2.387105711e-05
2.550877906e-05
2.68507871e-05
2.765302951e-05
2.061096926e-05
2.150924706e-05
2.281016828e-05
2.443560804e-05
2.627947929e-05
2.819933965e-05
3.001117679e-05
3.148842041e-05
3.236784601e-05
2.457255296e-05
2.557158475e-05
2.701398614e-05
2.880881337e-05
3.083490133e-05
3.29331568e-05
3.490242535e-05
3.649962564e-05
3.744630895e-05
2.897779099e-05
3.007030289e-05
3.164268971e-05
3.359100925e-05
3.577933214e-05
3.803309639e-05
4.013633318e-05
4.183302156e-05
4.283413803e-05
3.380399691e-05
3.497869895e-05
3.666393919e-05
3.874312863e-05
4.106652827e-05
4.344599888e-05
4.565378957e-05
4.742513384e-05
4.846560656e-05
3.901273573e-05
4.025458126e-05
4.203036233e-05
4.421176997e-05
4.663686137e-05
4.910646837e-05
5.138465442e-05
5.320246312e-05
5.426527482e-05
4.455015525e-05
4.584086426e-05
4.768051398e-05
4.993057991e-05
5.241913518e-05
5.493909145e-05
5.725033127e-05
5.908445178e-05
6.015184336e-05
5.034824879e-05
5.166706354e-05
5.354068187e-05
5.582240347e-05
5.833306529e-05
6.086118552e-05
6.316667932e-05
6.498637841e-05
6.604055785e-05
5.632700776e-05
5.765162684e-05
5.952744571e-05
6.180207773e-05
6.429227163e-05
6.678592226e-05
6.904718932e-05
7.082253284e-05
7.184644489e-05
6.239734867e-05
6.370496919e-05
6.555083731e-05
6.77796968e-05
7.020759622e-05
7.262562913e-05
7.480620511e-05
7.650932767e-05
7.748733686e-05
6.846463449e-05
6.973302332e-05
7.151790391e-05
7.366414646e-05
7.599054989e-05
7.829508976e-05
8.036203852e-05
8.196823982e-05
8.288675227e-05
7.443256255e-05
7.564107857e-05
7.733645451e-05
7.936670432e-05
8.155671171e-05
8.371471843e-05
8.56399932e-05
8.712879027e-05
8.79767166e-05
8.020717411e-05
8.133767861e-05
8.291878135e-05
8.480454051e-05
8.68290499e-05
8.881372554e-05
9.057510201e-05
9.193075674e-05
9.270003465e-05
8.570078828e-05
8.673848413e-05
8.818544165e-05
8.990428801e-05
9.174104758e-05
9.353285459e-05
9.511546303e-05
9.632817717e-05
9.70139713e-05
9.083619182e-05
9.177012945e-05
9.306868807e-05
9.460547612e-05
9.624040969e-05
9.782763807e-05
9.922283281e-05
0.0001002872885
0.0001008872195
9.555145626e-05
9.637510256e-05
9.751700464e-05
9.886321705e-05
0.0001002889076
0.0001016661819
0.0001028708708
0.0001037858984
0.0001042998644
9.980075102e-05
0.000100511154
0.0001014930807
0.0001026460235
0.0001038611853
0.0001050289527
0.0001060450391
0.000106813159
0.0001072430645
0.0001035528972
0.0001041503952
0.0001049735423
0.0001059357714
0.0001069445583
0.0001079083609
0.0001087420392
0.000109368891
0.0001097183137
0.0001067912893
0.0001072791018
0.0001079485824
0.0001087271422
0.0001095382813
0.0001103078683
0.0001109688082
0.0001114625109
0.0001117363374
0.0001095131498
0.0001098968689
0.0001104209855
0.0001110265182
0.000111652333
0.0001122406912
0.0001127411737
0.000113111666
0.0001133157246
0.0001117281575
0.0001120151844
0.0001124046386
0.0001128504403
0.0001133058422
0.0001137282193
0.0001140822887
0.0001143406946
0.0001144814074
0.0001134565996
0.0001136555754
0.0001139226798
0.0001142237766
0.0001145252974
0.0001147982851
0.0001150209672
0.000115179022
0.0001152630951
0.0001147272409
0.0001148475116
0.0001150054584
0.0001151777617
0.0001153426838
0.0001154834071
0.0001155900303
0.0001156595899
0.0001156937512
0.0001155750948
0.0001156262421
0.0001156884672
0.0001157480483
0.0001157936691
0.000115819112
0.0001158247522
0.000115817397
0.0001158081873
0.0001160392612
0.000116030716
0.0001160103809
0.0001159728877
0.0001159159367
0.0001158424163
0.0001157614699
0.0001156882054
0.0001156418221
0.0001161609566
0.0001161017034
0.0001160113018
0.000115891522
0.0001157477315
0.000115590518
0.0001154364004
0.0001153074487
0.0001152296382
0.0001159818207
0.0001158801897
0.0001157312752
0.0001155428387
0.0001153266577
0.000115099728
0.0001148846824
0.0001147093541
0.0001146053466
0.0001155425427
0.0001154060812
0.0001152091022
0.0001149643064
0.0001146887392
0.0001144046436
0.0001141396444
0.0001139262773
0.0001138007575
0.0001148818164
0.0001147172279
0.0001144814523
0.0001141911885
0.0001138677343
0.000113537556
0.0001132322867
0.0001129882369
0.0001128453417
0.0001140356072
0.0001138487426
0.0001135822531
0.0001132560111
0.0001128946815
0.0001125280649
0.0001121909513
0.0001119226239
0.0001117659605
0.0001130366949
0.0001128325821
0.0001125423228
0.0001121882527
0.0001117976445
0.0001114028724
0.0001110411556
0.0001107540615
0.0001105867396
0.0001119144474
0.0001116973482
0.0001113892045
0.0001110142156
0.0001106016194
0.0001101857215
0.0001098055543
0.0001095043844
0.0001093290571
0.0001106947781
0.0001104682594
0.0001101471594
0.00010975704
0.0001093285696
0.0001088974481
0.0001085040044
0.0001081927113
0.0001080116199
0.0001094002408
0.0001091672541
0.0001088372779
0.0001084368251
0.0001079975531
0.0001075561128
0.0001071537013
0.0001068355845
0.0001066506052
0.0001080502201
0.0001078131812
0.0001074776712
0.0001070708193
0.0001066249126
0.0001061771904
0.0001057693656
0.0001054471544
0.0001052598437
0.0001066611814
0.000106422047
0.0001060837133
0.0001056736569
0.0001052245054
0.0001047737931
0.0001043634603
0.0001040393915
0.0001038510291
0.0001052469545
0.0001050072933
0.0001046683109
0.0001042576183
0.0001038079529
0.0001033569082
0.0001029464197
0.0001026223097
0.0001024339375
0.000103819029
0.0001035800848
0.000103242181
0.0001028328953
0.0001023848933
0.0001019356407
0.0001015268816
0.0001012041899
0.0001010166478
0.0001023868445
0.0001021495924
0.0001018141231
0.0001014078512
0.0001009632288
0.000100517447
0.0001001119109
9.979179722e-05
9.960575462e-05
0.0001009580676
0.0001007232619
0.0001003912773
9.998926632e-05
9.954935854e-05
9.910835658e-05
9.870721138e-05
9.8390585e-05
9.820656806e-05
9.95388466e-05
9.930706136e-05
9.897936202e-05
9.858256454e-05
9.814839332e-05
9.771317581e-05
9.731731987e-05
9.700488201e-05
9.682329767e-05
9.813404287e-05
9.790570614e-05
9.758288995e-05
9.719201858e-05
9.676435018e-05
9.633567206e-05
9.594578209e-05
9.563806224e-05
9.545921861e-05
9.674743554e-05
9.652285773e-05
9.620535884e-05
9.582093205e-05
9.540032505e-05
9.497873779e-05
9.459530916e-05
9.429269581e-05
9.41168196e-05
9.538190131e-05
9.516129851e-05
9.48494196e-05
9.447179946e-05
9.405864463e-05
9.364453469e-05
9.326791521e-05
9.297068171e-05
9.279793288e-05
9.403956993e-05
9.382308305e-05
9.351702171e-05
9.314644494e-05
9.274099814e-05
9.233461893e-05
9.196503697e-05
9.167336315e-05
9.150384733e-05
9.272195747e-05
9.250966775e-05
9.220953807e-05
9.184614148e-05
9.144855073e-05
9.10500489e-05
9.068763669e-05
9.040162693e-05
9.02354058e-05
9.143007948e-05
9.122202114e-05
9.092787121e-05
9.057171249e-05
9.018204008e-05
8.979147718e-05
8.943629015e-05
8.915598831e-05
8.899308817e-05
9.016454654e-05
8.996071694e-05
8.967254304e-05
8.93236176e-05
8.894185819e-05
8.855922844e-05
8.821126099e-05
8.793666282e-05
8.777708181e-05
8.892564414e-05
8.872601203e-05
8.844377013e-05
8.810202474e-05
8.772812007e-05
8.735336484e-05
8.701256344e-05
8.674362674e-05
8.658734075e-05
8.771339934e-05
8.751791143e-05
8.724152641e-05
8.690687032e-05
8.654072113e-05
8.617374078e-05
8.58400146e-05
8.557666761e-05
8.542363516e-05
8.652763586e-05
8.633622215e-05
8.606559526e-05
8.573790908e-05
8.537938481e-05
8.502004833e-05
8.469327792e-05
8.443542617e-05
8.428559242e-05
8.536801952e-05
8.518059755e-05
8.491561235e-05
8.459475531e-05
8.424370191e-05
8.389185469e-05
8.357189907e-05
8.3319431e-05
8.317273101e-05
8.423409548e-05
8.40505737e-05
8.379110094e-05
8.347691659e-05
8.313316285e-05
8.2788633e-05
8.247533542e-05
8.22281269e-05
8.208448835e-05
8.31253186e-05
8.294559914e-05
8.269150051e-05
8.238382143e-05
8.204718405e-05
8.17097875e-05
8.140298006e-05
8.11608981e-05
8.102024343e-05
8.204107812e-05
8.186505889e-05
8.161619013e-05
8.131484162e-05
8.098512929e-05
8.065467389e-05
8.035418129e-05
8.0117087e-05
7.997933515e-05
8.098071752e-05
8.080829399e-05
8.05645073e-05
8.026931036e-05
7.994632698e-05
7.962261577e-05
7.932825831e-05
7.909600931e-05
7.896107716e-05
7.994355051e-05
7.977461703e-05
7.953576305e-05
7.92465367e-05
7.893008402e-05
7.861291784e-05
7.832451382e-05
7.809696612e-05
7.796476962e-05
7.892887379e-05
7.87633247e-05
7.852925398e-05
7.824581715e-05
7.793569678e-05
7.762487634e-05
7.734224395e-05
7.71192535e-05
7.698970851e-05
7.793597712e-05
7.777370754e-05
7.754427179e-05
7.726644476e-05
7.696245979e-05
7.66577873e-05
7.638074611e-05
7.616216994e-05
7.6035193e-05
7.696415123e-05
7.680505777e-05
7.658011071e-05
7.630771627e-05
7.600967252e-05
7.571095295e-05
7.543932507e-05
7.522502227e-05
7.51005311e-05
7.601269399e-05
7.585667519e-05
7.563607336e-05
7.536893762e-05
7.507664461e-05
7.478368666e-05
7.451729763e-05
7.430713003e-05
7.418504396e-05
7.508091509e-05
7.492787185e-05
7.471147506e-05
7.444942817e-05
7.416269983e-05
7.387531666e-05
7.361399613e-05
7.340782883e-05
7.328806912e-05
7.416813962e-05
7.401797544e-05
7.380564722e-05
7.354852382e-05
7.326717903e-05
7.298518881e-05
7.272877101e-05
7.252647279e-05
7.240896287e-05
7.327371063e-05
7.312633184e-05
7.291793969e-05
7.266557927e-05
7.238944226e-05
7.211266852e-05
7.186099265e-05
7.166243622e-05
7.154710183e-05
7.239699106e-05
7.22523069e-05
7.204772253e-05
7.179996965e-05
7.15288702e-05
7.125714215e-05
7.101005258e-05
7.081511481e-05
7.070188411e-05
7.153736489e-05
7.139528767e-05
7.119438705e-05
7.09510915e-05
7.068486516e-05
7.041801779e-05
7.017536423e-05
6.99839262e-05
6.987272986e-05
7.069423799e-05
7.055468308e-05
7.035734655e-05
7.011836342e-05
6.985685157e-05
6.959472575e-05
6.935636327e-05
6.916831038e-05
6.905908159e-05
6.98670385e-05
6.972992435e-05
6.953603661e-05
6.930122628e-05
6.904427612e-05
6.878671863e-05
6.855250772e-05
6.836772966e-05
6.826040413e-05
6.905521689e-05
6.8920465e-05
6.872991511e-05
6.849914326e-05
6.824660781e-05
6.799347126e-05
6.776327777e-05
6.758166851e-05
6.747618444e-05
6.825824584e-05
6.812578077e-05
6.793846206e-05
6.771159957e-05
6.746333758e-05
6.721448037e-05
6.698817544e-05
6.680963316e-05
6.670593123e-05
6.747561996e-05
6.734536922e-05
6.716117925e-05
6.693810213e-05
6.669397797e-05
6.644926417e-05
6.622672413e-05
6.605115111e-05
6.594917443e-05
6.67068553e-05
6.657874931e-05
6.639758977e-05
6.617817902e-05
6.593806256e-05
6.569736178e-05
6.547846803e-05
6.53057706e-05
6.520546462e-05
6.595148882e-05
6.582546083e-05
6.564723741e-05
6.543137893e-05
6.519514541e-05
6.495833264e-05
6.474297151e-05
6.45730599e-05
6.447437239e-05
6.520907775e-05
6.50850638e-05
6.49096861e-05
6.46972705e-05
6.446480035e-05
6.423175583e-05
6.401981842e-05
6.385260668e-05
6.375548759e-05
6.447919898e-05
6.435713774e-05
6.418451914e-05
6.397544165e-05
6.374662032e-05
6.351722935e-05
6.330861141e-05
6.314401724e-05
6.304841869e-05
6.376144829e-05
6.364128104e-05
6.347133857e-05
6.326549883e-05
6.304021666e-05
6.281436942e-05
6.260897115e-05
6.24469158e-05
6.235279199e-05
6.305543967e-05
6.293711018e-05
6.27697644e-05
6.256706634e-05
6.234521834e-05
6.212280974e-05
6.192053565e-05
6.176094378e-05
6.166825088e-05
6.236080462e-05
6.224425903e-05
6.207943391e-05
6.187978558e-05
6.166127129e-05
6.144220077e-05
6.12429595e-05
6.108575905e-05
6.099445518e-05
6.167719136e-05
6.156237816e-05
6.140000093e-05
6.120331434e-05
6.098803764e-05
6.077220901e-05
6.05759132e-05
6.042103526e-05
6.033108034e-05
6.100426419e-05
6.089113407e-05
6.07311351e-05
6.053732607e-05
6.032519503e-05
6.01125163e-05
5.991908239e-05
5.976646109e-05
5.967781684e-05
6.034170277e-05
6.023020856e-05
6.007252124e-05
5.988150927e-05
5.967243594e-05
5.946281914e-05
5.927216726e-05
5.912173963e-05
5.903436945e-05
5.968920142e-05
5.957929801e-05
5.942385865e-05
5.923556673e-05
5.902946705e-05
5.882282806e-05
5.863488187e-05
5.848658771e-05
5.840045664e-05
5.904646853e-05
5.893811278e-05
5.878486046e-05
5.859921498e-05
5.839600856e-05
5.8192267e-05
5.800695351e-05
5.786073534e-05
5.777580996e-05
5.841322593e-05
5.830637657e-05
5.815525307e-05
5.797218364e-05
5.777179366e-05
5.757087271e-05
5.738812221e-05
5.724392507e-05
5.716017349e-05
5.778920827e-05
5.768382588e-05
5.753477554e-05
5.735421492e-05
5.715656798e-05
5.695839424e-05
5.677814014e-05
5.663591158e-05
5.655330332e-05
5.717416254e-05
5.707020946e-05
5.69231791e-05
5.674506305e-05
5.655008904e-05
5.635459244e-05
5.617677117e-05
5.603646111e-05
5.595496711e-05
5.656784757e-05
5.646528782e-05
5.632022667e-05
5.614449387e-05
5.595212587e-05
5.575923954e-05
5.558379045e-05
5.544535115e-05
5.536494368e-05
5.59700336e-05
5.586883284e-05
5.572569248e-05
5.555228442e-05
5.536245863e-05
5.517211881e-05
5.499898409e-05
5.486237005e-05
5.478302271e-05
5.538050191e-05
5.528062743e-05
5.513936168e-05
5.496822264e-05
5.478087827e-05
5.459302427e-05
5.442214892e-05
5.428731685e-05
5.420900454e-05
5.479904457e-05
5.470046523e-05
5.456103018e-05
5.439210713e-05
5.420718642e-05
5.402176055e-05
5.385309233e-05
5.372000113e-05
5.364270003e-05
5.422546428e-05
5.412815051e-05
5.399050445e-05
5.382374712e-05
5.364119526e-05
5.345814287e-05
5.329163229e-05
5.316024309e-05
5.308393066e-05
5.36595743e-05
5.35634981e-05
5.34276016e-05
5.326296241e-05
5.308272765e-05
5.290199714e-05
5.273759755e-05
5.260787371e-05
5.253252875e-05
5.310119859e-05
5.30063336e-05
5.287214951e-05
5.270958372e-05
5.25316174e-05
5.235316034e-05
5.2190828e-05
5.206273522e-05
5.198833789e-05
5.255017214e-05
5.245649366e-05
5.232398724e-05
5.216345306e-05
5.19877098e-05
5.18114811e-05
5.165117535e-05
5.152468181e-05
5.145121374e-05
5.200634149e-05
5.191382662e-05
5.178296569e-05
5.162442448e-05
5.145086241e-05
5.127682056e-05
5.11185041e-05
5.099358067e-05
5.092102508e-05
5.14695656e-05
5.137819339e-05
5.124894857e-05
5.109236512e-05
5.092094623e-05
5.07490537e-05
5.05926929e-05
5.046931343e-05
5.039765531e-05
5.093971703e-05
5.084946871e-05
5.072181372e-05
5.056715667e-05
5.039784728e-05
5.022807097e-05
5.007363637e-05
4.995177809e-05
4.988100442e-05
5.041668355e-05
5.032754279e-05
5.02014549e-05
5.00486973e-05
4.988146865e-05
4.971378057e-05
4.956124749e-05
4.944089152e-05
4.937099161e-05
4.990037023e-05
4.981232354e-05
4.968778409e-05
4.953690406e-05
4.937173311e-05
4.92061112e-05
4.905546055e-05
4.893659254e-05
4.886755842e-05
4.939070202e-05
4.930373923e-05
4.918073436e-05
4.903171595e-05
4.88685864e-05
4.870501558e-05
4.855623484e-05
4.843884579e-05
4.837067267e-05
4.888762704e-05
4.880174187e-05
4.868026335e-05
4.853309765e-05
4.837200112e-05
4.821047456e-05
4.806355898e-05
4.794764626e-05
4.788033314e-05
4.83911204e-05
4.830631118e-05
4.818635746e-05
4.804104386e-05
4.788198142e-05
4.772250207e-05
4.757745613e-05
4.746302462e-05
4.739657502e-05
4.790118873e-05
4.781745929e-05
4.769903671e-05
4.755558446e-05
4.739856828e-05
4.724115068e-05
4.70979898e-05
4.698505331e-05
4.691947606e-05
4.741787541e-05
4.733523601e-05
4.721836023e-05
4.70767902e-05
4.692184562e-05
4.676651795e-05
4.662527038e-05
4.651385322e-05
4.644916342e-05
4.694126636e-05
4.685973482e-05
4.674443243e-05
4.660477908e-05
4.645194679e-05
4.62987532e-05
4.615946224e-05
4.604960094e-05
4.598582101e-05
4.647149628e-05
4.639109925e-05
4.627740952e-05
4.613972309e-05
4.598906161e-05
4.583806467e-05
4.570079098e-05
4.55925362e-05
4.552969697e-05
4.600875537e-05
4.592952956e-05
4.581750636e-05
4.568185518e-05
4.55334434e-05
4.538472681e-05
4.524955082e-05
4.514296931e-05
4.508111118e-05
4.555329593e-05
4.547528956e-05
4.536500324e-05
4.523147611e-05
4.508541593e-05
4.493908712e-05
4.480611149e-05
4.470128802e-05
4.464046211e-05
4.510543892e-05
4.502871301e-05
4.492025233e-05
4.47889608e-05
4.464537965e-05
4.450157231e-05
4.437092424e-05
4.42679634e-05
4.420823257e-05
4.466557972e-05
4.459020934e-05
4.448368321e-05
4.43547637e-05
4.421381679e-05
4.40726931e-05
4.394452629e-05
4.384355403e-05
4.37849938e-05
4.423419284e-05
4.416026816e-05
4.405580711e-05
4.39294226e-05
4.379129474e-05
4.36530471e-05
4.352754323e-05
4.342870796e-05
4.337140707e-05
4.381183495e-05
4.373946195e-05
4.363721911e-05
4.351356033e-05
4.337846703e-05
4.324331902e-05
4.312068844e-05
4.302416147e-05
4.296822211e-05
4.339914586e-05
4.332844666e-05
4.322859806e-05
4.31078836e-05
4.297607117e-05
4.284427745e-05
4.272475905e-05
4.263073423e-05
4.25762717e-05
4.299684638e-05
4.292795895e-05
4.283070304e-05
4.271317866e-05
4.258492306e-05
4.245676799e-05
4.234062749e-05
4.224931983e-05
4.219646168e-05
4.260573276e-05
4.253880996e-05
4.244436612e-05
4.233030267e-05
4.220590698e-05
4.208170165e-05
4.196922866e-05
4.188087168e-05
4.182975604e-05
4.222666726e-05
4.216187507e-05
4.207048088e-05
4.196017077e-05
4.183996094e-05
4.17200385e-05
4.16115419e-05
4.152638359e-05
4.147715666e-05
4.186056441e-05
4.179807917e-05
4.170998645e-05
4.160373845e-05
4.148805719e-05
4.137276633e-05
4.126856776e-05
4.118686523e-05
4.113967793e-05
4.150837264e-05
4.144837745e-05
4.136384681e-05
4.12619792e-05
4.115117804e-05
4.10408744e-05
4.094130011e-05
4.086331265e-05
4.081831649e-05
4.117105158e-05
4.111373164e-05
4.103302576e-05
4.093585778e-05
4.083028725e-05
4.072532314e-05
4.063069404e-05
4.055667497e-05
4.051401705e-05
4.084954519e-05
4.07950823e-05
4.071845792e-05
4.062629975e-05
4.052629795e-05
4.042701041e-05
4.033763079e-05
4.026781821e-05
4.022763566e-05
4.054475154e-05
4.049331786e-05
4.042101677e-05
4.03341583e-05
4.024003829e-05
4.014673599e-05
4.006288126e-05
3.999748806e-05
3.995990213e-05
4.025749031e-05
4.020924159e-05
4.014148093e-05
4.006017987e-05
3.997221634e-05
3.9885166e-05
3.980707006e-05
3.974627383e-05
3.97113839e-05
3.998846932e-05
3.9943538e-05
3.988050043e-05
3.980497026e-05
3.972338627e-05
3.964279926e-05
3.957064231e-05
3.951457564e-05
3.948245363e-05
3.973825205e-05
3.969674053e-05
3.963856475e-05
3.956896331e-05
3.949391791e-05
3.941993802e-05
3.935383559e-05
3.93025776e-05
3.92732631e-05
3.950722775e-05
3.946920235e-05
3.941597471e-05
3.935239424e-05
3.928397197e-05
3.921666527e-05
3.915665942e-05
3.911022926e-05
3.908372598e-05
3.929558655e-05
3.926107259e-05
3.921282036e-05
3.915527989e-05
3.909348296e-05
3.903283076e-05
3.897888454e-05
3.893723759e-05
3.891351152e-05
3.910330116e-05
3.907227967e-05
3.902896674e-05
3.897740746e-05
3.892215173e-05
3.886804771e-05
3.882004372e-05
3.878307164e-05
3.876205172e-05
3.893011722e-05
3.890252357e-05
3.886404911e-05
3.881833363e-05
3.876944903e-05
3.872170136e-05
3.867944579e-05
3.864698191e-05
3.862856508e-05
3.877555355e-05
3.875127841e-05
3.871747879e-05
3.867739457e-05
3.863463049e-05
3.859296958e-05
3.855620237e-05
3.852803559e-05
3.851209324e-05
3.863891354e-05
3.861780626e-05
3.858846057e-05
3.855372767e-05
3.851676248e-05
3.848085345e-05
3.844924656e-05
3.842508861e-05
3.841144192e-05
3.851930876e-05
3.850118297e-05
3.847602243e-05
3.844630621e-05
3.841475167e-05
3.838416812e-05
3.835731194e-05
3.833682728e-05
3.832527454e-05
3.841569685e-05
3.840033584e-05
3.837904001e-05
3.835392981e-05
3.832731936e-05
3.830158091e-05
3.827902599e-05
3.826185345e-05
3.825218172e-05
3.832686477e-05
3.831401319e-05
3.829621631e-05
3.827526221e-05
3.825309506e-05
3.823169396e-05
3.821297347e-05
3.819874199e-05
3.819073481e-05
3.825146757e-05
3.824085524e-05
3.822617387e-05
3.820891039e-05
3.819067516e-05
3.81730978e-05
3.815774464e-05
3.814608654e-05
3.81395313e-05
3.818810875e-05
3.817946366e-05
3.816751388e-05
3.815347776e-05
3.813866991e-05
3.812441413e-05
3.811197591e-05
3.810253824e-05
3.809723232e-05
3.813539377e-05
3.812845087e-05
3.811886033e-05
3.810760493e-05
3.809574183e-05
3.808433125e-05
3.807438245e-05
3.806683605e-05
3.806259215e-05
3.809197004e-05
3.808647849e-05
3.807889636e-05
3.80700033e-05
3.806063594e-05
3.805163075e-05
3.804378157e-05
3.803782707e-05
3.803447584e-05
3.805655944e-05
3.805228817e-05
3.804639257e-05
3.803948003e-05
3.803220118e-05
3.802520517e-05
3.801910683e-05
3.801447809e-05
3.80118698e-05
3.802798251e-05
3.802472391e-05
3.802022662e-05
3.801495426e-05
3.800940292e-05
3.800406683e-05
3.799941362e-05
3.799587859e-05
3.799388327e-05
3.8005174e-05
3.800274564e-05
3.799939417e-05
3.799546495e-05
3.799132731e-05
3.798734892e-05
3.798387743e-05
3.798123692e-05
3.797974336e-05
3.798719008e-05
3.798543482e-05
3.798301209e-05
3.798017131e-05
3.797717911e-05
3.797430068e-05
3.797178666e-05
3.796987123e-05
3.796878478e-05
3.79732083e-05
3.797199301e-05
3.797031536e-05
3.796834784e-05
3.796627462e-05
3.796427852e-05
3.796253201e-05
3.796119686e-05
3.796043571e-05
3.796252201e-05
3.796173548e-05
3.79606496e-05
3.795937571e-05
3.795803226e-05
3.795673589e-05
3.795559507e-05
3.795471082e-05
3.795419595e-05
3.795453084e-05
3.795408129e-05
3.795346059e-05
3.795273202e-05
3.795196208e-05
3.795121506e-05
3.795054564e-05
3.795002842e-05
3.794973105e-05
3.79487288e-05
3.794854117e-05
3.7948282e-05
3.794797727e-05
3.794765176e-05
3.794733641e-05
3.794706643e-05
3.794686783e-05
3.794675615e-05
3.794469061e-05
3.794470421e-05
3.794472179e-05
3.794474363e-05
3.794478014e-05
3.794483551e-05
3.794490466e-05
3.794497363e-05
3.794501827e-05
3.794205595e-05
3.794222458e-05
3.79424665e-05
3.79427676e-05
3.794311302e-05
3.794347794e-05
3.79438289e-05
3.794411944e-05
3.794429246e-05
3.79405694e-05
3.794087211e-05
3.794130589e-05
3.794183976e-05
3.794243874e-05
3.794305696e-05
3.794363624e-05
3.794410479e-05
3.794438003e-05
3.794004437e-05
3.794045726e-05
3.794104609e-05
3.794176772e-05
3.794256997e-05
3.794338877e-05
3.794414678e-05
3.794475308e-05
3.794510652e-05
3.794030436e-05
3.794080436e-05
3.794151513e-05
3.794238243e-05
3.79433406e-05
3.794431122e-05
3.79452025e-05
3.794590993e-05
3.794631987e-05
3.794119348e-05
3.794175864e-05
3.794255988e-05
3.79435338e-05
3.794460433e-05
3.79456823e-05
3.794666578e-05
3.79474415e-05
3.794788866e-05
3.794257231e-05
3.794318231e-05
3.794404498e-05
3.794508991e-05
3.794623339e-05
3.794737883e-05
3.7948418e-05
3.794923304e-05
3.794970057e-05
3.79443176e-05
3.794495399e-05
3.794585189e-05
3.794693594e-05
3.794811738e-05
3.794929519e-05
3.795035818e-05
3.795118753e-05
3.795166107e-05
3.794632161e-05
3.794696801e-05
3.7947878e-05
3.794897322e-05
3.795016218e-05
3.795134212e-05
3.795240177e-05
3.795322443e-05
3.795369209e-05
3.794849141e-05
3.794913362e-05
3.795003574e-05
3.795111821e-05
3.79522889e-05
3.795344565e-05
3.795447959e-05
3.795527852e-05
3.795573085e-05
3.795074808e-05
3.795137413e-05
3.795225167e-05
3.795330156e-05
3.795443288e-05
3.795554606e-05
3.795653661e-05
3.795729869e-05
3.795772858e-05
3.795302591e-05
3.795362607e-05
3.795446559e-05
3.795546715e-05
3.795654263e-05
3.795759671e-05
3.795853077e-05
3.795924654e-05
3.795964905e-05
3.795527156e-05
3.795583836e-05
3.795662964e-05
3.795757111e-05
3.795857879e-05
3.79595628e-05
3.796043152e-05
3.796109492e-05
3.796146701e-05
3.795744328e-05
3.795797138e-05
3.795870729e-05
3.795958071e-05
3.796051277e-05
3.796141999e-05
3.796221828e-05
3.796282613e-05
3.796316635e-05
3.795950992e-05
3.795999601e-05
3.796067227e-05
3.79614731e-05
3.796232547e-05
3.796315276e-05
3.796387867e-05
3.796443005e-05
3.796473817e-05
3.796144985e-05
3.796189244e-05
3.796250728e-05
3.796323398e-05
3.79640057e-05
3.796475287e-05
3.796540689e-05
3.796590262e-05
3.796617933e-05
3.796324978e-05
3.79636489e-05
3.796420267e-05
3.796485612e-05
3.796554868e-05
3.796621777e-05
3.796680221e-05
3.796724448e-05
3.796749118e-05
3.796490344e-05
3.796526034e-05
3.796575501e-05
3.796633787e-05
3.796695453e-05
3.796754918e-05
3.796806771e-05
3.796845964e-05
3.796867824e-05
3.796641017e-05
3.796672694e-05
3.796716557e-05
3.796768173e-05
3.796822698e-05
3.796875195e-05
3.796920911e-05
3.796955441e-05
3.796974709e-05
3.796777342e-05
3.796805268e-05
3.796843902e-05
3.796889314e-05
3.796937224e-05
3.796983293e-05
3.797023371e-05
3.797053634e-05
3.797070536e-05
3.796899943e-05
3.796924411e-05
3.796958236e-05
3.796997956e-05
3.797039813e-05
3.797080019e-05
3.79711497e-05
3.797141363e-05
3.797156126e-05
3.797009642e-05
3.797030961e-05
3.797060412e-05
3.797094963e-05
3.797131335e-05
3.797166238e-05
3.797196565e-05
3.797219478e-05
3.797232326e-05
3.797107379e-05
3.797125855e-05
3.797151361e-05
3.797181256e-05
3.797212693e-05
3.797242836e-05
3.797269026e-05
3.797288844e-05
3.797299994e-05
3.797194143e-05
3.79721007e-05
3.797232041e-05
3.797257765e-05
3.797284792e-05
3.797310697e-05
3.797333225e-05
3.797350319e-05
3.797359982e-05
3.797270921e-05
3.797284574e-05
3.79730339e-05
3.797325403e-05
3.79734852e-05
3.79737069e-05
3.797390015e-05
3.797404741e-05
3.797413115e-05
3.797338664e-05
3.797350295e-05
3.797366315e-05
3.797385051e-05
3.797404737e-05
3.797423657e-05
3.797440214e-05
3.797452906e-05
3.797460176e-05
3.797398267e-05
3.797408115e-05
3.79742168e-05
3.797437556e-05
3.797454272e-05
3.7974704e-05
3.797484597e-05
3.797495561e-05
3.797501891e-05
3.797450576e-05
3.797458871e-05
3.797470309e-05
3.797483726e-05
3.797497908e-05
3.797511671e-05
3.797523878e-05
3.797533386e-05
3.797538923e-05
3.797496397e-05
3.797503362e-05
3.797512988e-05
3.797524324e-05
3.797536376e-05
3.797548161e-05
3.797558707e-05
3.797566998e-05
3.797571872e-05
3.797536502e-05
3.797542347e-05
3.797550456e-05
3.797560059e-05
3.797570346e-05
3.797580495e-05
3.797589666e-05
3.797596949e-05
3.797601271e-05
3.797571617e-05
3.797576538e-05
3.7975834e-05
3.797591582e-05
3.797600423e-05
3.797609234e-05
3.797617278e-05
3.797623732e-05
3.797627599e-05
3.797602421e-05
3.797606594e-05
3.797612445e-05
3.797619479e-05
3.797627152e-05
3.797634877e-05
3.797642007e-05
3.797647787e-05
3.797651283e-05
3.797629533e-05
3.797633108e-05
3.797638154e-05
3.797644272e-05
3.797651012e-05
3.797657871e-05
3.797664269e-05
3.797669511e-05
3.79767271e-05
3.797653505e-05
3.797656611e-05
3.797661026e-05
3.797666424e-05
3.797672432e-05
3.797678612e-05
3.797684441e-05
3.797689267e-05
3.797692241e-05
3.797674824e-05
3.79767757e-05
3.797681498e-05
3.797686344e-05
3.797691792e-05
3.79769746e-05
3.797702869e-05
3.797707396e-05
3.797710215e-05
3.797693913e-05
3.797696388e-05
3.797699954e-05
3.797704391e-05
3.797709434e-05
3.797714741e-05
3.797719868e-05
3.79772421e-05
3.797726939e-05
3.79771114e-05
3.797713422e-05
3.797716731e-05
3.797720889e-05
3.797725665e-05
3.797730755e-05
3.797735735e-05
3.797740005e-05
3.797742711e-05
3.797726823e-05
3.797728979e-05
3.797732129e-05
3.797736123e-05
3.797740765e-05
3.797745773e-05
3.797750735e-05
3.797755029e-05
3.797757766e-05
3.797741243e-05
3.797743335e-05
3.797746413e-05
3.797750355e-05
3.797754986e-05
3.79776004e-05
3.797765097e-05
3.797769504e-05
3.797772313e-05
3.797754649e-05
3.797756736e-05
3.797759827e-05
3.79776382e-05
3.797768559e-05
3.79777378e-05
3.797779033e-05
3.797783615e-05
3.79778653e-05
3.797767268e-05
3.797769406e-05
3.797772592e-05
3.797776739e-05
3.797781696e-05
3.79778718e-05
3.797792705e-05
3.79779751e-05
3.797800557e-05
3.797779311e-05
3.797781555e-05
3.797784914e-05
3.797789307e-05
3.797794569e-05
3.797800394e-05
3.797806242e-05
3.797811305e-05
3.797814501e-05
3.797790977e-05
3.79779338e-05
3.797796981e-05
3.797801691e-05
3.79780733e-05
3.797813544e-05
3.797819746e-05
3.797825085e-05
3.797828439e-05
3.797802455e-05
3.797805057e-05
3.797808952e-05
3.797814037e-05
3.797820091e-05
3.797826718e-05
3.797833287e-05
3.797838908e-05
3.797842422e-05
3.797813902e-05
3.797816735e-05
3.797820964e-05
3.797826449e-05
3.797832934e-05
3.797839979e-05
3.797846912e-05
3.797852809e-05
3.797856478e-05
3.79782546e-05
3.797828539e-05
3.797833111e-05
3.797839002e-05
3.797845913e-05
3.797853363e-05
3.797860645e-05
3.797866804e-05
3.797870621e-05
3.797837225e-05
3.79784055e-05
3.797845459e-05
3.797851741e-05
3.797859058e-05
3.797866888e-05
3.797874494e-05
3.797880895e-05
3.797884849e-05
3.797849256e-05
3.797852814e-05
3.797858042e-05
3.797864689e-05
3.797872378e-05
3.797880555e-05
3.797888454e-05
3.797895074e-05
3.797899151e-05
3.79786158e-05
3.797865353e-05
3.79787087e-05
3.797877845e-05
3.797885867e-05
3.797894351e-05
3.797902511e-05
3.797909325e-05
3.797913512e-05
3.797874199e-05
3.797878161e-05
3.797883932e-05
3.797891195e-05
3.797899506e-05
3.797908259e-05
3.797916646e-05
3.797923631e-05
3.797927915e-05
3.79788709e-05
3.797891215e-05
3.797897204e-05
3.797904711e-05
3.79791327e-05
3.797922252e-05
3.797930834e-05
3.797937966e-05
3.797942335e-05
3.797900217e-05
3.797904478e-05
3.797910648e-05
3.79791836e-05
3.797927127e-05
3.797936302e-05
3.79794505e-05
3.797952308e-05
3.797956745e-05
3.797913535e-05
3.797917908e-05
3.797924226e-05
3.797932107e-05
3.797941045e-05
3.797950382e-05
3.797959268e-05
3.797966628e-05
3.797971121e-05
3.797926995e-05
3.797931457e-05
3.797937896e-05
3.797945914e-05
3.797954993e-05
3.797964462e-05
3.797973462e-05
3.797980904e-05
3.79798544e-05
3.797940549e-05
3.797945082e-05
3.797951618e-05
3.797959747e-05
3.79796894e-05
3.797978517e-05
3.797987607e-05
3.797995112e-05
3.79799968e-05
3.797954154e-05
3.797958743e-05
3.797965356e-05
3.797973574e-05
3.797982859e-05
3.797992523e-05
3.798001682e-05
3.798009235e-05
3.798013826e-05
3.797967769e-05
3.797972404e-05
3.797979079e-05
3.797987368e-05
3.797996729e-05
3.798006459e-05
3.798015672e-05
3.798023259e-05
3.798027867e-05
3.797981364e-05
3.797986035e-05
3.79799276e-05
3.798001108e-05
3.798010528e-05
3.79802031e-05
3.798029563e-05
3.798037176e-05
3.798041795e-05
3.797994912e-05
3.797999613e-05
3.798006379e-05
3.798014775e-05
3.79802424e-05
3.798034063e-05
3.798043346e-05
3.798050977e-05
3.798055603e-05
3.798008393e-05
3.798013119e-05
3.798019919e-05
3.798028353e-05
3.798037855e-05
3.798047709e-05
3.798057014e-05
3.798064659e-05
3.798069289e-05
3.798021791e-05
3.798026539e-05
3.798033366e-05
3.79804183e-05
3.798051361e-05
3.798061239e-05
3.798070562e-05
3.798078216e-05
3.798082846e-05
3.798035094e-05
3.798039858e-05
3.798046708e-05
3.798055196e-05
3.79806475e-05
3.798074648e-05
3.798083983e-05
3.79809164e-05
3.798096267e-05
3.79804829e-05
3.798053067e-05
3.798059935e-05
3.798068442e-05
3.798078014e-05
3.798087924e-05
3.798097264e-05
3.798104917e-05
3.798109538e-05
3.798061366e-05
3.798066154e-05
3.798073035e-05
3.798081555e-05
3.798091137e-05
3.79810105e-05
3.798110384e-05
3.798118023e-05
3.798122628e-05
3.79807431e-05
3.798079104e-05
3.798085991e-05
3.798094515e-05
3.798104094e-05
3.798113994e-05
3.798123303e-05
3.79813091e-05
3.798135486e-05
3.798087096e-05
3.798091889e-05
3.798098772e-05
3.798107284e-05
3.798116838e-05
3.798126697e-05
3.798135949e-05
3.79814349e-05
3.798148016e-05
3.798099677e-05
3.798104458e-05
3.798111317e-05
3.798119788e-05
3.79812928e-05
3.798139049e-05
3.798148188e-05
3.79815561e-05
3.798160048e-05
3.798111943e-05
3.798116691e-05
3.798123494e-05
3.798131878e-05
3.798141244e-05
3.798150846e-05
3.798159785e-05
3.798167004e-05
3.798171293e-05
3.79812363e-05
3.798128314e-05
3.798135012e-05
3.798143238e-05
3.798152386e-05
3.798161708e-05
3.79817032e-05
3.798177213e-05
3.798181268e-05
3.798134079e-05
3.798138659e-05
3.798145188e-05
3.798153171e-05
3.798161991e-05
3.798170904e-05
3.798179046e-05
3.798185474e-05
3.798189193e-05
3.798141576e-05
3.798146032e-05
3.798152363e-05
3.798160067e-05
3.798168522e-05
3.798176986e-05
3.798184623e-05
3.798190548e-05
3.798193896e-05
1.575915984e-22
5.902071868e-22
1.316678385e-21
2.495071707e-21
4.404251863e-21
7.526393534e-21
1.26995015e-20
2.137269357e-20
3.605600229e-20
6.109861236e-20
1.04046171e-19
1.78004723e-19
3.057589446e-19
5.269301822e-19
9.10363205e-19
1.575480208e-18
2.729168408e-18
4.730042874e-18
8.200211553e-18
1.421938107e-17
2.466187971e-17
4.278187981e-17
7.4229631e-17
1.288161236e-16
2.235766833e-16
3.880882031e-16
6.736932373e-16
1.169485248e-15
2.029977304e-15
3.522912372e-15
6.111696122e-15
1.05971363e-14
1.836034879e-14
3.1777408e-14
5.492396552e-14
9.476645432e-14
1.631642993e-13
2.802138241e-13
4.797937669e-13
8.186913171e-13
1.391494499e-12
2.354671994e-12
3.965120529e-12
6.641206741e-12
1.105831236e-11
1.829655778e-11
3.006630866e-11
4.90480225e-11
7.939799458e-11
1.274920506e-10
2.030072443e-10
3.204799531e-10
5.015307177e-10
7.780080477e-10
1.196364458e-09
1.823824784e-09
2.756943383e-09
4.133440885e-09
6.14850672e-09
9.077151973e-09
1.330470171e-08
1.936811588e-08
2.801150108e-08
4.025999095e-08
5.751718173e-08
8.169209318e-08
1.153618437e-07
1.61975958e-07
2.261072097e-07
3.137517078e-07
4.326775012e-07
5.92816049e-07
8.066843724e-07
1.08981728e-06
1.461178496e-06
1.943506933e-06
2.563540948e-06
3.352052212e-06
4.343615511e-06
5.576048523e-06
7.089466973e-06
8.924568385e-06
1.112043591e-05
1.371229415e-05
1.672891295e-05
2.018995448e-05
2.41034876e-05
2.846389977e-05
3.325041881e-05
3.842641818e-05
4.393962131e-05
4.972325089e-05
5.569809205e-05
6.177536267e-05
6.786021549e-05
7.385564414e-05
7.966654068e-05
8.520368247e-05
9.038804791e-05
9.515557383e-05
9.945870332e-05
0.0001032646668
0.0001065554587
0.0001093271418
0.0001115885036
0.000113359214
0.0001146676792
0.0001155487826
0.000116041683
0.0001161878018
0.0001160290862
0.0001156065974
0.0001149594329
0.0001141239672
0.0001131333757
0.0001120173957
0.0001108022755
0.000109510866
0.0001081628104
0.0001067747955
0.0001053608383
0.0001039325848
0.0001024996044
0.0001010696697
9.964901602e-05
9.82425746e-05
9.685418108e-05
9.548675739e-05
9.414246927e-05
9.282286129e-05
9.152897149e-05
9.026142798e-05
8.902052992e-05
8.780631484e-05
8.66186144e-05
8.545710034e-05
8.432132213e-05
8.321073763e-05
8.212473807e-05
8.106266807e-05
8.002384189e-05
7.900755622e-05
7.801310043e-05
7.703976457e-05
7.608684557e-05
7.515365201e-05
7.423950773e-05
7.334375446e-05
7.246575372e-05
7.160488808e-05
7.076056193e-05
6.993220195e-05
6.911925716e-05
6.832119881e-05
6.753752009e-05
6.676773566e-05
6.601138113e-05
6.526801245e-05
6.453720522e-05
6.3818554e-05
6.31116716e-05
6.241618836e-05
6.173175143e-05
6.105802404e-05
6.039468482e-05
5.974142715e-05
5.909795846e-05
5.846399967e-05
5.783928458e-05
5.722355936e-05
5.661658201e-05
5.601812199e-05
5.542795982e-05
5.484588683e-05
5.427170496e-05
5.370522673e-05
5.314627533e-05
5.259468496e-05
5.205030131e-05
5.151298243e-05
5.098259985e-05
5.045904018e-05
4.994220716e-05
4.94320242e-05
4.892843757e-05
4.84314202e-05
4.794097619e-05
4.745714587e-05
4.69800116e-05
4.650970397e-05
4.60464084e-05
4.559037182e-05
4.514190915e-05
4.470140914e-05
4.426933918e-05
4.384624847e-05
4.343276919e-05
4.302961459e-05
4.263757382e-05
4.225750289e-05
4.189031126e-05
4.153694403e-05
4.119835966e-05
4.087550351e-05
4.056927798e-05
4.028051025e-05
4.000991897e-05
3.975808157e-05
3.952540421e-05
3.931209625e-05
3.911815135e-05
3.894333677e-05
3.878719265e-05
3.864904222e-05
3.85280143e-05
3.842308013e-05
3.833304599e-05
3.825657474e-05
3.819227122e-05
3.813873795e-05
3.809461589e-05
3.805861769e-05
3.802955288e-05
3.800634425e-05
3.79880359e-05
3.797379387e-05
3.796290095e-05
3.795474743e-05
3.79488192e-05
3.794468414e-05
3.794197638e-05
3.794042649e-05
3.793984905e-05
3.794006744e-05
3.794092528e-05
3.794228244e-05
3.794401479e-05
3.794601365e-05
3.794818508e-05
3.79504491e-05
3.795273895e-05
3.795500026e-05
3.795719024e-05
3.795927678e-05
3.79612374e-05
3.796305806e-05
3.796473191e-05
3.796625783e-05
3.796763905e-05
3.796888165e-05
3.796999376e-05
3.797098478e-05
3.797186466e-05
3.797264338e-05
3.797333054e-05
3.797393516e-05
3.797446575e-05
3.797493042e-05
3.797533691e-05
3.797569257e-05
3.797600427e-05
3.79762783e-05
3.797652031e-05
3.797673526e-05
3.797692748e-05
3.79771007e-05
3.797725816e-05
3.79774027e-05
3.797753682e-05
3.797766281e-05
3.797778279e-05
3.797789874e-05
3.79780126e-05
3.797812599e-05
3.797824039e-05
3.797835686e-05
3.797847603e-05
3.797859823e-05
3.797872348e-05
3.797885159e-05
3.79789822e-05
3.797911484e-05
3.7979249e-05
3.797938419e-05
3.797951996e-05
3.79796559e-05
3.797979167e-05
3.7979927e-05
3.798006169e-05
3.798019557e-05
3.798032852e-05
3.798046041e-05
3.798059112e-05
3.798072052e-05
3.798084839e-05
3.798097425e-05
3.798109704e-05
3.798121419e-05
3.798131913e-05
3.798139466e-05
)
;

boundaryField
{
    outlet
    {
        type            inletOutlet;
        inletValue      uniform 0;
        value           nonuniform List<scalar> 10(3.798141576e-05 3.798146032e-05 3.798152363e-05 3.798160067e-05 3.798168522e-05 3.798176986e-05 3.798184623e-05 3.798190548e-05 3.798193896e-05 3.798139466e-05);
    }
    inlet
    {
        type            fixedValue;
        value           uniform 0;
    }
    front
    {
        type            wedge;
    }
    wall
    {
        type            zeroGradient;
    }
    back
    {
        type            wedge;
    }
}


// ************************************************************************* //
