/*--------------------------------*- C++ -*----------------------------------*\
| =========                 |                                                 |
| \\      /  F ield         | OpenFOAM: The Open Source CFD Toolbox           |
|  \\    /   O peration     | Version:  2212                                  |
|   \\  /    A nd           | Website:  www.openfoam.com                      |
|    \\/     M anipulation  |                                                 |
\*---------------------------------------------------------------------------*/
FoamFile
{
    version     2.0;
    format      ascii;
    arch        "LSB;label=32;scalar=64";
    class       volScalarField;
    location    "30.00000000";
    object      C3H6;
}
// * * * * * * * * * * * * * * * * * * * * * * * * * * * * * * * * * * * * * //

dimensions      [0 0 0 0 0 0 0];

internalField   nonuniform List<scalar> 
3000
(
1.431246492e-22
1.607799751e-22
1.874208119e-22
2.229200116e-22
2.66914326e-22
3.182058509e-22
3.73702005e-22
4.266497609e-22
4.640858163e-22
5.37347738e-22
6.060636266e-22
7.097059886e-22
8.481137715e-22
1.021136255e-21
1.2277987e-21
1.464498806e-21
1.719315196e-21
1.945016816e-21
1.203617049e-21
1.368183507e-21
1.618759313e-21
1.958946183e-21
2.394813e-21
2.932620463e-21
3.57018556e-21
4.271745114e-21
4.871251048e-21
2.292508443e-21
2.633216835e-21
3.15959487e-21
3.889388398e-21
4.848336872e-21
6.060648345e-21
7.519547795e-21
9.108302646e-21
1.039055493e-20
4.070728832e-21
4.733014884e-21
5.772326496e-21
7.241352443e-21
9.209017106e-21
1.173026154e-20
1.476278385e-20
1.798291606e-20
2.045481822e-20
6.999454815e-21
8.242230845e-21
1.022047178e-20
1.306029985e-20
1.691306899e-20
2.187568182e-20
2.779999629e-20
3.393916494e-20
3.848121536e-20
1.188156181e-20
1.416381091e-20
1.783895954e-20
2.317424882e-20
3.046647889e-20
3.986043556e-20
5.096749441e-20
6.225202545e-20
7.039401475e-20
2.010579599e-20
2.423478023e-20
3.094270969e-20
4.07557539e-20
5.422032459e-20
7.152949986e-20
9.181433599e-20
1.121222105e-19
1.265298888e-19
3.407933719e-20
4.147035027e-20
5.355486903e-20
7.132187773e-20
9.574202268e-20
1.270479455e-19
1.63470183e-19
1.995539724e-19
2.248718433e-19
5.797379378e-20
7.110044596e-20
9.265959459e-20
1.24455991e-19
1.681814768e-19
2.240843856e-19
2.887600586e-19
3.523658846e-19
3.966657544e-19
9.902834132e-20
1.222082289e-19
1.603952656e-19
2.168198598e-19
2.94400357e-19
3.933450686e-19
5.073314094e-19
6.188648646e-19
6.961788811e-19
1.698179599e-19
2.105833842e-19
2.778766681e-19
3.774056294e-19
5.141684702e-19
6.881968206e-19
8.879977024e-19
1.082820202e-18
1.217583831e-18
2.922088516e-19
3.637078275e-19
4.818895641e-19
6.567539141e-19
8.967985996e-19
1.201490404e-18
1.550066991e-18
1.889004924e-18
2.124336796e-18
5.04236208e-19
6.294443025e-19
8.366085011e-19
1.143205263e-18
1.563630016e-18
2.095652126e-18
2.700770844e-18
3.284956376e-18
3.701628055e-18
8.720032028e-19
1.091079345e-18
1.453953629e-18
1.99143032e-18
2.728509557e-18
3.659424463e-18
4.708012337e-18
5.67251114e-18
6.459960022e-18
1.510140157e-18
1.893052721e-18
2.528116404e-18
3.470425969e-18
4.766872384e-18
6.417162071e-18
8.319240785e-18
1.021834287e-17
1.140955621e-17
2.617051424e-18
3.284938767e-18
4.393229813e-18
6.03820471e-18
8.300712126e-18
1.117520482e-17
1.446404335e-17
1.765269945e-17
1.981820937e-17
4.536532603e-18
5.699276817e-18
7.628973979e-18
1.049253306e-17
1.442820249e-17
1.942100858e-17
2.511987377e-17
3.063157885e-17
3.440430552e-17
7.864899695e-18
9.886663318e-18
1.324214035e-17
1.82206758e-17
2.50603751e-17
3.373187761e-17
4.36230699e-17
5.318605109e-17
5.973622305e-17
1.363689801e-17
1.714989534e-17
2.29806746e-17
3.163133796e-17
4.351379509e-17
5.857452386e-17
7.574866555e-17
9.234913759e-17
1.037184746e-16
2.364834572e-17
2.975026197e-17
3.987873261e-17
5.490544591e-17
7.554409671e-17
1.016988055e-16
1.315174698e-16
1.603337734e-16
1.800662807e-16
4.101620607e-17
5.161286481e-17
6.920306786e-17
9.530010035e-17
1.311409465e-16
1.76554735e-16
2.283207009e-16
2.783367505e-16
3.125799257e-16
7.115083446e-17
8.95510263e-17
1.200958776e-16
1.654118114e-16
2.276424322e-16
3.064838175e-16
3.963368918e-16
4.831358973e-16
5.425545063e-16
1.234437263e-16
1.553917721e-16
2.084263743e-16
2.871038498e-16
3.951368203e-16
5.319841331e-16
6.87914129e-16
8.385139858e-16
9.415930073e-16
2.141965326e-16
2.696642934e-16
3.617384704e-16
4.983187846e-16
6.858298059e-16
9.233035124e-16
1.193825107e-15
1.455033549e-15
1.633780617e-15
3.717029019e-16
4.679990497e-16
6.278327156e-16
8.648902571e-16
1.19027579e-15
1.602244911e-15
2.071392304e-15
2.52423694e-15
2.834031144e-15
6.45061168e-16
8.122241432e-16
1.089643719e-15
1.501007557e-15
2.065473151e-15
2.779865884e-15
3.59305309e-15
4.377626541e-15
4.914140236e-15
1.119439796e-15
1.409582549e-15
1.890993501e-15
2.604614199e-15
3.583414417e-15
4.821541845e-15
6.230046607e-15
7.588142867e-15
8.516316406e-15
1.942487252e-15
2.445969734e-15
3.281106805e-15
4.518532992e-15
6.214799244e-15
8.358950094e-15
1.079616317e-14
1.314413853e-14
1.474754965e-14
3.369939869e-15
4.243308126e-15
5.6913875e-15
7.835746198e-15
1.077294837e-14
1.448213895e-14
1.86936659e-14
2.274627366e-14
2.551071956e-14
5.844198075e-15
7.358331102e-15
9.867450244e-15
1.358011954e-14
1.866025445e-14
2.506748554e-14
3.233184788e-14
3.931126257e-14
4.406514528e-14
1.012930359e-14
1.275211103e-14
1.709533982e-14
2.351532398e-14
3.228816568e-14
4.333453185e-14
5.583486467e-14
6.782054514e-14
7.596841449e-14
1.754196396e-14
2.207982622e-14
2.958735808e-14
4.067012372e-14
5.578858074e-14
7.478493702e-14
9.622952556e-14
1.167379443e-13
1.306446434e-13
3.034526664e-14
3.818365573e-14
5.113647771e-14
7.022591324e-14
9.621012368e-14
1.287727762e-13
1.654202945e-13
2.003543196e-13
2.239686756e-13
5.241627129e-14
6.592642659e-14
8.821906811e-14
1.210050832e-13
1.655126349e-13
2.211055639e-13
2.834386285e-13
3.426215419e-13
3.824743216e-13
9.037145222e-14
1.135923164e-13
1.518389871e-13
2.079453009e-13
2.838598412e-13
3.783055225e-13
4.837254305e-13
5.833429595e-13
6.501185544e-13
1.554515786e-13
1.95222734e-13
2.605848729e-13
3.561722638e-13
4.849949958e-13
6.445058533e-13
8.216066071e-13
9.880324196e-13
1.099003034e-12
2.666553752e-13
3.344790989e-13
4.456498363e-13
6.076299977e-13
8.249099487e-13
1.092463366e-12
1.387701364e-12
1.6633896e-12
1.846121397e-12
4.559069777e-13
5.70971304e-13
7.589853902e-13
1.031745091e-12
1.395640691e-12
1.840896163e-12
2.32882307e-12
2.781230568e-12
3.079131988e-12
7.765007904e-13
9.705202591e-13
1.28639329e-12
1.742357758e-12
2.346913856e-12
3.081378182e-12
3.88007173e-12
4.614941409e-12
5.09543639e-12
1.316766619e-12
1.641616287e-12
2.168284851e-12
2.924236166e-12
3.91961936e-12
5.119435071e-12
6.413374252e-12
7.594194297e-12
8.360583199e-12
2.22194405e-12
2.76150016e-12
3.632166478e-12
4.874011163e-12
6.496806478e-12
8.436405081e-12
1.050982802e-11
1.238591113e-11
1.359435023e-11
3.728787179e-12
4.616968332e-12
6.042778855e-12
8.062461664e-12
1.068023155e-11
1.378119801e-11
1.706599717e-11
2.001243969e-11
2.189595054e-11
6.21961361e-12
7.667358357e-12
9.978390314e-12
1.32279089e-11
1.740359034e-11
2.230447665e-11
2.744797773e-11
3.202180309e-11
3.492384128e-11
1.030557431e-11
1.264040629e-11
1.634521704e-11
2.151423222e-11
2.809763936e-11
3.575219211e-11
4.371177846e-11
5.072988118e-11
5.515077111e-11
1.695309621e-11
2.067601926e-11
2.654654076e-11
3.467192179e-11
4.492766315e-11
5.67410265e-11
6.891453555e-11
7.956063498e-11
8.622112075e-11
2.767301876e-11
3.353874996e-11
4.27290896e-11
5.53468946e-11
7.113041157e-11
8.914531964e-11
1.07548412e-10
1.235180496e-10
1.334452896e-10
4.479925969e-11
5.392724996e-11
6.813699376e-11
8.748985564e-11
1.114859975e-10
1.386336655e-10
1.661377677e-10
1.898322218e-10
2.044746088e-10
7.1893403e-11
8.591873809e-11
1.076136652e-10
1.369293159e-10
1.729707779e-10
2.134038921e-10
2.540504161e-10
2.888316705e-10
3.102093339e-10
1.143242043e-10
1.35599412e-10
1.683052103e-10
2.121649689e-10
2.656509594e-10
3.251785903e-10
3.845863806e-10
4.351050142e-10
4.660012796e-10
1.800879764e-10
2.11949221e-10
2.606371063e-10
3.254568081e-10
4.038956248e-10
4.90542119e-10
5.764256284e-10
6.490325317e-10
6.932346151e-10
2.809591263e-10
3.280737724e-10
3.996614393e-10
4.943120162e-10
6.080152059e-10
7.327274532e-10
8.555434247e-10
9.588069134e-10
1.021405841e-09
4.340921487e-10
5.029105869e-10
6.069090382e-10
7.435109985e-10
9.06472652e-10
1.084004587e-09
1.2577677e-09
1.403101745e-09
1.490843559e-09
6.642275892e-10
7.635637764e-10
9.129054979e-10
1.107846756e-09
1.338872527e-09
1.588941338e-09
1.832251981e-09
2.034698898e-09
2.156412942e-09
1.006670153e-09
1.14845693e-09
1.360584517e-09
1.635867812e-09
1.960092675e-09
2.308899808e-09
2.646333517e-09
2.925661605e-09
3.092896606e-09
1.511385547e-09
1.71166548e-09
2.009978341e-09
2.395034688e-09
2.845959917e-09
3.328335338e-09
3.792534366e-09
4.175061249e-09
4.403283268e-09
2.248517383e-09
2.528790639e-09
2.944596169e-09
3.478748671e-09
4.101136761e-09
4.763751149e-09
5.398789062e-09
5.920537066e-09
6.231294408e-09
3.315829299e-09
3.70485869e-09
4.280054138e-09
5.016020211e-09
5.870159971e-09
6.776449215e-09
7.643089634e-09
8.354543909e-09
8.778425861e-09
4.848676463e-09
5.385033546e-09
6.175957896e-09
7.185001579e-09
8.353112592e-09
9.590627759e-09
1.077369338e-08
1.174566935e-08
1.232545148e-08
7.033762158e-09
7.769569174e-09
8.852732785e-09
1.023236746e-08
1.182797864e-08
1.351844918e-08
1.513587304e-08
1.646614834e-08
1.726041868e-08
1.012892185e-08
1.113546474e-08
1.261604989e-08
1.45010808e-08
1.6681584e-08
1.899325257e-08
2.120675621e-08
2.302843698e-08
2.411664185e-08
1.449237501e-08
1.586813509e-08
1.789167301e-08
2.046843636e-08
2.345027436e-08
2.661273764e-08
2.964167294e-08
3.213479589e-08
3.362432919e-08
2.062444475e-08
2.250531652e-08
2.527195717e-08
2.879526338e-08
3.287250478e-08
3.719627418e-08
4.133675422e-08
4.474432422e-08
4.678020578e-08
2.922179588e-08
3.179308711e-08
3.557464449e-08
4.038909756e-08
4.595836925e-08
5.18619059e-08
5.751310939e-08
6.216291642e-08
6.494087689e-08
4.124427979e-08
4.475585659e-08
4.991827714e-08
5.648743492e-08
6.408235279e-08
7.212909134e-08
7.982899463e-08
8.616317163e-08
8.994737221e-08
5.800004512e-08
6.278707707e-08
6.982138943e-08
7.876773812e-08
8.910569661e-08
1.000540985e-07
1.105278191e-07
1.191429523e-07
1.242900806e-07
8.125674201e-08
8.776784709e-08
9.733187925e-08
1.094904052e-07
1.23535155e-07
1.384058906e-07
1.526309573e-07
1.643325829e-07
1.713247506e-07
1.13384541e-07
1.222188428e-07
1.351920425e-07
1.516806984e-07
1.70725059e-07
1.908904133e-07
2.101843776e-07
2.260608134e-07
2.355504777e-07
1.575353171e-07
1.694900874e-07
1.870441609e-07
2.093550228e-07
2.351284893e-07
2.624296087e-07
2.885660879e-07
3.100873261e-07
3.229581024e-07
2.178616089e-07
2.339922393e-07
2.576802389e-07
2.87794849e-07
3.226004405e-07
3.594975014e-07
3.948562004e-07
4.240032116e-07
4.414503485e-07
2.997775003e-07
3.214710629e-07
3.533367455e-07
3.938679144e-07
4.40750855e-07
4.905089393e-07
5.382625029e-07
5.776896837e-07
6.013222879e-07
4.102607729e-07
4.393234519e-07
4.820311037e-07
5.363910073e-07
5.993384173e-07
6.662473915e-07
7.305825676e-07
7.83810613e-07
8.157738961e-07
5.581916321e-07
5.969486982e-07
6.539310153e-07
7.265216622e-07
8.106873673e-07
9.003076675e-07
9.86670899e-07
1.058300129e-06
1.101410891e-06
7.547177587e-07
8.061223936e-07
8.817402919e-07
9.781572815e-07
1.090099313e-06
1.209518043e-06
1.324868177e-06
1.420796507e-06
1.478681799e-06
1.013628174e-06
1.0813722e-06
1.1810754e-06
1.308309112e-06
1.456219243e-06
1.614292322e-06
1.767336264e-06
1.894966174e-06
1.972215754e-06
1.351709413e-06
1.440324858e-06
1.570795779e-06
1.73740558e-06
1.931299475e-06
2.138842189e-06
2.340213433e-06
2.508617878e-06
2.610874737e-06
1.789047361e-06
1.903983363e-06
2.073240324e-06
2.289468753e-06
2.541294214e-06
2.811168045e-06
3.07348619e-06
3.293351692e-06
3.427146345e-06
2.349228219e-06
2.496884111e-06
2.714314844e-06
2.992103528e-06
3.315721626e-06
3.66277063e-06
4.000416916e-06
4.283722191e-06
4.456366481e-06
3.059384179e-06
3.247077359e-06
3.523371614e-06
3.876239876e-06
4.287235426e-06
4.727871452e-06
5.156498522e-06
5.516176924e-06
5.735435814e-06
3.95002613e-06
4.185874811e-06
4.532836491e-06
4.975564562e-06
5.490637462e-06
6.042223105e-06
6.57820244e-06
7.027601813e-06
7.301478391e-06
5.054616491e-06
5.347293013e-06
5.777349529e-06
6.325271556e-06
6.961577489e-06
7.641658961e-06
8.301210048e-06
8.85327328e-06
9.189343812e-06
6.408518091e-06
6.766792668e-06
7.292429472e-06
7.960754246e-06
8.734984586e-06
9.560242945e-06
1.035837325e-05
1.102472557e-05
1.142959906e-05
8.047638634e-06
8.479942604e-06
9.112994965e-06
9.915855546e-06
1.084311362e-05
1.182814523e-05
1.277746372e-05
1.35674265e-05
1.404615171e-05
1.000681217e-05
1.052065476e-05
1.127145205e-05
1.222081733e-05
1.33133704e-05
1.446938449e-05
1.557888453e-05
1.64985039e-05
1.705400561e-05
1.231776238e-05
1.291908567e-05
1.379552273e-05
1.490005146e-05
1.616606193e-05
1.74996108e-05
1.877353832e-05
1.982472759e-05
2.045733508e-05
1.50068113e-05
1.569933554e-05
1.670595113e-05
1.796989142e-05
1.941224894e-05
2.092411923e-05
2.236104671e-05
2.3540938e-05
2.424806021e-05
1.809248516e-05
1.887710685e-05
2.001426068e-05
2.143650875e-05
2.305188939e-05
2.473628003e-05
2.632849599e-05
2.762908144e-05
2.840507092e-05
2.158320716e-05
2.245751589e-05
2.372075691e-05
2.529418491e-05
2.707245209e-05
2.89165443e-05
3.0649842e-05
3.205796063e-05
3.289419731e-05
2.547528745e-05
2.643326222e-05
2.781297009e-05
2.952411412e-05
3.144814803e-05
3.343213621e-05
3.528604436e-05
3.678373718e-05
3.766899637e-05
2.975141837e-05
3.078335033e-05
3.226470937e-05
3.40938767e-05
3.613987718e-05
3.82374791e-05
4.018590866e-05
4.175101022e-05
4.267158992e-05
3.437985493e-05
3.547252256e-05
3.703585587e-05
3.895766957e-05
4.109593365e-05
4.327536864e-05
4.528769376e-05
4.689488004e-05
4.783556952e-05
3.931440888e-05
4.045150591e-05
4.207295951e-05
4.405731109e-05
4.625342871e-05
4.847877174e-05
5.052118857e-05
5.214311709e-05
5.308780687e-05
4.449531408e-05
4.565810324e-05
4.731063282e-05
4.932397019e-05
5.154034024e-05
5.377313818e-05
5.581020023e-05
5.741874729e-05
5.835114205e-05
4.985093883e-05
5.10190803e-05
5.267366045e-05
5.468050297e-05
5.687803821e-05
5.90790447e-05
6.107523543e-05
6.264270772e-05
6.354699617e-05
5.530023614e-05
5.645272132e-05
5.807967495e-05
6.00442263e-05
6.218410153e-05
6.431498222e-05
6.623618651e-05
6.773640081e-05
6.859784448e-05
6.075574265e-05
6.187185648e-05
6.344219584e-05
6.532992625e-05
6.737523918e-05
6.940013467e-05
7.121495868e-05
7.262422652e-05
7.342941673e-05
6.612687028e-05
6.718711585e-05
6.867380326e-05
7.045289679e-05
7.237022997e-05
7.425723566e-05
7.593779122e-05
7.723561504e-05
7.797412272e-05
7.132319489e-05
7.231020523e-05
7.368942392e-05
7.533198124e-05
7.709264896e-05
7.881601082e-05
8.034306887e-05
8.151661943e-05
8.218181744e-05
7.625772072e-05
7.715693181e-05
7.84095128e-05
7.989535399e-05
8.148034244e-05
8.302340009e-05
8.438336242e-05
8.542331573e-05
8.601046674e-05
8.085766947e-05
8.165972681e-05
8.277335716e-05
8.408870157e-05
8.548458082e-05
8.683580804e-05
8.801985123e-05
8.892047775e-05
8.942683773e-05
8.506646214e-05
8.576498036e-05
8.673142837e-05
8.786751455e-05
8.906628295e-05
9.021938192e-05
9.122329745e-05
9.198235008e-05
9.240710262e-05
8.883840284e-05
8.942995627e-05
9.02451021e-05
9.119807011e-05
9.219692949e-05
9.315059145e-05
9.397448672e-05
9.459293653e-05
9.493703019e-05
9.213979405e-05
9.262378485e-05
9.328741131e-05
9.405797289e-05
9.485890319e-05
9.561634067e-05
9.626417389e-05
9.674582503e-05
9.701174579e-05
9.494942528e-05
9.532781772e-05
9.584321219e-05
9.643612915e-05
9.70452822e-05
9.761359734e-05
9.80925893e-05
9.844361297e-05
9.863511742e-05
9.72583846e-05
9.753533687e-05
9.790875979e-05
9.833218631e-05
9.87591568e-05
9.914861021e-05
9.946858736e-05
9.969701616e-05
9.981884814e-05
9.906926737e-05
9.925070125e-05
9.949077888e-05
9.975553108e-05
0.0001000125696
0.0001002358117
0.0001004085321
0.0001005237519
0.000100581362
0.00010039491
0.0001004880582
0.0001006051528
0.0001007239651
0.0001008251926
0.0001008965116
0.0001009350174
0.0001009472862
0.0001009465698
0.0001012567987
0.0001012697635
0.0001012753662
0.0001012621842
0.0001012228565
0.0001011574846
0.0001010755132
0.0001009955304
0.000100942594
0.0001016833032
0.0001016246532
0.0001015308335
0.0001014001799
0.0001012360365
0.000101049544
0.0001008610205
0.0001006995579
0.0001006005221
0.0001017078746
0.0001015862961
0.0001014052303
0.0001011716673
0.0001008983851
0.0001006061779
0.0001003247988
0.0001000924018
9.995324101e-05
0.0001013673175
0.0001011913311
0.0001009349209
0.0001006126191
0.0001002453797
9.986230592e-05
9.950121645e-05
9.920797428e-05
9.903439493e-05
0.0001007002246
0.0001004779678
0.0001001575507
9.975996522e-05
9.931313303e-05
9.885319421e-05
9.842475479e-05
9.808013533e-05
9.78774886e-05
9.974562437e-05
9.948469803e-05
9.911084368e-05
9.865048942e-05
9.813739234e-05
9.761354991e-05
9.712918172e-05
9.67419242e-05
9.651514938e-05
9.854187096e-05
9.82492415e-05
9.783162486e-05
9.731993905e-05
9.67527373e-05
9.617680003e-05
9.564689821e-05
9.522495413e-05
9.497854784e-05
9.712577954e-05
9.680772868e-05
9.635506631e-05
9.580234288e-05
9.519197044e-05
9.457454838e-05
9.400844971e-05
9.355896276e-05
9.329696886e-05
9.553199407e-05
9.519410596e-05
9.471414276e-05
9.412952333e-05
9.3485686e-05
9.283619547e-05
9.224218809e-05
9.177150404e-05
9.149751933e-05
9.379256315e-05
9.343973954e-05
9.293927286e-05
9.233077973e-05
9.166199528e-05
9.098870244e-05
9.037406528e-05
8.988776264e-05
8.960495413e-05
9.193669477e-05
9.157319046e-05
9.10581209e-05
9.043271894e-05
8.974638437e-05
8.905647116e-05
8.842753484e-05
8.793047181e-05
8.764160244e-05
8.99906558e-05
8.962012604e-05
8.909552371e-05
8.84591996e-05
8.776167673e-05
8.706132544e-05
8.642354568e-05
8.591991527e-05
8.5627374e-05
8.797778257e-05
8.760333725e-05
8.707351739e-05
8.64313695e-05
8.572808059e-05
8.502256591e-05
8.438060331e-05
8.387399285e-05
8.357982727e-05
8.591857716e-05
8.55428381e-05
8.501144042e-05
8.436777186e-05
8.366329738e-05
8.295708005e-05
8.231488122e-05
8.180833319e-05
8.151428305e-05
8.383086265e-05
8.345602006e-05
8.292608668e-05
8.228449671e-05
8.158267158e-05
8.087949046e-05
8.024036766e-05
7.97364393e-05
7.94439694e-05
8.172997536e-05
8.135784187e-05
8.083189177e-05
8.019536291e-05
7.949936779e-05
7.880232721e-05
7.81690339e-05
7.766985397e-05
7.738018561e-05
7.962897858e-05
7.926103925e-05
7.874113726e-05
7.811211594e-05
7.742456194e-05
7.673621274e-05
7.611101383e-05
7.561833548e-05
7.533247592e-05
7.753888414e-05
7.7176342e-05
7.666416148e-05
7.60446314e-05
7.53676371e-05
7.469005044e-05
7.407478645e-05
7.359003572e-05
7.33088053e-05
7.54688728e-05
7.511268947e-05
7.460956834e-05
7.400111607e-05
7.333637659e-05
7.267121035e-05
7.206735527e-05
7.159167496e-05
7.131573172e-05
7.342650629e-05
7.307743787e-05
7.258442816e-05
7.198830127e-05
7.13371495e-05
7.068570725e-05
7.00944201e-05
6.962870904e-05
6.935857092e-05
7.141792703e-05
7.107655543e-05
7.059446656e-05
7.001162451e-05
6.937508492e-05
6.873836796e-05
6.816053844e-05
6.770548637e-05
6.7441551e-05
6.944804252e-05
6.911480267e-05
6.864423909e-05
6.807539751e-05
6.745423311e-05
6.683298593e-05
6.626927451e-05
6.582539289e-05
6.556795503e-05
6.752069334e-05
6.719589657e-05
6.673729025e-05
6.618295931e-05
6.557771239e-05
6.497246232e-05
6.442333525e-05
6.399098416e-05
6.37402512e-05
6.563880431e-05
6.532265852e-05
6.487629683e-05
6.433681424e-05
6.374784155e-05
6.31589331e-05
6.262469286e-05
6.220410459e-05
6.196020995e-05
6.380451924e-05
6.349714603e-05
6.306319566e-05
6.253875502e-05
6.196625809e-05
6.139388257e-05
6.087469424e-05
6.046599373e-05
6.022900871e-05
6.201931997e-05
6.17207693e-05
6.12992967e-05
6.078997178e-05
6.023402287e-05
5.967824393e-05
5.917415797e-05
5.877738052e-05
5.854732444e-05
6.028413086e-05
5.999439356e-05
5.95853823e-05
5.909114774e-05
5.855171215e-05
5.801248768e-05
5.752345952e-05
5.713856608e-05
5.691541513e-05
5.859940992e-05
5.831842823e-05
5.792179385e-05
5.744254284e-05
5.69194979e-05
5.63966988e-05
5.59226057e-05
5.5549496e-05
5.533319091e-05
5.696522785e-05
5.669290444e-05
5.6308507e-05
5.584406633e-05
5.533721766e-05
5.483064386e-05
5.43712993e-05
5.400982317e-05
5.380027569e-05
5.538133625e-05
5.511754185e-05
5.474519661e-05
5.429533943e-05
5.380443474e-05
5.331382892e-05
5.286899493e-05
5.251896194e-05
5.231606047e-05
5.384722627e-05
5.359180609e-05
5.323129259e-05
5.279574929e-05
5.232049011e-05
5.184554932e-05
5.141494697e-05
5.107613469e-05
5.08797491e-05
5.236217878e-05
5.211495798e-05
5.176602767e-05
5.134449505e-05
5.088454671e-05
5.042493228e-05
5.000825063e-05
4.968041162e-05
4.94903973e-05
5.092530711e-05
5.068609541e-05
5.034847813e-05
4.994062721e-05
4.949562726e-05
4.905097318e-05
4.864787683e-05
4.83307446e-05
4.814694593e-05
4.95355934e-05
4.930418897e-05
4.897759841e-05
4.858308094e-05
4.815264631e-05
4.772256628e-05
4.733270177e-05
4.702599584e-05
4.684824912e-05
4.819191926e-05
4.796811197e-05
4.765225027e-05
4.727070431e-05
4.685443726e-05
4.64385307e-05
4.606153192e-05
4.576496201e-05
4.559309794e-05
4.689309168e-05
4.667666585e-05
4.637122745e-05
4.600228197e-05
4.559977515e-05
4.51976322e-05
4.483312489e-05
4.454639451e-05
4.438024024e-05
4.563786466e-05
4.542860136e-05
4.513327624e-05
4.477655502e-05
4.438739568e-05
4.399860136e-05
4.364620691e-05
4.336901632e-05
4.320839718e-05
4.44249574e-05
4.422263634e-05
4.393711267e-05
4.359223751e-05
4.321601102e-05
4.284014874e-05
4.24994873e-05
4.223153599e-05
4.207627694e-05
4.325306924e-05
4.305747038e-05
4.278143678e-05
4.244803021e-05
4.20843229e-05
4.172097733e-05
4.139167045e-05
4.113265915e-05
4.098258593e-05
4.212089215e-05
4.193179697e-05
4.166494434e-05
4.134263177e-05
4.099103339e-05
4.063979281e-05
4.032146554e-05
4.007109789e-05
3.9926038e-05
4.102712087e-05
4.084431347e-05
4.058633646e-05
4.027474801e-05
3.993485362e-05
3.959531186e-05
3.928759448e-05
3.904557839e-05
3.890536189e-05
3.99704612e-05
3.979372915e-05
3.954432739e-05
3.924309932e-05
3.891451088e-05
3.858626885e-05
3.828879824e-05
3.805484698e-05
3.791930708e-05
3.894963667e-05
3.877877167e-05
3.853765075e-05
3.824642663e-05
3.792875422e-05
3.761142115e-05
3.732384191e-05
3.709767493e-05
3.69666485e-05
3.796339384e-05
3.779819231e-05
3.756506449e-05
3.728349609e-05
3.697635891e-05
3.666955328e-05
3.639151859e-05
3.61728622e-05
3.604619015e-05
3.701050642e-05
3.685076988e-05
3.662535473e-05
3.635310272e-05
3.605612981e-05
3.575948012e-05
3.549065233e-05
3.52792402e-05
3.515676775e-05
3.608977851e-05
3.593531392e-05
3.571733869e-05
3.545407317e-05
3.516690396e-05
3.488004922e-05
3.462010035e-05
3.441567386e-05
3.429725075e-05
3.520004692e-05
3.505066688e-05
3.483986687e-05
3.458526769e-05
3.430755237e-05
3.403014247e-05
3.377875457e-05
3.358106302e-05
3.346654365e-05
3.434018289e-05
3.419570579e-05
3.399182451e-05
3.374558153e-05
3.347698133e-05
3.320867728e-05
3.296554253e-05
3.277434335e-05
3.266358685e-05
3.350909322e-05
3.336934333e-05
3.317213261e-05
3.293394583e-05
3.26741331e-05
3.241460712e-05
3.217942802e-05
3.199448677e-05
3.188735702e-05
3.27057209e-05
3.257052839e-05
3.237974844e-05
3.214932801e-05
3.189798627e-05
3.164692186e-05
3.141941114e-05
3.124050154e-05
3.113686722e-05
3.192904541e-05
3.179824633e-05
3.161366572e-05
3.139073193e-05
3.114755582e-05
3.090464764e-05
3.068452826e-05
3.051143212e-05
3.04111666e-05
3.117808265e-05
3.105151892e-05
3.087291445e-05
3.065719762e-05
3.042189279e-05
3.018684656e-05
2.997385158e-05
2.98063587e-05
2.970934e-05
3.045188467e-05
3.032940394e-05
3.01565606e-05
2.994780093e-05
2.972008385e-05
2.949261617e-05
2.928648856e-05
2.912439658e-05
2.903050733e-05
2.974953913e-05
2.963099472e-05
2.946370548e-05
2.926165288e-05
2.904125065e-05
2.88210888e-05
2.862158123e-05
2.846469549e-05
2.837382275e-05
2.907016867e-05
2.895541943e-05
2.879348509e-05
2.859789893e-05
2.838454903e-05
2.817143068e-05
2.797830533e-05
2.782643862e-05
2.773847385e-05
2.841293005e-05
2.830184022e-05
2.814506921e-05
2.795571812e-05
2.774916813e-05
2.75428411e-05
2.735586934e-05
2.720884178e-05
2.712368065e-05
2.777701331e-05
2.766945239e-05
2.751766055e-05
2.733432211e-05
2.713432945e-05
2.693455139e-05
2.675351354e-05
2.661115229e-05
2.65286946e-05
2.716164077e-05
2.705748334e-05
2.69104937e-05
2.673295422e-05
2.65392858e-05
2.634582389e-05
2.617050896e-05
2.603264801e-05
2.595279753e-05
2.656606603e-05
2.646519158e-05
2.632283415e-05
2.615088833e-05
2.596332029e-05
2.577595092e-05
2.560615628e-05
2.547263624e-05
2.539530057e-05
2.598957288e-05
2.589186569e-05
2.575397718e-05
2.558742788e-05
2.540574521e-05
2.52242537e-05
2.505978478e-05
2.493045264e-05
2.485554308e-05
2.543147427e-05
2.533682321e-05
2.520324683e-05
2.504190475e-05
2.486590104e-05
2.469008124e-05
2.453075129e-05
2.440546015e-05
2.433289159e-05
2.489111125e-05
2.47994096e-05
2.46699948e-05
2.451367819e-05
2.434315528e-05
2.417280932e-05
2.401843908e-05
2.389704797e-05
2.382673871e-05
2.436785185e-05
2.427899716e-05
2.415359944e-05
2.400213383e-05
2.38369015e-05
2.367183945e-05
2.352225685e-05
2.340463049e-05
2.333650212e-05
2.38610901e-05
2.377498402e-05
2.365346464e-05
2.350668257e-05
2.334655824e-05
2.318659783e-05
2.304163776e-05
2.29276463e-05
2.286162362e-05
2.337024497e-05
2.328679311e-05
2.316901892e-05
2.302675964e-05
2.287156809e-05
2.271653439e-05
2.25760384e-05
2.246555728e-05
2.24015681e-05
2.289475943e-05
2.28138712e-05
2.269971439e-05
2.256182366e-05
2.241139672e-05
2.226112187e-05
2.212493793e-05
2.201784764e-05
2.195582273e-05
2.243409952e-05
2.235568795e-05
2.224502591e-05
2.211135569e-05
2.196553204e-05
2.181985499e-05
2.168783725e-05
2.158402313e-05
2.152389609e-05
2.198775345e-05
2.191173514e-05
2.180445019e-05
2.167485848e-05
2.153348334e-05
2.139224961e-05
2.126425819e-05
2.11636103e-05
2.110531745e-05
2.155523087e-05
2.148152578e-05
2.137750507e-05
2.125185568e-05
2.111478061e-05
2.097784207e-05
2.085374286e-05
2.07561558e-05
2.069963609e-05
2.113606208e-05
2.106459349e-05
2.096372881e-05
2.084189116e-05
2.070897389e-05
2.057618858e-05
2.045585305e-05
2.036122584e-05
2.030642081e-05
2.072979749e-05
2.066049186e-05
2.056267954e-05
2.044452853e-05
2.031563276e-05
2.018686472e-05
2.007016982e-05
1.997840578e-05
1.992525947e-05
2.033600706e-05
2.026879399e-05
2.017393475e-05
2.005935065e-05
1.993434596e-05
1.980946509e-05
1.969629312e-05
1.960729982e-05
1.955575872e-05
1.995427994e-05
1.98890921e-05
1.979709104e-05
1.968595937e-05
1.956472112e-05
1.944360316e-05
1.933384171e-05
1.924753091e-05
1.919754397e-05
1.958422428e-05
1.952099739e-05
1.94317639e-05
1.932397544e-05
1.920638473e-05
1.908891119e-05
1.898245315e-05
1.889874079e-05
1.88502594e-05
1.922546713e-05
1.916413993e-05
1.907758774e-05
1.897303851e-05
1.885898222e-05
1.874504044e-05
1.864178402e-05
1.856059028e-05
1.85135683e-05
1.887765454e-05
1.881816889e-05
1.873421608e-05
1.863280742e-05
1.852217831e-05
1.841166155e-05
1.83115104e-05
1.823275978e-05
1.818715362e-05
1.854045195e-05
1.848275281e-05
1.840132196e-05
1.830296067e-05
1.81956575e-05
1.808846513e-05
1.799132851e-05
1.791494999e-05
1.787071867e-05
1.821354459e-05
1.815758022e-05
1.80785985e-05
1.798319705e-05
1.787912486e-05
1.77751626e-05
1.768095561e-05
1.760688285e-05
1.756398813e-05
1.78966383e-05
1.784236032e-05
1.776575978e-05
1.767323655e-05
1.757230694e-05
1.747148718e-05
1.738013111e-05
1.730830268e-05
1.726670923e-05
1.758946036e-05
1.753682398e-05
1.746254177e-05
1.737282141e-05
1.727495292e-05
1.717719515e-05
1.70886178e-05
1.701897755e-05
1.697865313e-05
1.729176056e-05
1.724072481e-05
1.716870348e-05
1.70817173e-05
1.69868359e-05
1.689206712e-05
1.68062033e-05
1.673870064e-05
1.66996163e-05
1.70033124e-05
1.695384034e-05
1.688402827e-05
1.679971466e-05
1.670775418e-05
1.661590947e-05
1.653270141e-05
1.646729176e-05
1.642942207e-05
1.672391433e-05
1.667597334e-05
1.660832503e-05
1.652662997e-05
1.643753266e-05
1.634855566e-05
1.626795355e-05
1.620459868e-05
1.616792198e-05
1.645339094e-05
1.6406953e-05
1.634142952e-05
1.626230701e-05
1.617602403e-05
1.608986748e-05
1.601182992e-05
1.595049834e-05
1.591499693e-05
1.619159409e-05
1.614663599e-05
1.608320532e-05
1.600661781e-05
1.592310975e-05
1.583973592e-05
1.576423032e-05
1.570489761e-05
1.567055794e-05
1.593840371e-05
1.589490733e-05
1.583354464e-05
1.575946341e-05
1.567870056e-05
1.559808165e-05
1.552508453e-05
1.546773353e-05
1.543454631e-05
1.569372828e-05
1.565168067e-05
1.559236854e-05
1.552077388e-05
1.544273653e-05
1.536485479e-05
1.529435191e-05
1.523897279e-05
1.520693303e-05
1.545750467e-05
1.541689818e-05
1.535962662e-05
1.52905079e-05
1.521518627e-05
1.514003396e-05
1.507202018e-05
1.501861035e-05
1.498771724e-05
1.522969742e-05
1.519052949e-05
1.513529585e-05
1.506865128e-05
1.499604525e-05
1.492362425e-05
1.485810315e-05
1.480666683e-05
1.477692354e-05
1.501029709e-05
1.49725701e-05
1.491937857e-05
1.485521459e-05
1.478533299e-05
1.471565408e-05
1.465263722e-05
1.460318479e-05
1.4574598e-05
1.479931765e-05
1.476303839e-05
1.471189934e-05
1.465022976e-05
1.458308927e-05
1.451617086e-05
1.445567652e-05
1.440822354e-05
1.438080281e-05
1.459679264e-05
1.456197164e-05
1.451290062e-05
1.445374528e-05
1.438936888e-05
1.432523536e-05
1.426728692e-05
1.422185269e-05
1.419560966e-05
1.440277035e-05
1.436942095e-05
1.432243727e-05
1.426582028e-05
1.420423523e-05
1.414291479e-05
1.408753864e-05
1.404414448e-05
1.401909176e-05
1.421730773e-05
1.418544488e-05
1.414056993e-05
1.408651748e-05
1.402775281e-05
1.396927484e-05
1.391649784e-05
1.3875165e-05
1.385131491e-05
1.404046336e-05
1.401010223e-05
1.396735737e-05
1.391589523e-05
1.385997881e-05
1.380437081e-05
1.375421744e-05
1.371496471e-05
1.369232787e-05
1.387228951e-05
1.384344386e-05
1.380284819e-05
1.375399876e-05
1.37009541e-05
1.364823835e-05
1.360072754e-05
1.356356872e-05
1.354215251e-05
1.371282364e-05
1.368550412e-05
1.364707196e-05
1.360085127e-05
1.355069409e-05
1.350088418e-05
1.345602609e-05
1.34209674e-05
1.340077444e-05
1.356207978e-05
1.353629218e-05
1.350003052e-05
1.345644515e-05
1.340918001e-05
1.336227744e-05
1.332007035e-05
1.328710796e-05
1.326813466e-05
1.34200402e-05
1.339578369e-05
1.336168987e-05
1.332073404e-05
1.32763512e-05
1.323234226e-05
1.319276982e-05
1.316188772e-05
1.314412309e-05
1.328664789e-05
1.326391352e-05
1.323197304e-05
1.319362615e-05
1.315209896e-05
1.311095223e-05
1.307398127e-05
1.304514964e-05
1.302857439e-05
1.316180046e-05
1.314056995e-05
1.311075486e-05
1.307497958e-05
1.303626254e-05
1.299792715e-05
1.296350636e-05
1.293668068e-05
1.292126677e-05
1.304534593e-05
1.302559089e-05
1.299785874e-05
1.296459991e-05
1.292862775e-05
1.289303274e-05
1.286109223e-05
1.283621321e-05
1.282192393e-05
1.293708086e-05
1.291876247e-05
1.289305605e-05
1.286224061e-05
1.282892842e-05
1.279598314e-05
1.276643524e-05
1.274342962e-05
1.273022024e-05
1.283675107e-05
1.281982041e-05
1.279606831e-05
1.276760619e-05
1.27368507e-05
1.270644653e-05
1.267918767e-05
1.265797006e-05
1.264578905e-05
1.27440551e-05
1.272845405e-05
1.270657209e-05
1.268035816e-05
1.265204034e-05
1.262405363e-05
1.259896753e-05
1.257944348e-05
1.25682347e-05
1.265865023e-05
1.264431297e-05
1.26242065e-05
1.260012369e-05
1.257411248e-05
1.254840911e-05
1.252537186e-05
1.250744367e-05
1.249715012e-05
1.258016101e-05
1.256701608e-05
1.254858312e-05
1.252650666e-05
1.250266431e-05
1.247910648e-05
1.245799161e-05
1.244155672e-05
1.243211792e-05
1.250819003e-05
1.249616307e-05
1.247929862e-05
1.245910204e-05
1.243728968e-05
1.241573521e-05
1.239641244e-05
1.238136727e-05
1.237272257e-05
1.244233247e-05
1.243134945e-05
1.241594823e-05
1.239750259e-05
1.23775788e-05
1.235788609e-05
1.234022688e-05
1.232647111e-05
1.231856275e-05
1.23821829e-05
1.237216918e-05
1.23581259e-05
1.234130395e-05
1.232313043e-05
1.230516284e-05
1.228904481e-05
1.227648354e-05
1.226925737e-05
1.232733943e-05
1.231822227e-05
1.230543498e-05
1.229011507e-05
1.227356079e-05
1.225718955e-05
1.224249819e-05
1.223104331e-05
1.222444945e-05
1.227741381e-05
1.226912463e-05
1.225749748e-05
1.224356557e-05
1.222850836e-05
1.221361411e-05
1.2200244e-05
1.218981488e-05
1.2183808e-05
1.223203875e-05
1.222451382e-05
1.221395806e-05
1.220130883e-05
1.21876364e-05
1.217410994e-05
1.216196508e-05
1.21524887e-05
1.214702789e-05
1.219087083e-05
1.218405174e-05
1.217448611e-05
1.216302344e-05
1.215063355e-05
1.213837569e-05
1.212736907e-05
1.211877926e-05
1.211382751e-05
1.215359197e-05
1.21474256e-05
1.213877632e-05
1.212841292e-05
1.211721273e-05
1.210613334e-05
1.209618569e-05
1.208842203e-05
1.208394538e-05
1.211990918e-05
1.211434737e-05
1.210654741e-05
1.209720382e-05
1.208710853e-05
1.207712483e-05
1.206816288e-05
1.206116907e-05
1.205713568e-05
1.208955286e-05
1.20845516e-05
1.207753953e-05
1.206914253e-05
1.206007335e-05
1.205110769e-05
1.204306192e-05
1.20367839e-05
1.203316285e-05
1.206227377e-05
1.205779224e-05
1.20515107e-05
1.204399127e-05
1.203587308e-05
1.202785025e-05
1.202065202e-05
1.201503526e-05
1.201179474e-05
1.203783934e-05
1.203383874e-05
1.202823279e-05
1.202152408e-05
1.201428284e-05
1.200712703e-05
1.200070479e-05
1.199568953e-05
1.199279266e-05
1.201602965e-05
1.20124722e-05
1.200748786e-05
1.200152333e-05
1.199508405e-05
1.198871609e-05
1.198299035e-05
1.197849983e-05
1.197588838e-05
1.199663358e-05
1.199348168e-05
1.198906489e-05
1.198377729e-05
1.197806332e-05
1.197240203e-05
1.19672883e-05
1.196327738e-05
1.196095067e-05
1.197944492e-05
1.197666066e-05
1.197275646e-05
1.196807699e-05
1.196300781e-05
1.195797729e-05
1.195345181e-05
1.194991275e-05
1.194786666e-05
1.196425768e-05
1.196180282e-05
1.19583543e-05
1.195421467e-05
1.194974404e-05
1.194532739e-05
1.194137097e-05
1.193828851e-05
1.193651123e-05
1.195085711e-05
1.194869666e-05
1.194567155e-05
1.194205703e-05
1.193816741e-05
1.193434197e-05
1.193092817e-05
1.192827774e-05
1.192675376e-05
1.193909827e-05
1.193722654e-05
1.193461221e-05
1.193150108e-05
1.192816676e-05
1.192490011e-05
1.192199611e-05
1.191974949e-05
1.191846142e-05
1.192889032e-05
1.192729498e-05
1.192507301e-05
1.192243713e-05
1.191962306e-05
1.19168774e-05
1.191444672e-05
1.191257363e-05
1.191150319e-05
1.192013297e-05
1.19187969e-05
1.191694109e-05
1.191474725e-05
1.191241497e-05
1.191015004e-05
1.190815473e-05
1.190662437e-05
1.190575331e-05
1.191271443e-05
1.191161821e-05
1.191010021e-05
1.190831315e-05
1.190642301e-05
1.190459818e-05
1.190300072e-05
1.190178321e-05
1.190109409e-05
1.19065208e-05
1.19056443e-05
1.190443528e-05
1.190301969e-05
1.190153273e-05
1.190010883e-05
1.189887366e-05
1.189794116e-05
1.189741796e-05
1.190144019e-05
1.190076364e-05
1.189983563e-05
1.189875773e-05
1.189763724e-05
1.189657794e-05
1.189567267e-05
1.189500025e-05
1.189462888e-05
1.189736588e-05
1.189687067e-05
1.189619761e-05
1.189542629e-05
1.189463896e-05
1.189391185e-05
1.189330809e-05
1.189287429e-05
1.189264286e-05
1.189419864e-05
1.189386795e-05
1.189342642e-05
1.189293408e-05
1.189245078e-05
1.189202799e-05
1.189170179e-05
1.189148891e-05
1.189138781e-05
1.189184849e-05
1.18916676e-05
1.189143735e-05
1.189120036e-05
1.18909965e-05
1.189085489e-05
1.189078674e-05
1.189078065e-05
1.189080242e-05
1.189023575e-05
1.189019228e-05
1.18901564e-05
1.189015526e-05
1.18902108e-05
1.189033171e-05
1.189050594e-05
1.189069523e-05
1.189083363e-05
1.188929162e-05
1.188937562e-05
1.18895206e-05
1.188973985e-05
1.189003897e-05
1.189040752e-05
1.189081103e-05
1.189118482e-05
1.189143207e-05
1.188895843e-05
1.188916234e-05
1.188947804e-05
1.188990617e-05
1.189043701e-05
1.189104153e-05
1.189166253e-05
1.189220744e-05
1.189254911e-05
1.188918948e-05
1.188950816e-05
1.188998779e-05
1.189061725e-05
1.189137219e-05
1.189220512e-05
1.189303565e-05
1.189374644e-05
1.189419348e-05
1.188994858e-05
1.189037924e-05
1.189101933e-05
1.189184666e-05
1.189282268e-05
1.189388164e-05
1.189492483e-05
1.189582058e-05
1.189638361e-05
1.189120891e-05
1.189175101e-05
1.189255138e-05
1.189357715e-05
1.189477606e-05
1.189607139e-05
1.189735233e-05
1.189845249e-05
1.189914148e-05
1.189295128e-05
1.189360627e-05
1.189457003e-05
1.189579873e-05
1.189723731e-05
1.18987975e-05
1.190034144e-05
1.190166408e-05
1.190248687e-05
1.189516172e-05
1.189593191e-05
1.189706712e-05
1.1898522e-05
1.190022955e-05
1.190208221e-05
1.190391159e-05
1.19054702e-05
1.190643027e-05
1.189783215e-05
1.18987337e-05
1.190006408e-05
1.190177109e-05
1.190377388e-05
1.190594184e-05
1.190807178e-05
1.190987075e-05
1.191096491e-05
1.190099228e-05
1.190203996e-05
1.190358548e-05
1.190556626e-05
1.190788396e-05
1.191038026e-05
1.191281272e-05
1.191484273e-05
1.191605938e-05
1.190466947e-05
1.1905875e-05
1.190765042e-05
1.19099189e-05
1.19125598e-05
1.191538161e-05
1.191809969e-05
1.19203348e-05
1.192165391e-05
1.190888514e-05
1.191025559e-05
1.191226776e-05
1.191482593e-05
1.191778123e-05
1.192090419e-05
1.192386893e-05
1.192626719e-05
1.192766217e-05
1.191365081e-05
1.191518633e-05
1.191743071e-05
1.192026369e-05
1.192350256e-05
1.192687787e-05
1.193002967e-05
1.193253765e-05
1.19339785e-05
1.191896287e-05
1.192065406e-05
1.192311082e-05
1.192618295e-05
1.19296503e-05
1.193320685e-05
1.193647197e-05
1.193903156e-05
1.19404882e-05
1.192479625e-05
1.192662171e-05
1.192925314e-05
1.193250675e-05
1.193612604e-05
1.193977799e-05
1.194307787e-05
1.194563297e-05
1.194707796e-05
1.193109822e-05
1.193302349e-05
1.193577411e-05
1.193913313e-05
1.194281441e-05
1.194647179e-05
1.194973213e-05
1.195223366e-05
1.195364384e-05
1.193778465e-05
1.193976384e-05
1.194256488e-05
1.194594306e-05
1.194959396e-05
1.195317303e-05
1.195633035e-05
1.19587388e-05
1.196009592e-05
1.194474195e-05
1.194672246e-05
1.194949987e-05
1.195281146e-05
1.195634778e-05
1.195977842e-05
1.196278334e-05
1.196506944e-05
1.196636004e-05
1.195183578e-05
1.195376498e-05
1.195644876e-05
1.195961822e-05
1.196297139e-05
1.196620081e-05
1.196901859e-05
1.197116253e-05
1.197237742e-05
1.195892468e-05
1.196075644e-05
1.19632883e-05
1.19662568e-05
1.196937735e-05
1.19723704e-05
1.197497953e-05
1.197696956e-05
1.197810306e-05
1.196587466e-05
1.196757374e-05
1.196991145e-05
1.197263929e-05
1.197549669e-05
1.197823394e-05
1.198062392e-05
1.19824546e-05
1.198350377e-05
1.197257068e-05
1.197411442e-05
1.197623253e-05
1.197869817e-05
1.198127839e-05
1.198375314e-05
1.198592178e-05
1.198759225e-05
1.198855609e-05
1.197892307e-05
1.198030062e-05
1.198218865e-05
1.198438575e-05
1.198668775e-05
1.198890277e-05
1.199085373e-05
1.199236611e-05
1.199324467e-05
1.198486908e-05
1.19860793e-05
1.198773863e-05
1.198967239e-05
1.199170466e-05
1.199366939e-05
1.199541034e-05
1.199676861e-05
1.199756211e-05
1.199037088e-05
1.19914198e-05
1.199286036e-05
1.199454418e-05
1.199632183e-05
1.199805065e-05
1.19995929e-05
1.200080424e-05
1.200151649e-05
1.199541184e-05
1.199631029e-05
1.199754766e-05
1.199900027e-05
1.200054281e-05
1.200205352e-05
1.200341138e-05
1.2004486e-05
1.200512455e-05
1.199999212e-05
1.200075382e-05
1.200180691e-05
1.20030501e-05
1.200437964e-05
1.200569239e-05
1.200688272e-05
1.200783546e-05
1.200840771e-05
1.200412447e-05
1.200476452e-05
1.200565379e-05
1.200671079e-05
1.20078508e-05
1.200898732e-05
1.201003007e-05
1.201087574e-05
1.201138889e-05
1.200783036e-05
1.200836416e-05
1.200911029e-05
1.201000455e-05
1.20109789e-05
1.201196203e-05
1.201287805e-05
1.201363044e-05
1.201409126e-05
1.201113664e-05
1.20115791e-05
1.201220212e-05
1.201295634e-05
1.201378854e-05
1.201464295e-05
1.201545123e-05
1.201612289e-05
1.201653764e-05
1.201407299e-05
1.201443818e-05
1.201495721e-05
1.201559358e-05
1.201630905e-05
1.20170567e-05
1.201777392e-05
1.2018376e-05
1.201875036e-05
1.201667025e-05
1.201697148e-05
1.201740536e-05
1.201794781e-05
1.201856929e-05
1.201922902e-05
1.201986954e-05
1.202041186e-05
1.202075118e-05
1.20189609e-05
1.201921262e-05
1.201958123e-05
1.202005046e-05
1.202059677e-05
1.202118429e-05
1.202176024e-05
1.202225125e-05
1.202256009e-05
1.202098391e-05
1.202119907e-05
1.202151847e-05
1.202193088e-05
1.20224171e-05
1.202294521e-05
1.202346672e-05
1.20239137e-05
1.202419541e-05
1.20227771e-05
1.202296533e-05
1.202324757e-05
1.202361574e-05
1.202405369e-05
1.202453264e-05
1.202500794e-05
1.202541657e-05
1.202567415e-05
1.202437319e-05
1.202454147e-05
1.202479542e-05
1.202512885e-05
1.202552763e-05
1.202596554e-05
1.20264014e-05
1.202677607e-05
1.202701213e-05
1.202579996e-05
1.202595327e-05
1.202618539e-05
1.202649113e-05
1.202685774e-05
1.202726107e-05
1.202766242e-05
1.202800698e-05
1.202822383e-05
1.202708082e-05
1.202722268e-05
1.202743763e-05
1.202772091e-05
1.202806067e-05
1.202843422e-05
1.202880503e-05
1.202912277e-05
1.202932243e-05
1.202823545e-05
1.202836834e-05
1.202856945e-05
1.202883414e-05
1.202915112e-05
1.202949829e-05
1.20298419e-05
1.203013564e-05
1.203031986e-05
1.202928045e-05
1.202940609e-05
1.20295958e-05
1.202984483e-05
1.203014153e-05
1.203046514e-05
1.203078435e-05
1.203105652e-05
1.203122686e-05
1.203022986e-05
1.20303495e-05
1.203052956e-05
1.203076449e-05
1.203104292e-05
1.203134528e-05
1.20316425e-05
1.203189521e-05
1.203205303e-05
1.203109574e-05
1.203121008e-05
1.203138118e-05
1.203160318e-05
1.203186496e-05
1.203214803e-05
1.203242533e-05
1.203266045e-05
1.203280694e-05
1.203188771e-05
1.203199695e-05
1.203215964e-05
1.203236967e-05
1.203261618e-05
1.203288165e-05
1.203314083e-05
1.203335998e-05
1.203349621e-05
1.203261367e-05
1.203271801e-05
1.203287276e-05
1.203307165e-05
1.203330406e-05
1.203355341e-05
1.203379605e-05
1.203400068e-05
1.203412761e-05
1.203328049e-05
1.203338012e-05
1.203352736e-05
1.203371584e-05
1.203393521e-05
1.203416974e-05
1.203439727e-05
1.203458866e-05
1.203470713e-05
1.203389419e-05
1.203398931e-05
1.203412944e-05
1.203430817e-05
1.203451545e-05
1.203473633e-05
1.203495001e-05
1.203512932e-05
1.203524008e-05
1.203446007e-05
1.203455087e-05
1.203468426e-05
1.203485385e-05
1.203504991e-05
1.203525819e-05
1.203545916e-05
1.203562741e-05
1.203573115e-05
1.203498278e-05
1.203506945e-05
1.203519648e-05
1.20353575e-05
1.203554312e-05
1.203573976e-05
1.203592904e-05
1.203608717e-05
1.203618448e-05
1.203546644e-05
1.203554919e-05
1.203567019e-05
1.203582319e-05
1.203599908e-05
1.203618496e-05
1.203636346e-05
1.203651229e-05
1.203660371e-05
1.203591471e-05
1.203599372e-05
1.203610903e-05
1.20362545e-05
1.203642134e-05
1.203659723e-05
1.203676579e-05
1.203690605e-05
1.203699205e-05
1.203633084e-05
1.203640629e-05
1.203651622e-05
1.203665462e-05
1.203681299e-05
1.20369796e-05
1.203713893e-05
1.203727126e-05
1.203735225e-05
1.203671769e-05
1.203678976e-05
1.203689461e-05
1.203702634e-05
1.203717677e-05
1.203733469e-05
1.203748539e-05
1.203761031e-05
1.203768664e-05
1.203707782e-05
1.203714666e-05
1.203724667e-05
1.203737208e-05
1.203751498e-05
1.203766468e-05
1.203780723e-05
1.203792515e-05
1.203799705e-05
1.203741343e-05
1.203747917e-05
1.203757451e-05
1.203769384e-05
1.203782952e-05
1.20379713e-05
1.203810599e-05
1.203821712e-05
1.203828472e-05
1.203772636e-05
1.203778904e-05
1.203787981e-05
1.203799316e-05
1.203812172e-05
1.203825567e-05
1.20383825e-05
1.20384868e-05
1.203855006e-05
1.203801785e-05
1.203807745e-05
1.203816358e-05
1.203827087e-05
1.203839212e-05
1.203851795e-05
1.203863656e-05
1.203873363e-05
1.203879223e-05
1.203828802e-05
1.203834439e-05
1.203842563e-05
1.203852645e-05
1.203863984e-05
1.20387568e-05
1.203886627e-05
1.203895516e-05
1.203900839e-05
1.20385343e-05
1.203858712e-05
1.203866298e-05
1.20387566e-05
1.203886113e-05
1.203896794e-05
1.203906676e-05
1.203914591e-05
1.203919262e-05
1.20387469e-05
1.203879582e-05
1.20388657e-05
1.20389513e-05
1.203904588e-05
1.203914119e-05
1.203922773e-05
1.203929543e-05
1.203933425e-05
1.203889615e-05
1.203894139e-05
1.203900567e-05
1.203908377e-05
1.203916907e-05
1.203925361e-05
1.203932863e-05
1.203938535e-05
1.203941627e-05
1.34982648e-22
5.055089789e-22
1.127630907e-21
2.136571287e-21
3.770841674e-21
6.442735512e-21
1.086860603e-20
1.828683372e-20
3.084176873e-20
5.224779723e-20
8.894715627e-20
1.521257593e-19
2.612238475e-19
4.500360064e-19
7.772635654e-19
1.344699936e-18
2.328633612e-18
4.034538808e-18
6.992161613e-18
1.212060371e-17
2.101485846e-17
3.644319757e-17
6.321058376e-17
1.096574454e-16
1.902607454e-16
3.301467973e-16
5.729169256e-16
9.942038138e-16
1.725126e-15
2.992797298e-15
5.19013551e-15
8.995824735e-15
1.557976113e-14
2.695347551e-14
4.656503391e-14
8.030356878e-14
1.381852549e-13
2.371639169e-13
4.057813711e-13
6.917979649e-13
1.174598432e-12
1.985157177e-12
3.337810018e-12
5.580193174e-12
9.270688378e-12
1.529680311e-11
2.50534017e-11
4.070693503e-11
6.558127879e-11
1.047132501e-10
1.656425722e-10
2.595237871e-10
4.026780949e-10
6.187357797e-10
9.415404417e-10
1.419131247e-09
2.119096105e-09
3.135804995e-09
4.600052219e-09
6.692279999e-09
9.661508844e-09
1.385341813e-08
1.975092322e-08
2.802755513e-08
3.961299821e-08
5.577569205e-08
7.823057898e-08
1.092779705e-07
1.519778476e-07
2.103631428e-07
2.896943556e-07
3.967552677e-07
5.401857725e-07
7.308426227e-07
9.821720521e-07
1.310569637e-06
1.735692804e-06
2.280681236e-06
2.972231865e-06
3.840470683e-06
4.918575774e-06
6.241840381e-06
7.84630379e-06
9.767200814e-06
1.203695841e-05
1.468291318e-05
1.772489664e-05
2.11728761e-05
2.502486332e-05
2.92653047e-05
3.386414271e-05
3.877668879e-05
4.394437837e-05
4.929639574e-05
5.475206874e-05
6.022384828e-05
6.562061266e-05
7.085098228e-05
7.582671676e-05
8.047250936e-05
8.473034198e-05
8.85530949e-05
9.19057075e-05
9.476572869e-05
9.712317874e-05
9.897978969e-05
0.0001003477517
0.0001012481175
0.0001017090193
0.0001017638397
0.0001014494541
0.0001008046324
9.986865624e-05
9.868018153e-05
9.727635067e-05
9.569214195e-05
9.395993168e-05
9.210923897e-05
9.016661896e-05
8.815567027e-05
8.609712988e-05
8.40090285e-05
8.190688408e-05
7.980391735e-05
7.771127567e-05
7.563825569e-05
7.359251779e-05
7.158028791e-05
6.960654397e-05
6.767518574e-05
6.578918756e-05
6.395073451e-05
6.216134269e-05
6.042196472e-05
5.873308182e-05
5.709478359e-05
5.55068369e-05
5.396874509e-05
5.247979861e-05
5.103911816e-05
4.964569143e-05
4.829840399e-05
4.69960655e-05
4.573743154e-05
4.452122196e-05
4.334613602e-05
4.221086498e-05
4.111410236e-05
4.005455232e-05
3.903093643e-05
3.804199901e-05
3.708651138e-05
3.616327505e-05
3.527112416e-05
3.440892721e-05
3.35755882e-05
3.277004732e-05
3.199128125e-05
3.123830312e-05
3.051016225e-05
2.980594362e-05
2.912476721e-05
2.846578725e-05
2.782819126e-05
2.721119916e-05
2.661406219e-05
2.603606189e-05
2.547650902e-05
2.493474252e-05
2.44101284e-05
2.390205873e-05
2.340995062e-05
2.293324521e-05
2.247140681e-05
2.202392197e-05
2.15902987e-05
2.117006575e-05
2.0762772e-05
2.036798592e-05
1.998529521e-05
1.961430658e-05
1.925464561e-05
1.890595693e-05
1.856790445e-05
1.824017188e-05
1.792246345e-05
1.761450474e-05
1.731604375e-05
1.702685207e-05
1.67467261e-05
1.647548827e-05
1.621298815e-05
1.595910327e-05
1.571373965e-05
1.547683168e-05
1.524834144e-05
1.502825718e-05
1.481659072e-05
1.461337383e-05
1.44186534e-05
1.423248559e-05
1.405492881e-05
1.388603593e-05
1.372584582e-05
1.357437477e-05
1.343160811e-05
1.329749261e-05
1.317193027e-05
1.305477389e-05
1.294582497e-05
1.284483414e-05
1.275150436e-05
1.266549665e-05
1.258643835e-05
1.251393359e-05
1.244757742e-05
1.238696475e-05
1.233169289e-05
1.228137169e-05
1.223563159e-05
1.219412666e-05
1.215653627e-05
1.212256508e-05
1.209194143e-05
1.206441449e-05
1.203975064e-05
1.201772941e-05
1.199813951e-05
1.198077482e-05
1.196542956e-05
1.195188974e-05
1.193999414e-05
1.192965506e-05
1.192077443e-05
1.191324166e-05
1.190694328e-05
1.19017673e-05
1.189760649e-05
1.189436084e-05
1.189193937e-05
1.189026131e-05
1.18892567e-05
1.188886672e-05
1.188904354e-05
1.188974983e-05
1.189095772e-05
1.189264707e-05
1.189480312e-05
1.189741382e-05
1.190050638e-05
1.190410997e-05
1.190824816e-05
1.191293545e-05
1.191817244e-05
1.192393951e-05
1.193019014e-05
1.193684605e-05
1.194379763e-05
1.195091138e-05
1.19580434e-05
1.196505473e-05
1.197182425e-05
1.197825637e-05
1.198428333e-05
1.198986358e-05
1.199497793e-05
1.199962502e-05
1.200381684e-05
1.200757467e-05
1.201092559e-05
1.20138997e-05
1.201652825e-05
1.201884354e-05
1.202088454e-05
1.202269075e-05
1.202429634e-05
1.202573011e-05
1.202701623e-05
1.20281749e-05
1.202922311e-05
1.203017515e-05
1.203104327e-05
1.203183742e-05
1.203256551e-05
1.203323439e-05
1.203385009e-05
1.20344179e-05
1.203494246e-05
1.20354279e-05
1.203587787e-05
1.203629561e-05
1.203668401e-05
1.203704562e-05
1.203738266e-05
1.203769699e-05
1.203798989e-05
1.203826154e-05
1.203850943e-05
1.203872381e-05
1.203887474e-05
)
;

boundaryField
{
    outlet
    {
        type            inletOutlet;
        inletValue      uniform 0;
        value           nonuniform List<scalar> 10(1.203889615e-05 1.203894139e-05 1.203900567e-05 1.203908377e-05 1.203916907e-05 1.203925361e-05 1.203932863e-05 1.203938535e-05 1.203941627e-05 1.203887474e-05);
    }
    inlet
    {
        type            fixedValue;
        value           uniform 0;
    }
    front
    {
        type            wedge;
    }
    wall
    {
        type            zeroGradient;
    }
    back
    {
        type            wedge;
    }
}


// ************************************************************************* //
