/*--------------------------------*- C++ -*----------------------------------*\
| =========                 |                                                 |
| \\      /  F ield         | OpenFOAM: The Open Source CFD Toolbox           |
|  \\    /   O peration     | Version:  2212                                  |
|   \\  /    A nd           | Website:  www.openfoam.com                      |
|    \\/     M anipulation  |                                                 |
\*---------------------------------------------------------------------------*/
FoamFile
{
    version     2.0;
    format      ascii;
    arch        "LSB;label=32;scalar=64";
    class       volScalarField;
    location    "30.00000000";
    object      C6H5_0;
}
// * * * * * * * * * * * * * * * * * * * * * * * * * * * * * * * * * * * * * //

dimensions      [0 0 0 0 0 0 0];

internalField   nonuniform List<scalar> 
3000
(
2.972649849e-27
3.339634306e-27
3.893406896e-27
4.631337534e-27
5.545884805e-27
6.612149386e-27
7.765836558e-27
8.866552113e-27
9.644803235e-27
1.116146627e-26
1.258995404e-26
1.474457172e-26
1.762202934e-26
2.121923274e-26
2.551591279e-26
3.043711121e-26
3.573485285e-26
4.042708681e-26
2.500457383e-26
2.842623116e-26
3.363638045e-26
4.07100821e-26
4.977366108e-26
6.095733608e-26
7.421560883e-26
8.880456455e-26
1.012711021e-25
4.763588563e-26
5.472153366e-26
6.566900685e-26
8.08478509e-26
1.007938559e-25
1.260108284e-25
1.563578735e-25
1.894066049e-25
2.160798553e-25
8.460839066e-26
9.838582884e-26
1.200076641e-25
1.505712744e-25
1.915119913e-25
2.439741563e-25
3.070783425e-25
3.740894382e-25
4.255317667e-25
1.455283733e-25
1.71390516e-25
2.125604021e-25
2.716658364e-25
3.518605239e-25
4.5516519e-25
5.784991316e-25
7.063153085e-25
8.008855928e-25
2.47127629e-25
2.946396294e-25
3.711549958e-25
4.822443386e-25
6.340956576e-25
8.297324914e-25
1.061068336e-24
1.296120922e-24
1.465727498e-24
4.18362208e-25
5.043563111e-25
6.440740388e-25
8.484889052e-25
1.129000292e-24
1.489648486e-24
1.912342261e-24
2.335557148e-24
2.635835905e-24
7.094493496e-25
8.634519023e-25
1.115274282e-24
1.485553347e-24
1.994552285e-24
2.647155324e-24
3.406502515e-24
4.158872827e-24
4.686811655e-24
1.207461604e-24
1.481106283e-24
1.930584271e-24
2.593575799e-24
3.505423132e-24
4.67137176e-24
6.020460252e-24
7.347380736e-24
8.271630712e-24
2.063581992e-24
2.547043428e-24
3.343592416e-24
4.520712888e-24
6.139408786e-24
8.204149608e-24
1.058308529e-23
1.291109982e-23
1.452501058e-23
3.540570446e-24
4.391251226e-24
5.795662113e-24
7.873109264e-24
1.072814136e-23
1.436164037e-23
1.853380058e-23
2.260249236e-23
2.541718791e-23
6.095581786e-24
7.588388845e-24
1.005615185e-23
1.370801078e-23
1.87218291e-23
2.508685731e-23
3.236962199e-23
3.945185041e-23
4.436976879e-23
1.052424905e-23
1.313983387e-23
1.746797438e-23
2.387438711e-23
3.266056784e-23
4.378054666e-23
5.642990756e-23
6.864312127e-23
7.735556486e-23
1.821009482e-23
2.278904217e-23
3.037442725e-23
4.161122229e-23
5.70233235e-23
7.649118089e-23
9.842257072e-23
1.186043184e-22
1.350716487e-22
3.155361977e-23
3.956126645e-23
5.284357939e-23
7.255472475e-23
9.967780944e-23
1.342090013e-22
1.740143674e-22
2.137550483e-22
2.386964188e-22
5.471196275e-23
6.868670451e-23
9.187909943e-23
1.263071857e-22
1.736669623e-22
2.338461521e-22
3.027097226e-22
3.694836767e-22
4.148362608e-22
9.489261437e-23
1.192348872e-22
1.596382489e-22
2.196030818e-22
3.020312279e-22
4.066157732e-22
5.260071291e-22
6.41491899e-22
7.205483164e-22
1.64603907e-22
2.069530577e-22
2.772473879e-22
3.815584002e-22
5.248868751e-22
7.066292619e-22
9.139642516e-22
1.114444508e-21
1.251777342e-21
2.855625898e-22
3.591884286e-22
4.814052515e-22
6.6275487e-22
9.118933078e-22
1.22771879e-21
1.587914484e-21
1.936122172e-21
2.174626616e-21
4.954790791e-22
6.234340621e-22
8.358499419e-22
1.151038309e-21
1.584005468e-21
2.132775575e-21
2.758511678e-21
3.363289589e-21
3.777464147e-21
8.598421833e-22
1.08217246e-21
1.451279914e-21
1.998971849e-21
2.751271978e-21
3.704655644e-21
4.791549073e-21
5.841833557e-21
6.560976466e-21
1.492387374e-21
1.878657107e-21
2.519953517e-21
3.471511316e-21
4.778453075e-21
6.434503779e-21
8.322126442e-21
1.014582119e-20
1.139436574e-20
2.59064648e-21
3.261690576e-21
4.375776674e-21
6.028779357e-21
8.298892913e-21
1.117493383e-20
1.445250025e-20
1.761843287e-20
1.978559601e-20
4.497673386e-21
5.66336944e-21
7.598612601e-21
1.046972305e-20
1.441209067e-20
1.940569052e-20
2.50950512e-20
3.058924702e-20
3.434935234e-20
7.809188583e-21
9.834028052e-21
1.319529855e-20
1.818131491e-20
2.502621856e-20
3.369388594e-20
4.35660105e-20
5.309630072e-20
5.961670037e-20
1.355946479e-20
1.707634084e-20
2.291359217e-20
3.157050595e-20
4.345127755e-20
5.849009143e-20
7.561118465e-20
9.213195846e-20
1.034304729e-19
2.354344463e-20
2.965090885e-20
3.978583709e-20
5.481169569e-20
7.54245261e-20
1.015028492e-19
1.311742451e-19
1.597874369e-19
1.793447021e-19
4.087419912e-20
5.14779723e-20
6.906899171e-20
9.513783481e-20
1.308791351e-19
1.760651781e-19
2.274351178e-19
2.76930578e-19
3.10733852e-19
7.094586596e-20
8.934896937e-20
1.198662184e-19
1.650645442e-19
2.269851836e-19
3.05194013e-19
3.940085738e-19
4.794827975e-19
5.377935231e-19
1.230930019e-19
1.550127669e-19
2.079155762e-19
2.862078063e-19
3.933566379e-19
5.285203372e-19
6.817899257e-19
8.29065896e-19
9.293879842e-19
2.134415713e-19
2.687559945e-19
3.603671691e-19
4.958072112e-19
6.809195967e-19
9.140469333e-19
1.177900402e-18
1.430919537e-18
1.602932402e-18
3.69790265e-19
4.655225726e-19
6.239271662e-19
8.578084646e-19
1.176914754e-18
1.577941287e-18
2.03071429e-18
2.463758078e-18
2.757409515e-18
6.399354745e-19
8.053239597e-19
1.078661612e-18
1.481560378e-18
2.030066161e-18
2.717530978e-18
3.491303619e-18
4.22891096e-18
4.727481218e-18
1.105811267e-18
1.390856163e-18
1.861237492e-18
2.553095644e-18
3.492377832e-18
4.665647207e-18
5.981119337e-18
7.229952999e-18
8.070715048e-18
1.907412854e-18
2.397151259e-18
3.203764338e-18
4.386959946e-18
5.987700485e-18
7.978805901e-18
1.020059689e-17
1.22992081e-17
1.370522574e-17
3.283148473e-18
4.121231177e-18
5.498208106e-18
7.511159079e-18
1.022260259e-17
1.357769734e-17
1.729958482e-17
2.07935725e-17
2.312080265e-17
5.637804325e-18
7.064929348e-18
9.402427855e-18
1.280477609e-17
1.736267637e-17
2.296601531e-17
2.913714346e-17
3.488716049e-17
3.86902041e-17
9.657154365e-18
1.207279244e-17
1.601368703e-17
2.17183467e-17
2.930767834e-17
3.856193946e-17
4.866252686e-17
5.798722208e-17
6.410187205e-17
1.650211326e-17
2.056202996e-17
2.71516312e-17
3.662315379e-17
4.911231483e-17
6.418330671e-17
8.044469255e-17
9.528149453e-17
1.049059541e-16
2.814025616e-17
3.49079382e-17
4.581998745e-17
6.136079865e-17
8.161686573e-17
1.057285561e-16
1.31353102e-16
1.543696722e-16
1.690853097e-16
4.791738143e-17
5.909496554e-17
7.69629057e-17
1.021050287e-16
1.34375268e-16
1.720858519e-16
2.113328885e-16
2.458127149e-16
2.673966101e-16
8.155037208e-17
9.982399367e-17
1.287098862e-16
1.687126758e-16
2.190014933e-16
2.762799395e-16
3.341151071e-16
3.832415027e-16
4.129635307e-16
1.388511364e-16
1.683943072e-16
2.14422141e-16
2.768334552e-16
3.530977743e-16
4.368350788e-16
5.175869811e-16
5.8247701e-16
6.193678601e-16
2.366742543e-16
2.838497425e-16
3.55995588e-16
4.511386422e-16
5.629489293e-16
6.792973047e-16
7.835251436e-16
8.592092261e-16
8.967287815e-16
4.037696459e-16
4.780206717e-16
5.889368264e-16
7.299819448e-16
8.870346568e-16
1.037775968e-15
1.156641825e-15
1.2256764e-15
1.24681904e-15
6.882304948e-16
8.02976041e-16
9.694209829e-16
1.171294097e-15
1.379821713e-15
1.556064036e-15
1.663470404e-15
1.688740108e-15
1.661469657e-15
1.167616365e-15
1.340538769e-15
1.582352673e-15
1.858068096e-15
2.113936894e-15
2.2872362e-15
2.332211895e-15
2.253539685e-15
2.130844036e-15
1.959880862e-15
2.211264326e-15
2.546947734e-15
2.899415786e-15
3.177271964e-15
3.290406385e-15
3.195035999e-15
2.935610978e-15
2.663835e-15
3.229390806e-15
3.576540057e-15
4.013280341e-15
4.421813807e-15
4.662833514e-15
4.626444929e-15
4.295672598e-15
3.779562975e-15
3.311775364e-15
5.177878072e-15
5.624589583e-15
6.143435123e-15
6.549833359e-15
6.65783297e-15
6.363093076e-15
5.708510564e-15
4.880541533e-15
4.184430757e-15
8.011336459e-15
8.536332371e-15
9.081641312e-15
9.390989007e-15
9.252983098e-15
8.606627129e-15
7.575844683e-15
6.410821012e-15
5.465331476e-15
1.189234667e-14
1.244958148e-14
1.294222718e-14
1.305806836e-14
1.259660511e-14
1.156711984e-14
1.016284939e-14
8.662491733e-15
7.451484842e-15
1.692629824e-14
1.747406482e-14
1.786419145e-14
1.775889434e-14
1.69954696e-14
1.564504851e-14
1.39294452e-14
1.212094403e-14
1.063470426e-14
2.325448411e-14
2.381399589e-14
2.415873313e-14
2.394510942e-14
2.304062026e-14
2.153655141e-14
1.963566913e-14
1.757629414e-14
1.580851195e-14
3.127678586e-14
3.199145548e-14
3.25164503e-14
3.248927791e-14
3.176512377e-14
3.039611442e-14
2.850746405e-14
2.625734256e-14
2.414922678e-14
4.193162122e-14
4.310393158e-14
4.424161345e-14
4.491633535e-14
4.489928547e-14
4.410689328e-14
4.246694345e-14
3.997695237e-14
3.730207705e-14
5.699269053e-14
5.912678804e-14
6.158307804e-14
6.378278806e-14
6.527666516e-14
6.564120924e-14
6.440276641e-14
6.139942383e-14
5.776451521e-14
7.950913957e-14
8.340298341e-14
8.828170042e-14
9.324181935e-14
9.732575252e-14
9.943673204e-14
9.859198414e-14
9.474100113e-14
8.981557937e-14
1.145410609e-13
1.214019811e-13
1.303019063e-13
1.396556612e-13
1.47554451e-13
1.520140306e-13
1.51784162e-13
1.471899439e-13
1.40939923e-13
1.700523227e-13
1.815239487e-13
1.964890042e-13
2.121901624e-13
2.254869149e-13
2.336887428e-13
2.354576902e-13
2.311974351e-13
2.240362822e-13
2.575282707e-13
2.756802874e-13
2.993381706e-13
3.243148617e-13
3.463389476e-13
3.620545966e-13
3.694754413e-13
3.682233568e-13
3.613095435e-13
3.928239184e-13
4.207656724e-13
4.576697413e-13
4.979721447e-13
5.36180205e-13
5.67521091e-13
5.880799222e-13
5.95357162e-13
5.913039288e-13
6.000119825e-13
6.43709901e-13
7.03037738e-13
7.709318736e-13
8.399305393e-13
9.023912247e-13
9.504701998e-13
9.772846545e-13
9.81734328e-13
9.199253363e-13
9.907525023e-13
1.089770073e-12
1.207896912e-12
1.334483006e-12
1.456780642e-12
1.559808549e-12
1.628086855e-12
1.653047099e-12
1.4226036e-12
1.540787378e-12
1.710142613e-12
1.918906509e-12
2.151509323e-12
2.386910405e-12
2.597463518e-12
2.750991936e-12
2.821860591e-12
2.225878876e-12
2.426549027e-12
2.719853832e-12
3.090928584e-12
3.517457516e-12
3.965227693e-12
4.384392048e-12
4.710622723e-12
4.880715932e-12
3.526369978e-12
3.87027787e-12
4.381447202e-12
5.042595023e-12
5.823021473e-12
6.668317707e-12
7.490160183e-12
8.162778458e-12
8.542510406e-12
5.651468669e-12
6.244107501e-12
7.138061436e-12
8.317105567e-12
9.742150316e-12
1.132901048e-11
1.292333527e-11
1.428291758e-11
1.509620686e-11
9.145802766e-12
1.017018733e-11
1.173595314e-11
1.383764408e-11
1.643241101e-11
1.939406688e-11
2.245581427e-11
2.515708918e-11
2.684564228e-11
1.491180672e-11
1.668387141e-11
1.942472373e-11
2.316195173e-11
2.786392347e-11
3.334797752e-11
3.91568535e-11
4.442607177e-11
4.783289513e-11
2.443529583e-11
2.749514666e-11
3.227730128e-11
3.888786693e-11
4.734132397e-11
5.73825141e-11
6.823307565e-11
7.829490717e-11
8.49697203e-11
4.014159557e-11
4.539886551e-11
5.368767245e-11
6.527719442e-11
8.029644958e-11
9.83995251e-11
1.182696861e-10
1.370082429e-10
1.496811441e-10
6.594772078e-11
7.490368841e-11
8.91215504e-11
1.091769306e-10
1.354294145e-10
1.674131558e-10
2.029134868e-10
2.367948763e-10
2.600290158e-10
1.08100327e-10
1.231710766e-10
1.472103845e-10
1.813196745e-10
2.26255728e-10
2.81358726e-10
3.42918111e-10
4.020766087e-10
4.43019682e-10
1.764103062e-10
2.013702448e-10
2.412818606e-10
2.980692869e-10
3.73076469e-10
4.652490009e-10
5.683861009e-10
6.676931622e-10
7.367472783e-10
2.859886107e-10
3.265342272e-10
3.913764141e-10
4.836049648e-10
6.052912986e-10
7.545311457e-10
9.211451054e-10
1.081566401e-09
1.193820025e-09
4.595010021e-10
5.238876008e-10
6.266445034e-10
7.723356763e-10
9.637236261e-10
1.197304295e-09
1.457469388e-09
1.708567378e-09
1.885261679e-09
7.29716129e-10
8.293403322e-10
9.876887954e-10
1.211041073e-09
1.502544351e-09
1.857250948e-09
2.252227745e-09
2.634030631e-09
2.904018817e-09
1.141678646e-09
1.291471206e-09
1.528206547e-09
1.860444202e-09
2.292978385e-09
2.818064326e-09
3.401773045e-09
3.965641302e-09
4.364959381e-09
1.753839714e-09
1.972851125e-09
2.318213939e-09
2.801314553e-09
3.428077879e-09
4.186115825e-09
5.02580611e-09
5.834816003e-09
6.407399933e-09
2.643743996e-09
2.957474267e-09
3.450681308e-09
4.137672579e-09
5.024528466e-09
6.091359091e-09
7.266897144e-09
8.394570591e-09
9.190857238e-09
3.914175963e-09
4.354355742e-09
5.043527884e-09
5.998267639e-09
7.222910657e-09
8.685983482e-09
1.02873143e-08
1.181457545e-08
1.288896704e-08
5.694650604e-09
6.298887016e-09
7.240267834e-09
8.53597554e-09
1.018545558e-08
1.214019548e-08
1.426270087e-08
1.627290559e-08
1.767993596e-08
8.141505768e-09
8.952210493e-09
1.02082424e-08
1.192445414e-08
1.40907798e-08
1.663482843e-08
1.93725864e-08
2.194477009e-08
2.373414831e-08
1.143534087e-08
1.249775078e-08
1.413380814e-08
1.635162211e-08
1.912543426e-08
2.235094403e-08
2.578826139e-08
2.898909805e-08
3.120005516e-08
1.577514868e-08
1.713439622e-08
1.921418483e-08
2.200993754e-08
2.547258451e-08
2.945711905e-08
3.365907316e-08
3.753432241e-08
4.018982804e-08
2.136890591e-08
2.306626415e-08
2.564614473e-08
2.908396973e-08
3.329866968e-08
3.809561743e-08
4.309862453e-08
4.76649255e-08
5.076604308e-08
2.842092211e-08
3.048952475e-08
3.361226537e-08
3.773627978e-08
4.273936735e-08
4.836908685e-08
5.417281763e-08
5.941069994e-08
6.292841836e-08
3.711681673e-08
3.957730381e-08
4.326596028e-08
4.809302306e-08
5.388645762e-08
6.032964812e-08
6.689279291e-08
7.274794806e-08
7.66396807e-08
4.760750188e-08
5.04641333e-08
5.471684275e-08
6.02308248e-08
6.677683064e-08
7.39702688e-08
8.120730385e-08
8.758583591e-08
9.177873145e-08
5.99939076e-08
6.323171294e-08
6.801820373e-08
7.416675036e-08
8.138575885e-08
8.922215237e-08
9.700540978e-08
1.037780812e-07
1.081766868e-07
7.431433261e-08
7.789780118e-08
8.315829115e-08
8.985282035e-08
9.762542617e-08
1.05957895e-07
1.141245911e-07
1.211354657e-07
1.256296316e-07
9.053626353e-08
9.440994204e-08
1.000568567e-07
1.071761855e-07
1.153494226e-07
1.24000809e-07
1.323656439e-07
1.394467755e-07
1.439295894e-07
1.085543715e-07
1.126455795e-07
1.185681677e-07
1.259655251e-07
1.343630815e-07
1.431386664e-07
1.515128355e-07
1.584990336e-07
1.62835222e-07
1.281960938e-07
1.32420049e-07
1.384914881e-07
1.460025961e-07
1.544386704e-07
1.631290768e-07
1.712549127e-07
1.778728694e-07
1.818257091e-07
1.492337883e-07
1.535034792e-07
1.595910062e-07
1.670252629e-07
1.752311862e-07
1.834822863e-07
1.909295895e-07
1.968393513e-07
2.003168687e-07
1.713823627e-07
1.755536694e-07
1.814258859e-07
1.884124632e-07
1.95979531e-07
2.034746094e-07
2.101768933e-07
2.153723493e-07
2.183405271e-07
1.93803489e-07
1.976729693e-07
2.030865457e-07
2.095265288e-07
2.164155139e-07
2.231145803e-07
2.289674918e-07
2.333577533e-07
2.357550481e-07
2.160722977e-07
2.196239435e-07
2.245531672e-07
2.303535518e-07
2.364501969e-07
2.422341236e-07
2.471181395e-07
2.506061296e-07
2.523741158e-07
2.38096565e-07
2.412719212e-07
2.456316163e-07
2.506789602e-07
2.558588938e-07
2.606068233e-07
2.644160087e-07
2.66922388e-07
2.68017071e-07
2.596085119e-07
2.623434643e-07
2.660448958e-07
2.702347998e-07
2.743909624e-07
2.780053776e-07
2.806613389e-07
2.821330619e-07
2.825286857e-07
2.802983449e-07
2.825377561e-07
2.855073179e-07
2.887581245e-07
2.918120769e-07
2.942275835e-07
2.956845033e-07
2.960971785e-07
2.957868277e-07
2.998689886e-07
3.015723878e-07
3.037583185e-07
3.060165283e-07
3.079223877e-07
3.091079798e-07
3.093531314e-07
3.08710322e-07
3.077048945e-07
3.180609144e-07
3.192043935e-07
3.205787317e-07
3.218202014e-07
3.225647668e-07
3.225227973e-07
3.215745353e-07
3.199053061e-07
3.182315378e-07
3.346643527e-07
3.352405639e-07
3.357987001e-07
3.360274129e-07
3.356280128e-07
3.343911823e-07
3.322953781e-07
3.296507646e-07
3.273486866e-07
3.495249108e-07
3.495419227e-07
3.493006816e-07
3.485459602e-07
3.470468239e-07
3.446739095e-07
3.414994292e-07
3.379482869e-07
3.350683888e-07
3.625447986e-07
3.620242057e-07
3.610189709e-07
3.593316818e-07
3.567993905e-07
3.533702413e-07
3.492039307e-07
3.448285287e-07
3.414288478e-07
3.736807042e-07
3.726552729e-07
3.709365377e-07
3.683847279e-07
3.649032024e-07
3.605134422e-07
3.554550073e-07
3.503466691e-07
3.464899849e-07
3.829390918e-07
3.814501837e-07
3.790798556e-07
3.757441985e-07
3.714096164e-07
3.661654236e-07
3.603225231e-07
3.54577553e-07
3.50328824e-07
3.903696645e-07
3.884646418e-07
3.855123776e-07
3.814817442e-07
3.763977036e-07
3.704109598e-07
3.6389475e-07
3.576108196e-07
3.530349557e-07
3.960577232e-07
3.937875009e-07
3.903272915e-07
3.856946891e-07
3.79967856e-07
3.733518692e-07
3.662731628e-07
3.595462622e-07
3.547062857e-07
4.001160975e-07
3.975329611e-07
3.936401198e-07
3.884991614e-07
3.822355534e-07
3.751014799e-07
3.675676026e-07
3.604896056e-07
3.554452165e-07
4.026772187e-07
3.998329819e-07
3.955816273e-07
3.90023624e-07
3.833256042e-07
3.75779617e-07
3.678919838e-07
3.605488224e-07
3.553553561e-07
4.038857764e-07
4.008303089e-07
3.962913774e-07
3.904030792e-07
3.833670704e-07
3.755082641e-07
3.673606439e-07
3.598310541e-07
3.545387974e-07
4.038922541e-07
4.006723796e-07
3.95912158e-07
3.89774121e-07
3.824890004e-07
3.744079733e-07
3.660853784e-07
3.584401523e-07
3.530939686e-07
4.028475084e-07
3.99506245e-07
3.945853809e-07
3.882709018e-07
3.808170065e-07
3.725950537e-07
3.641731559e-07
3.564748058e-07
3.5111402e-07
4.008984552e-07
3.974745648e-07
3.924475011e-07
3.860220424e-07
3.784706761e-07
3.701794375e-07
3.617244274e-07
3.540272138e-07
3.486857059e-07
3.981848212e-07
3.947126037e-07
3.896273435e-07
3.831483459e-07
3.755617046e-07
3.672632456e-07
3.58832036e-07
3.511822466e-07
3.458886928e-07
3.948368428e-07
3.913461303e-07
3.862442809e-07
3.797612969e-07
3.721927203e-07
3.639398999e-07
3.55580582e-07
3.480169987e-07
3.427952199e-07
3.909738263e-07
3.874901327e-07
3.824071553e-07
3.759622132e-07
3.684566637e-07
3.602937094e-07
3.520461769e-07
3.446006667e-07
3.394700432e-07
3.867034104e-07
3.832481866e-07
3.78213786e-07
3.718419091e-07
3.644366031e-07
3.563998205e-07
3.482965006e-07
3.40994677e-07
3.359705999e-07
3.821213835e-07
3.787123419e-07
3.737509462e-07
3.67480768e-07
3.602058977e-07
3.523244534e-07
3.443910881e-07
3.372530011e-07
3.323473324e-07
3.773119236e-07
3.739634015e-07
3.690946899e-07
3.629491171e-07
3.558286103e-07
3.481253399e-07
3.40381777e-07
3.334225997e-07
3.286441244e-07
3.723481423e-07
3.69071479e-07
3.643109244e-07
3.583078108e-07
3.513600922e-07
3.438522974e-07
3.363132605e-07
3.295439488e-07
3.248988042e-07
3.672928308e-07
3.640967421e-07
3.594561454e-07
3.536089477e-07
3.46847674e-07
3.395478843e-07
3.322237001e-07
3.256516102e-07
3.211436855e-07
3.621993277e-07
3.590902639e-07
3.545782623e-07
3.488966617e-07
3.423314108e-07
3.352480922e-07
3.281453625e-07
3.217748173e-07
3.174061158e-07
3.571124432e-07
3.540949226e-07
3.497174621e-07
3.442079376e-07
3.378448421e-07
3.309830434e-07
3.24105254e-07
3.179380522e-07
3.137090174e-07
3.52069392e-07
3.491463059e-07
3.449070707e-07
3.395734189e-07
3.334157364e-07
3.267776696e-07
3.20125733e-07
3.141616016e-07
3.100714037e-07
3.471007013e-07
3.442735871e-07
3.40174384e-07
3.350181821e-07
3.290668024e-07
3.226523544e-07
3.162250875e-07
3.104620775e-07
3.065088639e-07
3.422310686e-07
3.395003514e-07
3.355414486e-07
3.305624624e-07
3.248163513e-07
3.186235313e-07
3.124180705e-07
3.068528994e-07
3.030340103e-07
3.374801569e-07
3.348453602e-07
3.310257829e-07
3.262223201e-07
3.206789039e-07
3.147042294e-07
3.08716387e-07
3.033447322e-07
2.99656885e-07
3.328633174e-07
3.303232452e-07
3.266410296e-07
3.220102441e-07
3.166657392e-07
3.109045655e-07
3.051291334e-07
2.999458808e-07
2.963853254e-07
3.283922385e-07
3.259451307e-07
3.22397541e-07
3.179356919e-07
3.127853841e-07
3.072321827e-07
3.016631882e-07
2.966626411e-07
2.9322529e-07
3.240755209e-07
3.217191847e-07
3.183028962e-07
3.140055656e-07
3.090440452e-07
3.036926375e-07
2.98323557e-07
2.934996097e-07
2.901811462e-07
3.199191824e-07
3.176511022e-07
3.143623548e-07
3.1022463e-07
3.054459875e-07
3.002897385e-07
2.951136741e-07
2.90459955e-07
2.872559217e-07
3.159270965e-07
3.137445258e-07
3.10579251e-07
3.065958752e-07
3.019938627e-07
2.970258406e-07
2.920356648e-07
2.875456534e-07
2.844515239e-07
3.121013712e-07
3.100014078e-07
3.069553331e-07
3.031208291e-07
2.986889923e-07
2.939020981e-07
2.890905712e-07
2.847576922e-07
2.817689294e-07
3.084426732e-07
3.064223206e-07
3.034910548e-07
2.997998252e-07
2.9553161e-07
2.909186822e-07
2.862785464e-07
2.820962447e-07
2.792083464e-07
3.049505041e-07
3.03006721e-07
3.001858223e-07
2.966322298e-07
2.925210681e-07
2.880749657e-07
2.835990192e-07
2.795608194e-07
2.76769354e-07
3.016234328e-07
2.99753173e-07
2.970382038e-07
2.936166353e-07
2.896560117e-07
2.853696797e-07
2.81050835e-07
2.771503864e-07
2.744510206e-07
2.984592925e-07
2.966595354e-07
2.940461048e-07
2.907510213e-07
2.869345258e-07
2.828010451e-07
2.786323729e-07
2.748634845e-07
2.722520036e-07
2.954553435e-07
2.937231186e-07
2.912069156e-07
2.880328899e-07
2.843542575e-07
2.803668831e-07
2.763416455e-07
2.726983108e-07
2.701706335e-07
2.926084095e-07
2.909408146e-07
2.885176326e-07
2.854593783e-07
2.819125185e-07
2.780647069e-07
2.741763808e-07
2.706527957e-07
2.682049843e-07
2.899149895e-07
2.883092039e-07
2.859749592e-07
2.830273513e-07
2.796063692e-07
2.758917977e-07
2.721340909e-07
2.687246653e-07
2.66352932e-07
2.873713498e-07
2.858246442e-07
2.835753883e-07
2.807334776e-07
2.774326876e-07
2.738452671e-07
2.70212128e-07
2.669114929e-07
2.646122032e-07
2.849735983e-07
2.834833408e-07
2.813152693e-07
2.785742913e-07
2.753882263e-07
2.719221082e-07
2.684077313e-07
2.652107408e-07
2.629804146e-07
2.827177454e-07
2.812814055e-07
2.791908625e-07
2.765462423e-07
2.734696577e-07
2.701192369e-07
2.667180636e-07
2.636197955e-07
2.614551057e-07
2.805997517e-07
2.79214902e-07
2.771983823e-07
2.746457366e-07
2.716736107e-07
2.68433525e-07
2.651402421e-07
2.621359947e-07
2.600337655e-07
2.786155666e-07
2.772798829e-07
2.75334032e-07
2.728691677e-07
2.699967003e-07
2.668618271e-07
2.636713625e-07
2.607566504e-07
2.587138534e-07
2.767611577e-07
2.754724184e-07
2.735940301e-07
2.712129419e-07
2.684355499e-07
2.654010015e-07
2.623085181e-07
2.594790661e-07
2.574928163e-07
2.750325344e-07
2.737886178e-07
2.719746318e-07
2.696734975e-07
2.669868093e-07
2.640479259e-07
2.610488149e-07
2.583005517e-07
2.563681024e-07
2.73425765e-07
2.722246471e-07
2.704721442e-07
2.682473195e-07
2.656471686e-07
2.627995107e-07
2.598893834e-07
2.572184336e-07
2.553371714e-07
2.719369897e-07
2.707767408e-07
2.690829386e-07
2.669309506e-07
2.644133678e-07
2.616527082e-07
2.588273871e-07
2.562300636e-07
2.54397503e-07
2.705624295e-07
2.694412109e-07
2.678034583e-07
2.657209989e-07
2.632822047e-07
2.606045194e-07
2.578600297e-07
2.553328254e-07
2.53546603e-07
2.69298393e-07
2.682144528e-07
2.666302249e-07
2.646141437e-07
2.622505398e-07
2.59651999e-07
2.569845591e-07
2.545241391e-07
2.527820083e-07
2.6814128e-07
2.670929497e-07
2.655598414e-07
2.63607139e-07
2.613152999e-07
2.587922592e-07
2.561982719e-07
2.538014649e-07
2.521012901e-07
2.670875837e-07
2.660732741e-07
2.645889952e-07
2.626968152e-07
2.604734802e-07
2.580224714e-07
2.554985148e-07
2.531623053e-07
2.515020568e-07
2.661338915e-07
2.651520888e-07
2.637144581e-07
2.618800807e-07
2.597221456e-07
2.573398679e-07
2.548826865e-07
2.526042071e-07
2.509819555e-07
2.652768849e-07
2.643261469e-07
2.629330865e-07
2.611539215e-07
2.590584305e-07
2.567417422e-07
2.543482386e-07
2.521247623e-07
2.505386736e-07
2.645133381e-07
2.635922907e-07
2.622418209e-07
2.605154008e-07
2.58479539e-07
2.562254491e-07
2.538926758e-07
2.517216087e-07
2.501699394e-07
2.638401166e-07
2.6294745e-07
2.616376843e-07
2.599616579e-07
2.57982744e-07
2.557884043e-07
2.535135558e-07
2.513924304e-07
2.498735228e-07
2.632541752e-07
2.623886407e-07
2.611177806e-07
2.594899072e-07
2.575653861e-07
2.554280838e-07
2.532084892e-07
2.511349578e-07
2.496472355e-07
2.627525559e-07
2.619129626e-07
2.60679293e-07
2.590974361e-07
2.572248728e-07
2.551420233e-07
2.529751391e-07
2.509469672e-07
2.494889311e-07
2.623323852e-07
2.615175969e-07
2.603194819e-07
2.58781604e-07
2.569586768e-07
2.549278168e-07
2.528112205e-07
2.508262812e-07
2.49396505e-07
2.619908718e-07
2.611998042e-07
2.600356828e-07
2.585398401e-07
2.567643347e-07
2.547831162e-07
2.527144997e-07
2.507707678e-07
2.493678947e-07
2.617253042e-07
2.609569221e-07
2.598253041e-07
2.583696416e-07
2.566394458e-07
2.547056298e-07
2.526827934e-07
2.507783405e-07
2.494010794e-07
2.615330479e-07
2.607863626e-07
2.596858252e-07
2.582685721e-07
2.565816702e-07
2.546931212e-07
2.527139683e-07
2.508469576e-07
2.494940798e-07
2.614115428e-07
2.606856099e-07
2.596147939e-07
2.582342594e-07
2.565887274e-07
2.547434082e-07
2.528059399e-07
2.509746216e-07
2.496449578e-07
2.613583003e-07
2.606522172e-07
2.596098243e-07
2.582643933e-07
2.566583944e-07
2.548543609e-07
2.529566715e-07
2.511593787e-07
2.498518157e-07
2.613709e-07
2.606838039e-07
2.596685932e-07
2.583567229e-07
2.567885031e-07
2.550239003e-07
2.531641724e-07
2.513993171e-07
2.501127959e-07
2.614469858e-07
2.60778052e-07
2.597888373e-07
2.585090534e-07
2.569769376e-07
2.552499952e-07
2.53426496e-07
2.516925657e-07
2.504260784e-07
2.615842611e-07
2.609327006e-07
2.59968348e-07
2.587192416e-07
2.572216301e-07
2.555306587e-07
2.537417363e-07
2.520372907e-07
2.507898792e-07
2.617804822e-07
2.611455403e-07
2.602049653e-07
2.589851898e-07
2.575205547e-07
2.558639423e-07
2.541080224e-07
2.524316912e-07
2.512024453e-07
2.62033449e-07
2.614144035e-07
2.604965685e-07
2.593048367e-07
2.578717186e-07
2.562479276e-07
2.545235111e-07
2.528739916e-07
2.516620479e-07
2.623409931e-07
2.617371521e-07
2.60841064e-07
2.596761445e-07
2.582731494e-07
2.566807134e-07
2.549863736e-07
2.533624294e-07
2.521669709e-07
2.62700959e-07
2.621116589e-07
2.612363658e-07
2.600970799e-07
2.587228754e-07
2.571603961e-07
2.554947764e-07
2.538952361e-07
2.527154919e-07
2.631111794e-07
2.625357822e-07
2.616803695e-07
2.605655866e-07
2.592188976e-07
2.576850405e-07
2.560468517e-07
2.544706077e-07
2.533058535e-07
2.635694393e-07
2.630073286e-07
2.621709144e-07
2.610795458e-07
2.59759148e-07
2.582526374e-07
2.566406536e-07
2.550866607e-07
2.53936219e-07
2.640734265e-07
2.635240026e-07
2.627057296e-07
2.616367202e-07
2.603414312e-07
2.588610415e-07
2.572740943e-07
2.557413662e-07
2.546046063e-07
2.646206638e-07
2.640833361e-07
2.632823615e-07
2.622346766e-07
2.609633423e-07
2.595078853e-07
2.579448529e-07
2.564324561e-07
2.553087922e-07
2.652084179e-07
2.646825939e-07
2.63898074e-07
2.628706807e-07
2.616221546e-07
2.601904591e-07
2.58650249e-07
2.57157291e-07
2.560461774e-07
2.658335783e-07
2.653186485e-07
2.645497161e-07
2.635415559e-07
2.623146683e-07
2.609055493e-07
2.593870712e-07
2.579126796e-07
2.568136009e-07
2.664925008e-07
2.65987817e-07
2.652335503e-07
2.642434996e-07
2.630370138e-07
2.616492266e-07
2.601513491e-07
2.58694639e-07
2.576070909e-07
2.671808079e-07
2.666856531e-07
2.659450325e-07
2.649718485e-07
2.637843977e-07
2.624165722e-07
2.609380609e-07
2.594980826e-07
2.584215423e-07
2.678931395e-07
2.674066885e-07
2.66678538e-07
2.657207844e-07
2.645507864e-07
2.632013356e-07
2.617407636e-07
2.603164282e-07
2.592503072e-07
2.686228492e-07
2.681441161e-07
2.674270268e-07
2.664829759e-07
2.653285191e-07
2.639955159e-07
2.625511423e-07
2.611411159e-07
2.600846924e-07
2.69361641e-07
2.688894128e-07
2.681816446e-07
2.67249152e-07
2.661078474e-07
2.647888642e-07
2.633584728e-07
2.619610345e-07
2.609133603e-07
2.700991458e-07
2.696318993e-07
2.689312591e-07
2.680076062e-07
2.668764029e-07
2.655683075e-07
2.641490012e-07
2.627618596e-07
2.617216356e-07
2.708224401e-07
2.703582419e-07
2.696619349e-07
2.687436389e-07
2.676185977e-07
2.66317305e-07
2.649052516e-07
2.635253141e-07
2.624907341e-07
2.71515514e-07
2.710519024e-07
2.703563583e-07
2.694389468e-07
2.68314974e-07
2.670151503e-07
2.656052791e-07
2.642283758e-07
2.631969345e-07
2.721587014e-07
2.716925521e-07
2.709932263e-07
2.700709814e-07
2.689415245e-07
2.676362494e-07
2.662219028e-07
2.648424655e-07
2.638107343e-07
2.727280939e-07
2.722554719e-07
2.715466269e-07
2.706123035e-07
2.694690165e-07
2.681494109e-07
2.667219594e-07
2.653326654e-07
2.642960409e-07
2.731949663e-07
2.727109692e-07
2.719854435e-07
2.710299726e-07
2.698623639e-07
2.685171994e-07
2.670656361e-07
2.65657032e-07
2.646094678e-07
2.735252502e-07
2.730238506e-07
2.722728276e-07
2.712850195e-07
2.700801027e-07
2.686954136e-07
2.672059533e-07
2.657660804e-07
2.646998189e-07
2.736791031e-07
2.731530003e-07
2.723657916e-07
2.71332062e-07
2.70074034e-07
2.68632764e-07
2.670884783e-07
2.656025325e-07
2.645078583e-07
2.736106278e-07
2.730511219e-07
2.722149861e-07
2.711191283e-07
2.697891086e-07
2.682708294e-07
2.666513613e-07
2.651014263e-07
2.639664708e-07
2.732677985e-07
2.726647042e-07
2.717647257e-07
2.705877656e-07
2.69163637e-07
2.675443843e-07
2.658257872e-07
2.641906895e-07
2.63001322e-07
2.725926634e-07
2.719342803e-07
2.709533355e-07
2.696735034e-07
2.681298987e-07
2.66382179e-07
2.645369406e-07
2.627922765e-07
2.615321197e-07
2.715218883e-07
2.707950488e-07
2.697138887e-07
2.683067473e-07
2.666152294e-07
2.647082502e-07
2.627055564e-07
2.608239498e-07
2.594745591e-07
2.699877024e-07
2.691779165e-07
2.679753974e-07
2.664141655e-07
2.645436469e-07
2.624438227e-07
2.602501166e-07
2.582017567e-07
2.567430032e-07
2.679192992e-07
2.670110158e-07
2.656645041e-07
2.639206094e-07
2.618380523e-07
2.595098314e-07
2.570897119e-07
2.548432143e-07
2.532539e-07
2.652447264e-07
2.642217254e-07
2.627076977e-07
2.607515871e-07
2.584230127e-07
2.558300532e-07
2.531475426e-07
2.506711558e-07
2.489298766e-07
2.618932744e-07
2.607391992e-07
2.590340511e-07
2.568362683e-07
2.542280867e-07
2.513347901e-07
2.483549718e-07
2.456181278e-07
2.437043812e-07
2.577983419e-07
2.564973726e-07
2.54578433e-07
2.521109605e-07
2.491916081e-07
2.459649893e-07
2.426559853e-07
2.396311578e-07
2.37526664e-07
2.529007189e-07
2.514383759e-07
2.492851109e-07
2.46522947e-07
2.432647918e-07
2.396766292e-07
2.360118502e-07
2.326766473e-07
2.303668263e-07
2.471521868e-07
2.455162445e-07
2.431116151e-07
2.400345362e-07
2.364159823e-07
2.32445163e-07
2.28405727e-07
2.247451102e-07
2.222206292e-07
2.405192977e-07
2.387007754e-07
2.360326998e-07
2.326271387e-07
2.286348406e-07
2.242697889e-07
2.198469822e-07
2.158554805e-07
2.13113768e-07
2.329871635e-07
2.309813551e-07
2.280442162e-07
2.243051768e-07
2.199362636e-07
2.151773339e-07
2.103749748e-07
2.060587449e-07
2.031053525e-07
2.245630702e-07
2.223705683e-07
2.191667002e-07
2.150996209e-07
2.103638133e-07
2.05225489e-07
2.000619759e-07
1.954404265e-07
1.922899812e-07
2.15279722e-07
2.129073787e-07
2.094484334e-07
2.050708342e-07
1.999921736e-07
1.945045574e-07
1.890136872e-07
1.841192104e-07
1.807944205e-07
2.051978655e-07
2.026595496e-07
1.989674573e-07
1.943098048e-07
1.889268484e-07
1.831340556e-07
1.773599378e-07
1.722268726e-07
1.687439003e-07
1.944076594e-07
1.917243305e-07
1.878308072e-07
1.829345122e-07
1.772948639e-07
1.712408992e-07
1.652084587e-07
1.598052146e-07
1.561375671e-07
1.830260939e-07
1.802235632e-07
1.761643921e-07
1.71069814e-07
1.652083619e-07
1.588785308e-07
1.526011225e-07
1.470422559e-07
1.432889722e-07
1.711779441e-07
1.68277622e-07
1.64067544e-07
1.587618286e-07
1.526875638e-07
1.462129138e-07
1.398408419e-07
1.342484509e-07
1.304932936e-07
1.58901474e-07
1.55900714e-07
1.515728974e-07
1.461705435e-07
1.400282156e-07
1.33540975e-07
1.272017588e-07
1.216716904e-07
1.179747169e-07
1.463512167e-07
1.433205803e-07
1.389712665e-07
1.335827673e-07
1.274931105e-07
1.211015265e-07
1.148918894e-07
1.095023854e-07
1.059133051e-07
1.33810708e-07
1.308110303e-07
1.265215551e-07
1.212326627e-07
1.152859379e-07
1.090777419e-07
1.030778902e-07
9.789498293e-08
9.445602877e-08
1.215106958e-07
1.185863042e-07
1.144173037e-07
1.092977598e-07
1.035682095e-07
9.761656732e-08
9.189325089e-08
8.697182558e-08
8.372000701e-08
1.096245351e-07
1.068113445e-07
1.028122695e-07
9.791982242e-08
9.246843311e-08
8.683246907e-08
8.143819617e-08
7.681940176e-08
7.377765054e-08
9.829069105e-08
9.561795423e-08
9.182869192e-08
8.720926403e-08
8.208332845e-08
7.680743723e-08
7.178026586e-08
6.749315756e-08
6.467865769e-08
8.761752683e-08
8.510762817e-08
8.155805506e-08
7.724499211e-08
7.247743679e-08
6.759096995e-08
6.295464866e-08
5.901639205e-08
5.643897432e-08
7.768294531e-08
7.535100864e-08
7.20605838e-08
6.807443528e-08
6.368402002e-08
5.920198317e-08
5.496698904e-08
5.138382427e-08
4.904629417e-08
6.853408569e-08
6.63880559e-08
6.336616031e-08
5.971543122e-08
5.570797433e-08
5.163262533e-08
4.779786138e-08
4.456630471e-08
4.246315618e-08
6.018896721e-08
5.823029128e-08
5.547736351e-08
5.216013172e-08
4.85305768e-08
4.48539572e-08
4.141010278e-08
3.852234639e-08
3.665136737e-08
5.264025531e-08
5.086503771e-08
4.837432979e-08
4.538062236e-08
4.211624168e-08
3.882500863e-08
3.576304967e-08
3.322123927e-08
3.159233179e-08
4.586049811e-08
4.426106047e-08
4.202114225e-08
3.933682424e-08
3.642384982e-08
3.351246754e-08
3.085713922e-08
2.876623152e-08
2.753612919e-08
3.98085006e-08
3.837581153e-08
3.637515444e-08
3.39903328e-08
3.142991163e-08
2.892540437e-08
2.679690853e-08
2.510943659e-08
2.40598965e-08
3.443954545e-08
3.316856938e-08
3.140756049e-08
2.934042173e-08
2.720985068e-08
2.519976358e-08
2.338669858e-08
2.18989862e-08
2.095974936e-08
2.973488213e-08
2.863797228e-08
2.716821138e-08
2.551117684e-08
2.374511247e-08
2.198902785e-08
2.036937628e-08
1.902874026e-08
1.817583606e-08
2.58249627e-08
2.494644558e-08
2.372916359e-08
2.228601989e-08
2.071636202e-08
1.914058428e-08
1.767718738e-08
1.646457954e-08
1.56928696e-08
2.258148427e-08
2.180961963e-08
2.07256248e-08
1.943004742e-08
1.801867588e-08
1.659827513e-08
1.528100946e-08
1.419310274e-08
1.350284701e-08
1.971362233e-08
1.902036741e-08
1.804785515e-08
1.688139653e-08
1.561303182e-08
1.434078968e-08
1.316671824e-08
1.220260528e-08
1.159410266e-08
1.715124982e-08
1.65283913e-08
1.565630276e-08
1.461245308e-08
1.348196963e-08
1.235413504e-08
1.132016136e-08
1.047730722e-08
9.949214219e-09
1.486551926e-08
1.430990802e-08
1.353397553e-08
1.260858523e-08
1.161142623e-08
1.062292604e-08
9.723609631e-09
8.996965855e-09
8.546065297e-09
1.284217828e-08
1.235112148e-08
1.166734428e-08
1.085527682e-08
9.985100456e-09
9.128532803e-09
8.355953943e-09
7.73823866e-09
7.359762098e-09
1.106730891e-08
1.063741671e-08
1.004068345e-08
9.33518286e-09
8.583716763e-09
7.849656927e-09
7.194004471e-09
6.676357921e-09
6.364466187e-09
9.524178299e-09
9.15128688e-09
8.635383538e-09
8.028351312e-09
7.385898825e-09
6.763578277e-09
6.213898743e-09
5.78656876e-09
5.534810294e-09
8.193461855e-09
7.872849564e-09
7.430810796e-09
6.913311864e-09
6.36937959e-09
5.847376897e-09
5.392250159e-09
5.045163407e-09
4.84683914e-09
7.054317578e-09
6.780967745e-09
6.405464986e-09
5.968220626e-09
5.512075327e-09
5.078882416e-09
4.706938536e-09
4.430114889e-09
4.278537044e-09
6.085494509e-09
5.854327545e-09
5.537998877e-09
5.171783826e-09
4.792875635e-09
4.437302262e-09
4.137571577e-09
3.921406329e-09
3.81010676e-09
5.266225045e-09
5.072276902e-09
4.807972788e-09
4.503898248e-09
4.192147246e-09
3.90358611e-09
3.66575609e-09
3.501386666e-09
3.424903048e-09
4.576849134e-09
4.415394349e-09
4.196342087e-09
3.946039629e-09
3.692025507e-09
3.460675009e-09
3.275525753e-09
3.156258419e-09
3.112857292e-09
3.999193287e-09
3.865820582e-09
3.685725054e-09
3.481468893e-09
3.276606259e-09
3.093836375e-09
2.954216213e-09
2.874339701e-09
2.852655095e-09
3.516753352e-09
3.407407942e-09
3.260518931e-09
3.095358303e-09
2.932247086e-09
2.791662705e-09
2.691092855e-09
2.638376047e-09
2.632531877e-09
3.114742966e-09
3.025769214e-09
2.906993207e-09
2.775130449e-09
2.648774275e-09
2.543658479e-09
2.470675567e-09
2.438290808e-09
2.443880276e-09
2.780136753e-09
2.70846652e-09
2.613738507e-09
2.512030912e-09
2.415330447e-09
2.335715849e-09
2.283845136e-09
2.266747628e-09
2.280419699e-09
2.502264607e-09
2.446861413e-09
2.373793227e-09
2.29421339e-09
2.219239653e-09
2.159494464e-09
2.124128338e-09
2.119539e-09
2.145050192e-09
2.275229021e-09
2.23110853e-09
2.173210754e-09
2.110658237e-09
2.052887563e-09
2.008874878e-09
1.986955109e-09
1.996366485e-09
2.030463911e-09
2.084503607e-09
2.049333104e-09
2.003520306e-09
1.95464817e-09
1.910618205e-09
1.879439528e-09
1.871235343e-09
1.890280487e-09
1.924502525e-09
1.922853325e-09
1.894961005e-09
1.858907696e-09
1.821030841e-09
1.788352431e-09
1.770101201e-09
1.772021814e-09
1.791045838e-09
1.822001992e-09
1.784915739e-09
1.762890552e-09
1.734724189e-09
1.706187033e-09
1.68545553e-09
1.676966666e-09
1.679378506e-09
1.694375392e-09
1.720869627e-09
1.66625467e-09
1.64915132e-09
1.628011952e-09
1.610494527e-09
1.597921353e-09
1.590247782e-09
1.589052056e-09
1.598702897e-09
1.62053382e-09
1.564212505e-09
1.553284366e-09
1.540943776e-09
1.528439847e-09
1.516393839e-09
1.505686972e-09
1.499515534e-09
1.503842815e-09
1.521190527e-09
1.482312857e-09
1.474599753e-09
1.46418505e-09
1.451465788e-09
1.436777654e-09
1.421725679e-09
1.410670237e-09
1.410245596e-09
1.423361053e-09
1.40987952e-09
1.402375206e-09
1.391092396e-09
1.375979253e-09
1.357571824e-09
1.3382651e-09
1.323069128e-09
1.318547182e-09
1.327641609e-09
1.340899216e-09
1.332312591e-09
1.318921391e-09
1.300701318e-09
1.27868892e-09
1.255892607e-09
1.237423041e-09
1.229339778e-09
1.234590395e-09
1.272781569e-09
1.262582625e-09
1.246756898e-09
1.225618664e-09
1.200725918e-09
1.175365844e-09
1.154347752e-09
1.143097379e-09
1.144694696e-09
1.204535224e-09
1.19271343e-09
1.174735841e-09
1.151346813e-09
1.124461379e-09
1.097334611e-09
1.074288646e-09
1.060179926e-09
1.058368414e-09
1.136185724e-09
1.123061739e-09
1.103521995e-09
1.07866999e-09
1.050568812e-09
1.022251352e-09
9.975382627e-10
9.808590501e-10
9.759529384e-10
1.068343704e-09
1.054367e-09
1.033899592e-09
1.008266234e-09
9.795150793e-10
9.503881036e-10
9.242803441e-10
9.053388762e-10
8.977150403e-10
1.001806717e-09
9.873998178e-10
9.66527705e-10
9.406046951e-10
9.115715261e-10
8.818884087e-10
8.546275372e-10
8.337673673e-10
8.238452237e-10
9.372823081e-10
9.227655175e-10
9.01852563e-10
8.759536843e-10
8.468664883e-10
8.168142682e-10
7.886438091e-10
7.662410641e-10
7.544606858e-10
8.752688214e-10
8.608512791e-10
8.401214988e-10
8.144317371e-10
7.854352205e-10
7.551736928e-10
7.263491736e-10
7.027996311e-10
6.896136645e-10
8.160536074e-10
8.018567257e-10
7.814351339e-10
7.560586462e-10
7.27252446e-10
6.96929142e-10
6.677019111e-10
6.433705897e-10
6.291443488e-10
7.597631243e-10
7.458493381e-10
7.257987957e-10
7.007939399e-10
6.722567793e-10
6.420146751e-10
6.126230229e-10
5.878256147e-10
5.727998721e-10
7.064172987e-10
6.928127227e-10
6.731606808e-10
6.485645614e-10
6.203720351e-10
5.903599829e-10
5.610401971e-10
5.360175163e-10
5.205520073e-10
6.559698485e-10
6.42680363e-10
6.234377186e-10
5.99282647e-10
5.715160872e-10
5.418878168e-10
5.12834182e-10
4.878742797e-10
4.723130327e-10
6.083359418e-10
5.95359472e-10
5.765344932e-10
5.528578612e-10
5.256031476e-10
4.964950495e-10
4.678714497e-10
4.433372819e-10
4.279665429e-10
5.634134235e-10
5.507499884e-10
5.323594248e-10
5.092134857e-10
4.825713748e-10
4.540682446e-10
4.261505246e-10
4.023276257e-10
3.873668898e-10
5.210992754e-10
5.087567145e-10
4.908277233e-10
4.68273526e-10
4.422769245e-10
4.145577424e-10
3.876087395e-10
3.647191988e-10
3.503300095e-10
4.813006949e-10
4.692968525e-10
4.518537676e-10
4.298821863e-10
4.046285893e-10
3.779263359e-10
3.521502452e-10
3.3035201e-10
3.166379371e-10
4.439248963e-10
4.322348093e-10
4.152487564e-10
3.939183738e-10
3.696102919e-10
3.441100021e-10
3.196489084e-10
2.990414543e-10
2.860705883e-10
4.087516929e-10
3.973634193e-10
3.808959336e-10
3.603817871e-10
3.371842289e-10
3.130138353e-10
2.899515063e-10
2.705789442e-10
2.584024553e-10
3.756026537e-10
3.646133288e-10
3.488112044e-10
3.292553174e-10
3.072827039e-10
2.845174427e-10
2.628882668e-10
2.44770024e-10
2.333984209e-10
3.445248386e-10
3.340250191e-10
3.189952569e-10
3.004925547e-10
2.798106321e-10
2.584787317e-10
2.38277618e-10
2.214132342e-10
2.10846335e-10
3.155564295e-10
3.056068665e-10
2.914157665e-10
2.740178402e-10
2.546496365e-10
2.347399169e-10
2.159521326e-10
2.00311454e-10
1.905337964e-10
2.886938366e-10
2.793286119e-10
2.660084934e-10
2.497307685e-10
2.316648273e-10
2.131481275e-10
1.957324078e-10
1.812755635e-10
1.722588616e-10
2.638950297e-10
2.551270112e-10
2.426826757e-10
2.275116517e-10
2.107107954e-10
1.935483813e-10
1.774491448e-10
1.641232074e-10
1.558350097e-10
2.410875647e-10
2.329118507e-10
2.213261172e-10
2.07222777e-10
1.916507777e-10
1.757814224e-10
1.60936637e-10
1.486803208e-10
1.410795001e-10
2.201735673e-10
2.125718521e-10
2.018095627e-10
1.887406066e-10
1.743401432e-10
1.596992535e-10
1.460378456e-10
1.347882685e-10
1.278249166e-10
2.010346636e-10
1.939826782e-10
1.840160302e-10
1.719314049e-10
1.586398369e-10
1.451568808e-10
1.326035648e-10
1.22291705e-10
1.159197812e-10
1.835574057e-10
1.770320604e-10
1.678186406e-10
1.566624052e-10
1.444158092e-10
1.320170779e-10
1.204991671e-10
1.110515294e-10
1.052265211e-10
1.676254626e-10
1.615953102e-10
1.530905367e-10
1.428084924e-10
1.315397118e-10
1.201512769e-10
1.095905152e-10
1.009409726e-10
9.562026627e-11
1.531152663e-10
1.475520636e-10
1.397138051e-10
1.302491218e-10
1.198904341e-10
1.094400573e-10
9.97597833e-11
9.184520626e-11
8.698797875e-11
1.399163686e-10
1.347907114e-10
1.275746427e-10
1.188702094e-10
1.093571181e-10
9.976918706e-11
9.089940361e-11
8.366017324e-11
7.922773951e-11
1.279215604e-10
1.232031336e-10
1.165648555e-10
1.08565666e-10
9.983181235e-11
9.103679092e-11
8.291184346e-11
7.629188901e-11
7.22479141e-11
1.170276137e-10
1.126865831e-10
1.065836747e-10
9.923567596e-11
9.121675525e-11
8.315039868e-11
7.570884886e-11
6.965577962e-11
6.596640452e-11
1.071372237e-10
1.031460713e-10
9.753726276e-11
9.078571679e-11
8.342366732e-11
7.602620148e-11
6.921081578e-11
6.367598003e-11
6.030986343e-11
9.816202496e-11
9.449179064e-11
8.933511504e-11
8.313146597e-11
7.637261836e-11
6.958851425e-11
6.334624478e-11
5.828471163e-11
5.521300213e-11
9.001452687e-11
8.663850069e-11
8.189716281e-11
7.619678563e-11
6.99914373e-11
6.376933219e-11
5.805125937e-11
5.342173652e-11
5.061800463e-11
8.261671094e-11
7.951107551e-11
7.51513763e-11
6.991309806e-11
6.421540464e-11
5.850802743e-11
5.326926877e-11
4.90339843e-11
4.647413351e-11
7.589935398e-11
7.304230884e-11
6.903329487e-11
6.421929396e-11
5.898720934e-11
5.375130778e-11
4.895090207e-11
4.507547329e-11
4.273764622e-11
6.980128011e-11
6.717291706e-11
6.348632557e-11
5.906211169e-11
5.425735321e-11
4.945363053e-11
4.505443123e-11
4.150774422e-11
3.937223903e-11
6.42704851e-11
6.185278466e-11
5.846305907e-11
5.439747509e-11
4.99855204e-11
4.557857906e-11
4.154715006e-11
3.830123586e-11
3.635042527e-11
5.926746554e-11
5.704428596e-11
5.392855901e-11
5.019377717e-11
4.614382569e-11
4.210208225e-11
3.840855495e-11
3.54384094e-11
3.36566235e-11
5.477387851e-11
5.273078401e-11
4.986864191e-11
4.643983019e-11
4.272441042e-11
3.901965878e-11
3.563723453e-11
3.292027693e-11
3.129343199e-11
5.081441396e-11
4.893762347e-11
4.630969087e-11
4.316345059e-11
3.975666394e-11
3.636211272e-11
3.326501092e-11
3.077921838e-11
2.929366068e-11
4.751635805e-11
4.578880774e-11
4.337101507e-11
4.047810747e-11
3.734757767e-11
3.422986321e-11
3.138612023e-11
2.910423706e-11
2.774327314e-11
4.527623136e-11
4.366190104e-11
4.140334588e-11
3.870209299e-11
3.578010306e-11
3.287074909e-11
3.021690402e-11
2.808710808e-11
2.68199392e-11
2.803412777e-27
1.04996062e-26
2.342471214e-26
4.439298297e-26
7.837009928e-26
1.339435364e-25
2.260408665e-25
3.804808332e-25
6.419938512e-25
1.088102152e-24
1.853333251e-24
3.171400206e-24
5.448700358e-24
9.392094038e-24
1.623007078e-23
2.809411134e-23
4.867761119e-23
8.438405654e-23
1.463243394e-22
2.537862811e-22
4.40259948e-22
7.639023508e-22
1.325712657e-21
2.301098235e-21
3.994683498e-21
6.935446924e-21
1.204176915e-20
2.090745534e-20
3.629676096e-20
6.299961638e-20
1.093057897e-19
1.895389373e-19
3.283987102e-19
5.683751597e-19
9.82365051e-19
1.695073597e-18
2.919245755e-18
5.016993936e-18
8.603879702e-18
1.472662171e-17
2.516929384e-17
4.298640898e-17
7.343819977e-17
1.256308459e-16
2.153505664e-16
3.697876973e-16
6.349112657e-16
1.085762691e-15
1.838153003e-15
3.056445842e-15
4.947096112e-15
7.727002458e-15
1.157177187e-14
1.658888957e-14
2.289435204e-14
3.083069583e-14
4.12575775e-14
5.585048836e-14
7.751783177e-14
1.111149964e-13
1.643671272e-13
2.485330747e-13
3.790403353e-13
5.787355174e-13
8.859933896e-13
1.366796931e-12
2.132247346e-12
3.36750957e-12
5.380106226e-12
8.680410621e-12
1.411236032e-11
2.306338175e-11
3.779677472e-11
6.196983416e-11
1.014261783e-10
1.653745624e-10
2.680664577e-10
4.310102221e-10
6.855315235e-10
1.075033175e-09
1.656203704e-09
2.50361819e-09
3.717101683e-09
5.423344648e-09
7.776300669e-09
1.095503912e-08
1.515832705e-08
2.059562651e-08
2.74747231e-08
3.598678098e-08
4.629015168e-08
5.849465553e-08
7.264824174e-08
8.872792755e-08
1.066367954e-07
1.262085335e-07
1.472193357e-07
1.69399402e-07
1.919552211e-07
2.143678088e-07
2.365637034e-07
2.582781963e-07
2.791976136e-07
2.990181188e-07
3.174723899e-07
3.343427784e-07
3.494674965e-07
3.627422164e-07
3.741181832e-07
3.835976316e-07
3.912272694e-07
3.970905742e-07
4.012996033e-07
4.039869097e-07
4.052980225e-07
4.053848064e-07
4.04399877e-07
4.024921386e-07
3.998034136e-07
3.964660467e-07
3.926013899e-07
3.883190119e-07
3.837164806e-07
3.788795839e-07
3.738828651e-07
3.687903708e-07
3.636565247e-07
3.585270635e-07
3.534399835e-07
3.484264628e-07
3.435117347e-07
3.387158969e-07
3.340546484e-07
3.295399509e-07
3.251806154e-07
3.20982817e-07
3.169505427e-07
3.130859775e-07
3.09389836e-07
3.058616431e-07
3.024999727e-07
2.993026473e-07
2.962669054e-07
2.933895396e-07
2.906670116e-07
2.880955454e-07
2.856712038e-07
2.833899497e-07
2.812476959e-07
2.792403431e-07
2.773638114e-07
2.756140631e-07
2.739871207e-07
2.724790801e-07
2.710861197e-07
2.698045073e-07
2.686306034e-07
2.67560864e-07
2.665918412e-07
2.657201825e-07
2.649426305e-07
2.642560202e-07
2.636572778e-07
2.63143418e-07
2.627115418e-07
2.623588334e-07
2.620825582e-07
2.618800598e-07
2.617487574e-07
2.616861427e-07
2.616897765e-07
2.61757285e-07
2.618863548e-07
2.620747259e-07
2.623201833e-07
2.626205441e-07
2.629736398e-07
2.633772911e-07
2.638292729e-07
2.643272655e-07
2.648687875e-07
2.654511066e-07
2.660711208e-07
2.667252042e-07
2.674090116e-07
2.681172339e-07
2.688432996e-07
2.69579019e-07
2.703141676e-07
2.710360129e-07
2.717287905e-07
2.723731426e-07
2.729455374e-07
2.734176992e-07
2.737560826e-07
2.739214378e-07
2.738685184e-07
2.735459915e-07
2.728966137e-07
2.718577393e-07
2.703622216e-07
2.683397607e-07
2.657187328e-07
2.62428514e-07
2.584022802e-07
2.535802288e-07
2.479131266e-07
2.413660513e-07
2.339221609e-07
2.255863077e-07
2.163883082e-07
2.063856469e-07
1.956651002e-07
1.843410134e-07
1.725391155e-07
1.603131341e-07
1.477805496e-07
1.352283053e-07
1.228951754e-07
1.109585819e-07
9.95601178e-08
8.881134701e-08
7.879358812e-08
6.955740239e-08
6.112394481e-08
5.348849065e-08
4.662549603e-08
4.049467205e-08
3.505018679e-08
3.026668196e-08
2.624709793e-08
2.29503007e-08
2.004478987e-08
1.744908706e-08
1.513158027e-08
1.30777099e-08
1.127386411e-08
9.703675617e-09
8.348091039e-09
7.186418262e-09
6.197446676e-09
5.36036331e-09
4.655402546e-09
4.064247832e-09
3.570231779e-09
3.158390507e-09
2.815469664e-09
2.530302114e-09
2.297142255e-09
2.101978834e-09
1.936757684e-09
1.795939015e-09
1.674925837e-09
1.570587603e-09
1.486204886e-09
1.41335881e-09
1.344743575e-09
1.277335044e-09
1.209872321e-09
1.142193707e-09
1.074817963e-09
1.008535456e-09
9.440953523e-10
8.820504929e-10
8.227347003e-10
7.663070398e-10
7.128081999e-10
6.622041802e-10
6.144159924e-10
5.693419652e-10
5.268759734e-10
4.869212277e-10
4.493931789e-10
4.14082237e-10
3.807696288e-10
3.49477518e-10
3.202607897e-10
2.931300453e-10
2.680543225e-10
2.449697975e-10
2.237854758e-10
2.043887228e-10
1.8666283e-10
1.704962917e-10
1.557658768e-10
1.423598166e-10
1.301718011e-10
1.190986472e-10
1.090424649e-10
9.991387401e-11
9.162627804e-11
8.409973827e-11
7.726400341e-11
7.10569936e-11
6.542581145e-11
6.033006708e-11
5.575061916e-11
5.171189098e-11
4.834272289e-11
4.604860513e-11
)
;

boundaryField
{
    outlet
    {
        type            inletOutlet;
        inletValue      uniform 0;
        value           nonuniform List<scalar> 10(4.527623136e-11 4.366190104e-11 4.140334588e-11 3.870209299e-11 3.578010306e-11 3.287074909e-11 3.021690402e-11 2.808710808e-11 2.68199392e-11 4.604860513e-11);
    }
    inlet
    {
        type            fixedValue;
        value           uniform 0;
    }
    front
    {
        type            wedge;
    }
    wall
    {
        type            zeroGradient;
    }
    back
    {
        type            wedge;
    }
}


// ************************************************************************* //
