/*--------------------------------*- C++ -*----------------------------------*\
| =========                 |                                                 |
| \\      /  F ield         | OpenFOAM: The Open Source CFD Toolbox           |
|  \\    /   O peration     | Version:  2212                                  |
|   \\  /    A nd           | Website:  www.openfoam.com                      |
|    \\/     M anipulation  |                                                 |
\*---------------------------------------------------------------------------*/
FoamFile
{
    version     2.0;
    format      ascii;
    arch        "LSB;label=32;scalar=64";
    class       volScalarField;
    location    "30.00000000";
    object      H;
}
// * * * * * * * * * * * * * * * * * * * * * * * * * * * * * * * * * * * * * //

dimensions      [0 0 0 0 0 0 0];

internalField   nonuniform List<scalar> 
3000
(
2.464980847e-29
2.767855195e-29
3.223942225e-29
3.829449681e-29
4.574843438e-29
5.432662731e-29
6.335379154e-29
7.139344269e-29
7.59331377e-29
9.218681503e-29
1.038593412e-28
1.213872216e-28
1.44621004e-28
1.733137118e-28
2.069080934e-28
2.441330362e-28
2.820336769e-28
3.124593866e-28
2.055008146e-28
2.331755273e-28
2.750613537e-28
3.313922133e-28
4.025678448e-28
4.886583263e-28
5.879049875e-28
6.929275307e-28
7.774229483e-28
3.894017663e-28
4.462199684e-28
5.334183763e-28
6.531313245e-28
8.083367489e-28
1.001145013e-27
1.228065887e-27
1.468192043e-27
1.653685892e-27
6.878944972e-28
7.97629705e-28
9.68683455e-28
1.208183353e-27
1.525072793e-27
1.925044552e-27
2.397467612e-27
2.887798768e-27
3.251081712e-27
1.176962383e-27
1.38186492e-27
1.705922513e-27
2.167017531e-27
2.785709209e-27
3.572258142e-27
4.496965988e-27
5.437173227e-27
6.11275952e-27
1.988594915e-27
2.363413643e-27
2.963300464e-27
3.827054873e-27
4.99590954e-27
6.484387188e-27
8.221228585e-27
9.957727902e-27
1.118492135e-26
3.350515778e-27
4.026450173e-27
5.118265252e-27
6.703435779e-27
8.858903212e-27
1.160158488e-26
1.477884649e-26
1.791624084e-26
2.011112658e-26
5.656487968e-27
6.863121135e-27
8.825428653e-27
1.169042162e-26
1.559611426e-26
2.055743071e-26
2.627095058e-26
3.186438625e-26
3.575565582e-26
9.58735491e-27
1.17252673e-26
1.521908769e-26
2.033901953e-26
2.732760276e-26
3.618929064e-26
4.634900814e-26
5.623776443e-26
6.309794099e-26
1.632220524e-26
2.008956705e-26
2.626742957e-26
3.534227897e-26
4.773562079e-26
6.342524669e-26
8.135413969e-26
9.873961055e-26
1.107905227e-25
2.790546531e-26
3.451873695e-26
4.53892512e-26
6.138089489e-26
8.322053142e-26
1.108260267e-25
1.422903876e-25
1.727301192e-25
1.93856176e-25
4.788635148e-26
5.946665235e-26
7.853333052e-26
1.066065898e-25
1.449296786e-25
1.932804931e-25
2.482347904e-25
3.013033319e-25
3.383834565e-25
8.242967275e-26
1.026802354e-25
1.360664508e-25
1.852562167e-25
2.523671761e-25
3.368274547e-25
4.323233606e-25
5.239562364e-25
5.899141528e-25
1.422359293e-25
1.776247444e-25
2.360513627e-25
3.222390933e-25
4.398924401e-25
5.877493136e-25
7.533915986e-25
9.048332704e-25
1.030011689e-24
2.458404143e-25
3.076292834e-25
4.098030448e-25
5.608503787e-25
7.678059125e-25
1.030086225e-24
1.330996759e-24
1.630352049e-24
1.820146695e-24
4.25294569e-25
5.329708192e-25
7.111675006e-25
9.747713451e-25
1.335978004e-24
1.793060357e-24
2.3138993e-24
2.817861232e-24
3.163233444e-24
7.360974305e-25
9.234127567e-25
1.23352383e-24
1.692319838e-24
2.320758484e-24
3.115139341e-24
4.018625312e-24
4.89208917e-24
5.49428258e-24
1.274464783e-24
1.599973431e-24
2.139025147e-24
2.936644581e-24
4.029122744e-24
5.409742802e-24
6.979651007e-24
8.498532795e-24
9.544837347e-24
2.20731348e-24
2.77268305e-24
3.709227837e-24
5.095346538e-24
6.994187432e-24
9.394086395e-24
1.212326842e-23
1.476406723e-23
1.658137302e-23
3.824359046e-24
4.806195562e-24
6.433132244e-24
8.841797969e-24
1.214232201e-23
1.631469368e-23
2.105996861e-23
2.564691821e-23
2.880264279e-23
6.628735391e-24
8.33397171e-24
1.116052732e-23
1.534669859e-23
2.108487743e-23
2.834103986e-23
3.65940401e-23
4.455142565e-23
5.002751147e-23
1.149482317e-23
1.445727346e-23
1.936948516e-23
2.664755474e-23
3.662839895e-23
4.925535326e-23
6.362255158e-23
7.746878016e-23
8.690742574e-23
1.994361822e-23
2.509266714e-23
3.363408879e-23
4.629579832e-23
6.366995851e-23
8.566518332e-23
1.107101477e-22
1.34864436e-22
1.513304593e-22
3.462422694e-23
4.35803836e-23
5.844475056e-23
8.049454506e-23
1.107763984e-22
1.491508659e-22
1.928966216e-22
2.351419174e-22
2.639864949e-22
6.015836807e-23
7.575314057e-23
1.016530573e-22
1.401092866e-22
1.929870187e-22
2.600961493e-22
3.367347703e-22
4.109007564e-22
4.616795574e-22
1.046273907e-22
1.318225062e-22
1.77030452e-22
2.442445283e-22
3.368264788e-22
4.545843864e-22
5.894248595e-22
7.203431902e-22
8.10381023e-22
1.822028382e-22
2.297256773e-22
3.088276512e-22
4.266543606e-22
5.893555073e-22
7.96956271e-22
1.035605223e-21
1.26844942e-21
1.429700522e-21
3.17828308e-22
4.011044463e-22
5.39965287e-22
7.473427543e-22
1.0346954e-21
1.402975877e-21
1.828679862e-21
2.246947026e-21
2.539561927e-21
5.556135133e-22
7.020744537e-22
9.468874409e-22
1.313787371e-21
1.824586424e-21
2.483197284e-21
3.250239953e-21
4.01113364e-21
4.550954223e-21
9.74016909e-22
1.232811644e-21
1.666795482e-21
2.320260666e-21
3.235711035e-21
4.425454969e-21
5.824767251e-21
7.230342229e-21
8.245911352e-21
1.7135936e-21
2.173578843e-21
2.948210602e-21
4.121706579e-21
5.778905119e-21
7.954449818e-21
1.05450901e-20
1.31882876e-20
1.514149627e-20
3.028320278e-21
3.851847101e-21
5.246167225e-21
7.374668169e-21
1.041067215e-20
1.444591387e-20
1.932363516e-20
2.439378536e-20
2.823971685e-20
5.38183391e-21
6.869153441e-21
9.404181809e-21
1.331050582e-20
1.89498455e-20
2.655598593e-20
3.591165879e-20
4.584439671e-20
5.359907236e-20
9.630650901e-21
1.234464609e-20
1.700780391e-20
2.427406518e-20
3.491252277e-20
4.950368602e-20
6.780298419e-20
8.768247599e-20
1.03676968e-19
1.737882716e-20
2.239058492e-20
3.108333609e-20
4.480396562e-20
6.521340602e-20
9.372633963e-20
1.30235581e-19
1.708531447e-19
2.045236705e-19
3.167685384e-20
4.105732912e-20
5.75030362e-20
8.383601241e-20
1.236881614e-19
1.804576289e-19
2.547088915e-19
3.392835538e-19
4.113975404e-19
5.842515157e-20
7.624618407e-20
1.07861182e-19
1.592713112e-19
2.384928999e-19
3.535901658e-19
5.072895866e-19
6.862830376e-19
8.428133901e-19
1.092483995e-19
1.436545473e-19
2.054633649e-19
3.075933307e-19
4.678486366e-19
7.051504677e-19
1.028208909e-18
1.411948348e-18
1.754808318e-18
2.075017788e-19
2.750668706e-19
3.980099162e-19
6.044012331e-19
9.33903735e-19
1.430387931e-18
2.117771527e-18
2.947888351e-18
3.702309857e-18
4.01079514e-19
5.361058439e-19
7.848893984e-19
1.208808759e-18
1.896194024e-18
2.947402387e-18
4.422684272e-18
6.227021204e-18
7.887115673e-18
7.902873881e-19
1.064936218e-18
1.576810988e-18
2.460540393e-18
3.912090364e-18
6.157419219e-18
9.339023839e-18
1.326299856e-17
1.690051802e-17
1.589701401e-18
2.158147362e-18
3.22798157e-18
5.094480941e-18
8.18924088e-18
1.301150622e-17
1.988018066e-17
2.838416489e-17
3.62898607e-17
3.2680218e-18
4.464507191e-18
6.733105768e-18
1.07195045e-17
1.73642448e-17
2.774624428e-17
4.254074124e-17
6.084305772e-17
7.783017791e-17
6.869507372e-18
9.428661306e-18
1.430332606e-17
2.289803215e-17
3.723566482e-17
5.958987405e-17
9.130488899e-17
1.303265601e-16
1.663303698e-16
1.476237542e-17
2.031970232e-17
3.092208876e-17
4.960569211e-17
8.065998058e-17
1.287483116e-16
1.963541886e-16
2.787078509e-16
3.539284379e-16
3.239451545e-17
4.463410998e-17
6.795670773e-17
1.088918916e-16
1.76424183e-16
2.798777327e-16
4.234215659e-16
5.958363126e-16
7.511116107e-16
7.241197115e-17
9.971513539e-17
1.515692091e-16
2.420039333e-16
3.897408266e-16
6.13146038e-16
9.184291855e-16
1.279120095e-15
1.598410997e-15
1.64225643e-16
2.257887954e-16
3.422158832e-16
5.4386872e-16
8.701533661e-16
1.357777711e-15
2.015308353e-15
2.780958406e-15
3.447311906e-15
3.757788094e-16
5.15652126e-16
7.792199375e-16
1.233419911e-15
1.964086556e-15
3.050023697e-15
4.507811409e-15
6.198319164e-15
7.657500927e-15
8.615881839e-16
1.180428997e-15
1.78033631e-15
2.813392791e-15
4.478161756e-15
6.967923415e-15
1.035114018e-14
1.433959918e-14
1.782243721e-14
1.965125558e-15
2.690692401e-15
4.058394501e-15
6.426441911e-15
1.028788452e-14
1.618638685e-14
2.446219027e-14
3.460622389e-14
4.378019636e-14
4.431278792e-15
6.072809875e-15
9.185034055e-15
1.463884732e-14
2.372568014e-14
3.807974535e-14
5.913618572e-14
8.628141434e-14
1.119903677e-13
9.848862729e-15
1.353649036e-14
2.059431468e-14
3.317706767e-14
5.471660717e-14
9.00033475e-14
1.440043915e-13
2.165587226e-13
2.87671797e-13
2.162405563e-14
2.987805454e-14
4.586249718e-14
7.489139985e-14
1.258110079e-13
2.114946695e-13
3.455959079e-13
5.278409786e-13
7.06532483e-13
4.734153493e-14
6.589083649e-14
1.021925377e-13
1.690169478e-13
2.877033795e-13
4.882785916e-13
7.98339595e-13
1.205700019e-12
1.586065958e-12
1.048927191e-13
1.469958307e-13
2.297662254e-13
3.823270706e-13
6.509016751e-13
1.092226551e-12
1.737740581e-12
2.518211963e-12
3.180215936e-12
2.383349269e-13
3.345554731e-13
5.222968132e-13
8.620417358e-13
1.438259839e-12
2.325944141e-12
3.506800532e-12
4.779594221e-12
5.745813859e-12
5.556416335e-13
7.727555669e-13
1.186043986e-12
1.902494309e-12
3.038043747e-12
4.628734025e-12
6.519124008e-12
8.350520371e-12
9.630214301e-12
1.302371921e-12
1.769098195e-12
2.619697573e-12
3.999323093e-12
5.998385359e-12
8.525134348e-12
1.126122663e-11
1.374530967e-11
1.540802838e-11
2.955665812e-12
3.871984753e-12
5.44880282e-12
7.814629021e-12
1.095615832e-11
1.463549995e-11
1.843036519e-11
2.179107402e-11
2.400052011e-11
6.239549778e-12
7.836119444e-12
1.043244531e-11
1.408266508e-11
1.866518329e-11
2.385407253e-11
2.913787674e-11
3.380099721e-11
3.68492257e-11
1.196662752e-11
1.446041851e-11
1.836705973e-11
2.367723795e-11
3.021484303e-11
3.758583499e-11
4.512644076e-11
5.182071577e-11
5.620308166e-11
2.091500041e-11
2.457684168e-11
3.023418869e-11
3.7866118e-11
4.72765354e-11
5.797979262e-11
6.905682657e-11
7.900494268e-11
8.557721833e-11
3.400940407e-11
3.929690617e-11
4.746370592e-11
5.853111496e-11
7.231644779e-11
8.820404914e-11
1.049074497e-10
1.201680825e-10
1.304175543e-10
5.256572675e-11
6.021429778e-11
7.208999574e-11
8.832961978e-11
1.088061278e-10
1.327899543e-10
1.584980794e-10
1.82498273e-10
1.989753224e-10
7.838039725e-11
8.948486958e-11
1.068367581e-10
1.308070497e-10
1.614637748e-10
1.980277513e-10
2.380728151e-10
2.763610486e-10
3.032963337e-10
1.137487522e-10
1.298410185e-10
1.551723699e-10
1.90557502e-10
2.364990853e-10
2.923295759e-10
3.548221159e-10
4.160027438e-10
4.600787661e-10
1.614987439e-10
1.846776127e-10
2.214425754e-10
2.733775727e-10
3.418068106e-10
4.264632009e-10
5.231511246e-10
6.198476929e-10
6.909977478e-10
2.251887437e-10
2.582463657e-10
3.110595658e-10
3.864408326e-10
4.870860371e-10
6.135516268e-10
7.604795704e-10
9.100426636e-10
1.022038615e-09
3.094644639e-10
3.560048745e-10
4.30817132e-10
5.385226569e-10
6.838755688e-10
8.687720901e-10
1.086432867e-09
1.311025341e-09
1.481544943e-09
4.206460764e-10
4.85169605e-10
5.893589784e-10
7.402893054e-10
9.455102039e-10
1.208765935e-09
1.52146896e-09
1.847217671e-09
2.097130073e-09
5.675029714e-10
6.554213021e-10
7.977413931e-10
1.004598989e-09
1.286987988e-09
1.650857498e-09
2.085238277e-09
2.540421415e-09
2.892295784e-09
7.620289686e-10
8.795685432e-10
1.069899064e-09
1.346658588e-09
1.724693787e-09
2.212245464e-09
2.795235722e-09
3.408094191e-09
3.884549164e-09
1.019889997e-09
1.173846213e-09
1.422715092e-09
1.78380413e-09
2.275893177e-09
2.909368684e-09
3.666530359e-09
4.464529094e-09
5.091233379e-09
1.360184439e-09
1.557519058e-09
1.875424714e-09
2.334736397e-09
2.957984944e-09
3.757646028e-09
4.712868626e-09
5.725973971e-09
6.528782284e-09
1.804325344e-09
2.051667665e-09
2.448346544e-09
3.018376799e-09
3.787934835e-09
4.772198452e-09
5.950585151e-09
7.20052862e-09
8.18539362e-09
2.374249832e-09
2.677480835e-09
3.161494274e-09
3.853194639e-09
4.783189036e-09
5.972925812e-09
7.388028637e-09
8.874079666e-09
1.004056489e-08
3.090827265e-09
3.455098998e-09
4.034329473e-09
4.858843251e-09
5.967785542e-09
7.368168585e-09
9.012939553e-09
1.072654188e-08
1.206907096e-08
3.974349265e-09
4.405455208e-09
5.092456115e-09
6.063469673e-09
7.346962122e-09
8.947276262e-09
1.080653718e-08
1.272792083e-08
1.422678695e-08
5.055266842e-09
5.560256155e-09
6.353941943e-09
7.462866384e-09
8.910489666e-09
1.069429587e-08
1.27447797e-08
1.484571223e-08
1.647599183e-08
6.34378223e-09
6.917410634e-09
7.81120982e-09
9.047439657e-09
1.064321363e-08
1.258723328e-08
1.4798058e-08
1.704301353e-08
1.877443631e-08
7.831920755e-09
8.468379678e-09
9.452748899e-09
1.0801416e-08
1.25236264e-08
1.459815863e-08
1.693204977e-08
1.927994946e-08
2.107846802e-08
9.507487211e-09
1.019889725e-08
1.126080956e-08
1.270250172e-08
1.452418908e-08
1.669421354e-08
1.910918019e-08
2.151543126e-08
2.33450664e-08
1.135198075e-08
1.208816541e-08
1.32112437e-08
1.472250023e-08
1.661244735e-08
1.883908903e-08
2.129028969e-08
2.370884455e-08
2.553343902e-08
1.334054744e-08
1.410927492e-08
1.52743251e-08
1.682851838e-08
1.875251885e-08
2.099467294e-08
2.343629254e-08
2.58215645e-08
2.760630608e-08
1.544283556e-08
1.623027159e-08
1.741603565e-08
1.898444966e-08
2.090670319e-08
2.312268208e-08
2.550969679e-08
2.781822263e-08
2.953084799e-08
1.762425957e-08
1.841552484e-08
1.95995452e-08
2.115253874e-08
2.30370693e-08
2.518617774e-08
2.747591578e-08
2.966762856e-08
3.127904005e-08
1.984743192e-08
2.062720638e-08
2.178673172e-08
2.329491284e-08
2.510694819e-08
2.715095996e-08
2.930448107e-08
3.134347763e-08
3.282592706e-08
2.207363235e-08
2.282676611e-08
2.393964517e-08
2.537499949e-08
2.708227648e-08
2.898690592e-08
3.097090402e-08
3.282917992e-08
3.416756145e-08
2.426423492e-08
2.497633115e-08
2.602184113e-08
2.735872598e-08
2.893252306e-08
3.06682618e-08
3.245513774e-08
3.411010725e-08
3.529060073e-08
2.638204048e-08
2.703998513e-08
2.799956563e-08
2.921556151e-08
3.063155653e-08
3.217441808e-08
3.374285964e-08
3.517812444e-08
3.619132566e-08
2.839246986e-08
2.898488339e-08
2.984274261e-08
3.091932219e-08
3.215821768e-08
3.349021781e-08
3.482548312e-08
3.603098635e-08
3.687212343e-08
3.026456094e-08
3.078213918e-08
3.152568003e-08
3.244861617e-08
3.349640833e-08
3.460557215e-08
3.569914161e-08
3.667048007e-08
3.733852094e-08
3.197163504e-08
3.240731175e-08
3.30272564e-08
3.378656474e-08
3.463412389e-08
3.551348039e-08
3.636120479e-08
3.709709085e-08
3.759242325e-08
3.34911494e-08
3.38398926e-08
3.432973455e-08
3.491847977e-08
3.555935941e-08
3.620315013e-08
3.680034849e-08
3.729760244e-08
3.760520992e-08
3.480180414e-08
3.505951016e-08
3.541311431e-08
3.582263675e-08
3.624788428e-08
3.664137105e-08
3.695763304e-08
3.720150916e-08
3.735024073e-08
3.586996376e-08
3.603169216e-08
3.623956372e-08
3.64400247e-08
3.662248265e-08
3.676877379e-08
3.686647268e-08
3.691994531e-08
3.694059247e-08
3.660047436e-08
3.665220283e-08
3.670731944e-08
3.674239613e-08
3.674312488e-08
3.670042162e-08
3.66159849e-08
3.65086563e-08
3.641936833e-08
3.702811739e-08
3.699890111e-08
3.694005478e-08
3.683879882e-08
3.668661403e-08
3.648278826e-08
3.624010188e-08
3.5992582e-08
3.580749066e-08
3.724296248e-08
3.71456863e-08
3.6989929e-08
3.676974573e-08
3.648338336e-08
3.613816139e-08
3.575682002e-08
3.53871346e-08
3.511911668e-08
3.727847182e-08
3.712124401e-08
3.687999805e-08
3.655469587e-08
3.615017244e-08
3.568126914e-08
3.517965124e-08
3.470498969e-08
3.436637306e-08
3.715155799e-08
3.694137586e-08
3.662487563e-08
3.620751235e-08
3.570031338e-08
3.512498661e-08
3.452100836e-08
3.395802309e-08
3.356064244e-08
3.687552713e-08
3.661928327e-08
3.623767331e-08
3.574125994e-08
3.514675452e-08
3.448197546e-08
3.379305125e-08
3.315772304e-08
3.271279746e-08
3.64638904e-08
3.616852401e-08
3.573196567e-08
3.516943379e-08
3.450272768e-08
3.376495853e-08
3.30077478e-08
3.231515864e-08
3.183314685e-08
3.593116644e-08
3.560356327e-08
3.512206558e-08
3.450602741e-08
3.378167877e-08
3.298657912e-08
3.217671881e-08
3.144084444e-08
3.093132669e-08
3.529273061e-08
3.493956831e-08
3.442276862e-08
3.376525414e-08
3.299699626e-08
3.215916175e-08
3.131104829e-08
3.054460379e-08
3.001620302e-08
3.456439467e-08
3.419199705e-08
3.364896327e-08
3.296119562e-08
3.216171287e-08
3.129447739e-08
3.042111468e-08
2.963545923e-08
2.909580175e-08
3.376194586e-08
3.33761659e-08
3.28152422e-08
3.210746946e-08
3.128823874e-08
3.040354555e-08
2.951645908e-08
2.872155629e-08
2.81772677e-08
3.290072529e-08
3.250686187e-08
3.193556252e-08
3.121694827e-08
3.03881451e-08
2.949648302e-08
2.860569362e-08
2.781012002e-08
2.72668507e-08
3.199527551e-08
3.159802313e-08
3.102297241e-08
3.030154106e-08
2.9472004e-08
2.858240058e-08
2.769644867e-08
2.690744157e-08
2.636991543e-08
3.10590681e-08
3.06624963e-08
3.008940928e-08
2.93720389e-08
2.854928367e-08
2.766934527e-08
2.679535548e-08
2.601889111e-08
2.549097131e-08
3.010431248e-08
2.971187048e-08
2.914556788e-08
2.843802209e-08
2.762829522e-08
2.676428356e-08
2.590805937e-08
2.514895246e-08
2.463371857e-08
2.91418417e-08
2.875638289e-08
2.820083274e-08
2.750782249e-08
2.671618456e-08
2.587311939e-08
2.503925823e-08
2.430127504e-08
2.380110642e-08
2.81810662e-08
2.78048876e-08
2.726326627e-08
2.65885328e-08
2.581896182e-08
2.500074027e-08
2.419276048e-08
2.347873838e-08
2.299539959e-08
2.72299849e-08
2.686487649e-08
2.633964256e-08
2.568605365e-08
2.494156006e-08
2.415108445e-08
2.337155698e-08
2.268352504e-08
2.22182497e-08
2.629524119e-08
2.594254077e-08
2.543551564e-08
2.480516845e-08
2.408791536e-08
2.332722415e-08
2.257790221e-08
2.19171969e-08
2.147076776e-08
2.538221301e-08
2.5042864e-08
2.455531528e-08
2.394964018e-08
2.326106115e-08
2.253145275e-08
2.181339653e-08
2.118077282e-08
2.075359658e-08
2.449512485e-08
2.416973259e-08
2.37024546e-08
2.312231481e-08
2.246322705e-08
2.176538021e-08
2.107907312e-08
2.047480543e-08
2.006698026e-08
2.363716992e-08
2.332605541e-08
2.287944593e-08
2.232523206e-08
2.169594236e-08
2.103002591e-08
2.037548029e-08
1.97994534e-08
1.941082914e-08
2.281063884e-08
2.251388882e-08
2.20880201e-08
2.155973652e-08
2.09601369e-08
2.03259082e-08
1.970275915e-08
1.915454852e-08
1.878477947e-08
2.201704682e-08
2.173455883e-08
2.132924118e-08
2.082658313e-08
2.025623583e-08
1.965312755e-08
1.906071526e-08
1.853965673e-08
1.818824716e-08
2.125725446e-08
2.098877672e-08
2.060361463e-08
2.012603582e-08
1.958424736e-08
1.901144275e-08
1.844888316e-08
1.795413257e-08
1.762047537e-08
2.053157983e-08
2.027674587e-08
1.991118648e-08
1.945795733e-08
1.894384195e-08
1.84003389e-08
1.786658369e-08
1.739716705e-08
1.708057606e-08
1.983989974e-08
1.959825793e-08
1.92516323e-08
1.882188925e-08
1.833442246e-08
1.781908731e-08
1.731297384e-08
1.686782897e-08
1.656756573e-08
1.918173954e-08
1.895277784e-08
1.862433546e-08
1.821712214e-08
1.775518518e-08
1.726679713e-08
1.678708963e-08
1.636510019e-08
1.60803956e-08
1.85563512e-08
1.833951762e-08
1.802845489e-08
1.764275593e-08
1.720517214e-08
1.674245948e-08
1.628788227e-08
1.588790519e-08
1.561797694e-08
1.796278023e-08
1.775749949e-08
1.746298278e-08
1.709775112e-08
1.668331526e-08
1.624498435e-08
1.581424842e-08
1.543513559e-08
1.517920184e-08
1.739992209e-08
1.720560893e-08
1.692679302e-08
1.658097169e-08
1.618847308e-08
1.577323119e-08
1.536505494e-08
1.500567007e-08
1.476296003e-08
1.686656909e-08
1.668263876e-08
1.641868131e-08
1.609122036e-08
1.571946092e-08
1.532603385e-08
1.493915896e-08
1.459839046e-08
1.436815234e-08
1.636144888e-08
1.618732518e-08
1.593739779e-08
1.562726729e-08
1.527507521e-08
1.490222054e-08
1.453542387e-08
1.421219423e-08
1.399370108e-08
1.588325548e-08
1.571837683e-08
1.548167334e-08
1.518787301e-08
1.485411279e-08
1.450062959e-08
1.415273169e-08
1.384600428e-08
1.363855804e-08
1.543067397e-08
1.527449781e-08
1.50502403e-08
1.477180639e-08
1.445538604e-08
1.412012159e-08
1.378999258e-08
1.349877613e-08
1.330171032e-08
1.500239974e-08
1.48544056e-08
1.464184853e-08
1.437785855e-08
1.40777343e-08
1.375958853e-08
1.344615182e-08
1.316950316e-08
1.298218442e-08
1.459715325e-08
1.445684473e-08
1.425527757e-08
1.400485321e-08
1.372003245e-08
1.341796047e-08
1.312019472e-08
1.285722013e-08
1.267904892e-08
1.421369099e-08
1.408059689e-08
1.388934557e-08
1.365165425e-08
1.338119689e-08
1.309421007e-08
1.281114991e-08
1.256100543e-08
1.239141599e-08
1.385081334e-08
1.372448813e-08
1.35429156e-08
1.331717094e-08
1.306018966e-08
1.278735562e-08
1.251809127e-08
1.227998209e-08
1.211844199e-08
1.350736997e-08
1.338739373e-08
1.321489978e-08
1.300036121e-08
1.275602089e-08
1.249646255e-08
1.224013874e-08
1.201331813e-08
1.185932731e-08
1.318226321e-08
1.306824121e-08
1.290426177e-08
1.270023357e-08
1.246774995e-08
1.222064407e-08
1.197645839e-08
1.176022601e-08
1.161331571e-08
1.287444983e-08
1.27660118e-08
1.261001786e-08
1.241584772e-08
1.219448571e-08
1.195906091e-08
1.172626172e-08
1.151996179e-08
1.137969314e-08
1.258294158e-08
1.247974079e-08
1.233123704e-08
1.214631433e-08
1.193538595e-08
1.171092042e-08
1.148880457e-08
1.129182374e-08
1.115778634e-08
1.230680478e-08
1.2208517e-08
1.206704033e-08
1.189079412e-08
1.168965621e-08
1.14754753e-08
1.126338566e-08
1.107515078e-08
1.094696118e-08
1.204515923e-08
1.195148159e-08
1.181659938e-08
1.164849641e-08
1.145654827e-08
1.125202189e-08
1.104934479e-08
1.086932067e-08
1.074662083e-08
1.179717655e-08
1.170782634e-08
1.157913479e-08
1.141867732e-08
1.123535829e-08
1.103989834e-08
1.084606102e-08
1.067374814e-08
1.05562039e-08
1.156207814e-08
1.147679164e-08
1.135391408e-08
1.120063776e-08
1.102542474e-08
1.083848254e-08
1.06529506e-08
1.048788292e-08
1.037518247e-08
1.133913297e-08
1.125766427e-08
1.11402494e-08
1.099372117e-08
1.082612629e-08
1.064719005e-08
1.046946502e-08
1.031120776e-08
1.020306023e-08
1.112765514e-08
1.104977497e-08
1.093749525e-08
1.079731129e-08
1.063687957e-08
1.046547197e-08
1.029508886e-08
1.014323648e-08
1.003937052e-08
1.092700141e-08
1.085249602e-08
1.074504608e-08
1.061082983e-08
1.045713697e-08
1.02928128e-08
1.01293379e-08
9.983512048e-09
9.883674495e-09
1.073656871e-08
1.066523881e-08
1.056233389e-08
1.04337342e-08
1.028638444e-08
1.012872839e-08
9.971757063e-09
9.831604733e-09
9.735559364e-09
1.055579166e-08
1.04874514e-08
1.038882593e-08
1.026551525e-08
1.012413938e-08
9.972763954e-09
9.821918581e-09
9.687110324e-09
9.594636666e-09
1.038414017e-08
1.031861619e-08
1.02240224e-08
1.01056951e-08
9.96994858e-09
9.824492086e-09
9.679420183e-09
9.549648436e-09
9.460540651e-09
1.022111711e-08
1.015824764e-08
1.006745432e-08
9.95382511e-09
9.823386262e-09
9.683510989e-09
9.543883385e-09
9.418860907e-09
9.332926751e-09
1.006625615e-08
1.000589016e-08
9.918681388e-09
9.809483852e-09
9.684052235e-09
9.549442706e-09
9.41495187e-09
9.294410286e-09
9.211470141e-09
9.919119567e-09
9.86111598e-09
9.777290067e-09
9.672275283e-09
9.551570138e-09
9.421931499e-09
9.292289978e-09
9.175978422e-09
9.095864389e-09
9.779296334e-09
9.723523303e-09
9.642891716e-09
9.541826977e-09
9.425585792e-09
9.30064232e-09
9.175581282e-09
9.063265138e-09
8.985820201e-09
9.646400228e-09
9.592734451e-09
9.515120861e-09
9.417788487e-09
9.305765667e-09
9.185259378e-09
9.064527273e-09
8.955987004e-09
8.881064248e-09
9.520068093e-09
9.468394186e-09
9.393633571e-09
9.299829814e-09
9.191795453e-09
9.075484814e-09
8.958846125e-09
8.853876192e-09
8.781338083e-09
9.399958219e-09
9.350168141e-09
9.278105958e-09
9.187639984e-09
9.083378723e-09
8.971037468e-09
8.858271558e-09
8.756679421e-09
8.686397142e-09
9.285748842e-09
9.237741351e-09
9.168232776e-09
9.080925731e-09
8.980235709e-09
8.871651741e-09
8.762551788e-09
8.664156979e-09
8.596009809e-09
9.177136742e-09
9.13081691e-09
9.063726131e-09
8.979410276e-09
8.88210216e-09
8.777076537e-09
8.671448553e-09
8.576081822e-09
8.509956569e-09
9.073835961e-09
9.029114714e-09
8.964314285e-09
8.882832201e-09
8.788728293e-09
8.687074293e-09
8.58473622e-09
8.492238747e-09
8.428029218e-09
8.975576612e-09
8.932370311e-09
8.869740557e-09
8.790944408e-09
8.699877824e-09
8.601420088e-09
8.502200956e-09
8.412423624e-09
8.350030144e-09
8.882103783e-09
8.84033384e-09
8.779762306e-09
8.703513168e-09
8.615327076e-09
8.519900813e-09
8.423639976e-09
8.336442699e-09
8.275771655e-09
8.793176529e-09
8.752769054e-09
8.694149998e-09
8.620317237e-09
8.534864162e-09
8.442314418e-09
8.348860839e-09
8.264111943e-09
8.205075377e-09
8.708566944e-09
8.669452417e-09
8.61268635e-09
8.541147049e-09
8.458288228e-09
8.368469216e-09
8.277680813e-09
8.195256465e-09
8.137771685e-09
8.628059308e-09
8.590172278e-09
8.535165533e-09
8.465803968e-09
8.385408761e-09
8.298183237e-09
8.209926282e-09
8.129709963e-09
8.073699193e-09
8.551449296e-09
8.51472811e-09
8.461392448e-09
8.394099602e-09
8.316044947e-09
8.231283643e-09
8.145432204e-09
8.067314222e-09
8.012704276e-09
8.478543255e-09
8.4429298e-09
8.391182052e-09
8.325855171e-09
8.25002508e-09
8.167606177e-09
8.084041607e-09
8.00791865e-09
7.95464063e-09
8.40915753e-09
8.374597001e-09
8.324358731e-09
8.260900915e-09
8.187186017e-09
8.106994662e-09
8.025605124e-09
7.951379851e-09
7.899368869e-09
8.343117832e-09
8.309558518e-09
8.260755721e-09
8.199075544e-09
8.127372659e-09
8.049300518e-09
7.969980558e-09
7.897561217e-09
7.846756144e-09
8.280258649e-09
8.247651736e-09
8.200214552e-09
8.140225718e-09
8.070437468e-09
7.994382323e-09
7.917032467e-09
7.846332549e-09
7.796675782e-09
8.220422673e-09
8.18872206e-09
8.142584519e-09
8.084205543e-09
8.016239993e-09
7.942105364e-09
7.866631763e-09
7.797569688e-09
7.749006941e-09
8.163460245e-09
8.132622379e-09
8.087722158e-09
8.030876072e-09
7.964646404e-09
7.892341211e-09
7.818655304e-09
7.75115414e-09
7.703634254e-09
8.109228788e-09
8.079212504e-09
8.035490707e-09
7.98010479e-09
7.915528999e-09
7.844967248e-09
7.772985472e-09
7.706972681e-09
7.660447461e-09
8.057592199e-09
8.028358574e-09
7.985759524e-09
7.931765049e-09
7.868765666e-09
7.79986617e-09
7.729509691e-09
7.664916906e-09
7.619340982e-09
8.008420183e-09
7.979932399e-09
7.938403439e-09
7.88573543e-09
7.824239261e-09
7.756925371e-09
7.688119847e-09
7.624882682e-09
7.580213392e-09
7.961587473e-09
7.933810671e-09
7.893301966e-09
7.841898967e-09
7.781836836e-09
7.716036197e-09
7.648711552e-09
7.586769436e-09
7.542966735e-09
7.916972875e-09
7.889874011e-09
7.850338343e-09
7.800142168e-09
7.741448658e-09
7.677092954e-09
7.611183172e-09
7.550479197e-09
7.507505587e-09
7.874458076e-09
7.848005756e-09
7.809398294e-09
7.760353757e-09
7.702966917e-09
7.639991598e-09
7.575434489e-09
7.515915263e-09
7.473735729e-09
7.833926122e-09
7.808090404e-09
7.770368427e-09
7.72242301e-09
7.666284004e-09
7.604627951e-09
7.541364881e-09
7.482980343e-09
7.441562289e-09
7.795259448e-09
7.770011598e-09
7.733134143e-09
7.686237571e-09
7.631290224e-09
7.570895305e-09
7.508870819e-09
7.451573994e-09
7.410887142e-09
7.758337352e-09
7.733649513e-09
7.697576911e-09
7.651680584e-09
7.597870757e-09
7.538681215e-09
7.477842503e-09
7.421589115e-09
7.381605319e-09
7.723032762e-09
7.698877517e-09
7.663570765e-09
7.618626986e-09
7.56590171e-09
7.507863284e-09
7.448159386e-09
7.392907254e-09
7.353600194e-09
7.689208149e-09
7.665557936e-09
7.630977845e-09
7.586938758e-09
7.53524504e-09
7.478303722e-09
7.419684368e-09
7.36539248e-09
7.326737126e-09
7.656710443e-09
7.633536776e-09
7.599642841e-09
7.556459001e-09
7.50574218e-09
7.449842483e-09
7.392256428e-09
7.338883561e-09
7.300855338e-09
7.625364829e-09
7.602637275e-09
7.569386173e-09
7.527004649e-09
7.477206196e-09
7.422288797e-09
7.36568151e-09
7.313184248e-09
7.275757786e-09
7.594967302e-09
7.572652166e-09
7.539995833e-09
7.498357744e-09
7.449412383e-09
7.395410994e-09
7.339721545e-09
7.288051555e-09
7.251198901e-09
7.565275945e-09
7.543334625e-09
7.511217824e-09
7.470255224e-09
7.422087262e-09
7.368924618e-09
7.314081615e-09
7.263182023e-09
7.226870218e-09
7.536000946e-09
7.514387913e-09
7.482745253e-09
7.442377295e-09
7.394896083e-09
7.342478922e-09
7.288395398e-09
7.238196158e-09
7.20238407e-09
7.506793474e-09
7.485453865e-09
7.454206243e-09
7.414334582e-09
7.367429052e-09
7.315642057e-09
7.26220923e-09
7.212621416e-09
7.17725578e-09
7.47723364e-09
7.456100468e-09
7.42515094e-09
7.385654401e-09
7.339186715e-09
7.287885432e-09
7.234965366e-09
7.185874387e-09
7.150885038e-09
7.446817934e-09
7.425808962e-09
7.395038111e-09
7.355766697e-09
7.309565099e-09
7.258567947e-09
7.205985239e-09
7.157243102e-09
7.122537478e-09
7.414946666e-09
7.393961016e-09
7.363221942e-09
7.323990365e-09
7.277841462e-09
7.226921092e-09
7.174453843e-09
7.125870695e-09
7.091327772e-09
7.380912117e-09
7.359826762e-09
7.328939902e-09
7.289520894e-09
7.243161695e-09
7.192036085e-09
7.139406585e-09
7.090741946e-09
7.056205897e-09
7.343888294e-09
7.32255461e-09
7.291302667e-09
7.251420481e-09
7.204530687e-09
7.152854532e-09
7.099720258e-09
7.050674512e-09
7.015948502e-09
7.302923331e-09
7.281163952e-09
7.249287323e-09
7.20861192e-09
7.160807089e-09
7.108164235e-09
7.054109946e-09
7.004316867e-09
6.969157548e-09
7.256935804e-09
7.234542126e-09
7.201735265e-09
7.159877751e-09
7.110704065e-09
7.056601855e-09
7.001133827e-09
6.950155076e-09
6.914268462e-09
7.204716102e-09
7.181446751e-09
7.14735608e-09
7.103866246e-09
7.052797849e-09
6.996664407e-09
6.939207756e-09
6.886530473e-09
6.84957004e-09
7.144934302e-09
7.120515007e-09
7.084738918e-09
7.039105586e-09
6.985545445e-09
6.926731103e-09
6.866631628e-09
6.811670209e-09
6.77323806e-09
7.076155825e-09
7.050281092e-09
7.012372711e-09
6.964027756e-09
6.907313051e-09
6.845097021e-09
6.781628705e-09
6.723732077e-09
6.683384047e-09
6.99686601e-09
6.969203031e-09
6.928676337e-09
6.877003171e-09
6.816416175e-09
6.750019562e-09
6.682398869e-09
6.62086428e-09
6.578119819e-09
6.905504464e-09
6.875699618e-09
6.83203947e-09
6.776386673e-09
6.711171918e-09
6.639777926e-09
6.567185796e-09
6.501279942e-09
6.455637336e-09
6.800509658e-09
6.768197885e-09
6.720874338e-09
6.660574903e-09
6.589963134e-09
6.512744986e-09
6.43435698e-09
6.363344858e-09
6.314302033e-09
6.680373659e-09
6.645190844e-09
6.593677923e-09
6.528074282e-09
6.451313306e-09
6.367469878e-09
6.282494351e-09
6.205675612e-09
6.152756309e-09
6.543706236e-09
6.505304548e-09
6.44910336e-09
6.377577937e-09
6.293969959e-09
6.202768485e-09
6.110491952e-09
6.027243776e-09
5.970028295e-09
6.389306808e-09
6.347372724e-09
6.286038448e-09
6.208049038e-09
6.116993458e-09
6.017817979e-09
5.917656013e-09
5.827480747e-09
5.765639838e-09
6.216241916e-09
6.170516423e-09
6.10368835e-09
6.018807148e-09
5.919847257e-09
5.8122508e-09
5.703802094e-09
5.606377155e-09
5.53970708e-09
6.023925203e-09
5.974225465e-09
5.90165899e-09
5.809613735e-09
5.70248531e-09
5.586243357e-09
5.469344122e-09
5.364571191e-09
5.293027608e-09
5.812196383e-09
5.758438025e-09
5.680037309e-09
5.580752839e-09
5.465432505e-09
5.340595146e-09
5.215370785e-09
5.103421006e-09
5.02714896e-09
5.581395457e-09
5.523614564e-09
5.439464478e-09
5.333102779e-09
5.209853533e-09
5.076792656e-09
4.943701467e-09
4.825049692e-09
4.744403398e-09
5.332428395e-09
5.270801928e-09
5.181197008e-09
5.068191863e-09
4.937598715e-09
4.797036979e-09
4.65688208e-09
4.532292192e-09
4.44780478e-09
5.06681903e-09
5.001680265e-09
4.907143538e-09
4.788215266e-09
4.65118126e-09
4.50414032e-09
4.357927096e-09
4.228155935e-09
4.140155674e-09
4.786731759e-09
4.718568645e-09
4.619833629e-09
4.49593021e-09
4.353525646e-09
4.200947866e-09
4.049102577e-09
3.913114144e-09
3.820756401e-09
4.494895833e-09
4.424290554e-09
4.322149583e-09
4.194130568e-09
4.047021256e-09
3.888235232e-09
3.73074659e-09
3.591022958e-09
3.49650356e-09
4.194106426e-09
4.121495003e-09
4.016149491e-09
3.883431588e-09
3.731517916e-09
3.569436303e-09
3.409777988e-09
3.269448336e-09
3.175014098e-09
3.884776948e-09
3.80993716e-09
3.701993178e-09
3.567130695e-09
3.413772225e-09
3.251731958e-09
3.093245326e-09
2.954751979e-09
2.8619172e-09
3.570017405e-09
3.494553864e-09
3.386266476e-09
3.252096553e-09
3.100451449e-09
2.941205259e-09
2.786302829e-09
2.651559982e-09
2.561525513e-09
3.256610652e-09
3.182123884e-09
3.075622551e-09
2.944305322e-09
2.796611489e-09
2.642291165e-09
2.4928899e-09
2.363453707e-09
2.277203572e-09
2.95047409e-09
2.878066766e-09
2.774843226e-09
2.648057597e-09
2.506075098e-09
2.358389997e-09
2.216029054e-09
2.093147018e-09
2.011491146e-09
2.655817029e-09
2.586338439e-09
2.4875513e-09
2.366632621e-09
2.231754919e-09
2.092041139e-09
1.9578974e-09
1.842492762e-09
1.765973304e-09
2.375841513e-09
2.309955735e-09
2.216503632e-09
2.102476005e-09
1.975746231e-09
1.844972327e-09
1.719868812e-09
1.612568213e-09
1.541559545e-09
2.112944501e-09
2.051140503e-09
1.963670777e-09
1.857248629e-09
1.739362753e-09
1.618140215e-09
1.502565617e-09
1.403720713e-09
1.338426228e-09
1.868763039e-09
1.811355292e-09
1.730267612e-09
1.631865429e-09
1.523192789e-09
1.411808391e-09
1.305956849e-09
1.215681442e-09
1.156154382e-09
1.644204115e-09
1.591342217e-09
1.516807365e-09
1.426570438e-09
1.327197187e-09
1.225666067e-09
1.129492846e-09
1.047707967e-09
9.938491758e-10
1.439511652e-09
1.3912031e-09
1.323199435e-09
1.241054315e-09
1.15084701e-09
1.058989814e-09
9.723088868e-10
8.98878214e-10
8.506545383e-10
1.254377666e-09
1.210521064e-09
1.148884914e-09
1.074607992e-09
9.933075885e-10
9.108953874e-10
8.336395496e-10
7.68818048e-10
7.266468755e-10
1.088083416e-09
1.048510509e-09
9.930036702e-10
9.263262236e-10
8.537282065e-10
7.808439953e-10
7.13989534e-10
6.609948628e-10
6.294647508e-10
9.396664174e-10
9.042052371e-10
8.5463407e-10
7.954596505e-10
7.318238147e-10
6.69478629e-10
6.166062316e-10
5.742901454e-10
5.473953134e-10
8.081922755e-10
7.768058638e-10
7.333355704e-10
6.823637955e-10
6.300344847e-10
5.808031112e-10
5.36085286e-10
4.987290998e-10
4.744673216e-10
6.935499183e-10
6.666821633e-10
6.308721704e-10
5.907783837e-10
5.479881122e-10
5.051413154e-10
4.65068548e-10
4.311099197e-10
4.087516586e-10
5.997627844e-10
5.786785345e-10
5.494598905e-10
5.14748118e-10
4.767122515e-10
4.380744924e-10
4.015044747e-10
3.703406926e-10
3.497152681e-10
5.233623423e-10
5.049043319e-10
4.788707075e-10
4.475772893e-10
4.131286943e-10
3.779174382e-10
3.445218832e-10
3.160491367e-10
2.971707972e-10
4.560716763e-10
4.393947915e-10
4.158687782e-10
3.874100145e-10
3.560724548e-10
3.240722103e-10
2.937872189e-10
2.68016705e-10
2.509262055e-10
3.957590394e-10
3.806070521e-10
3.592534929e-10
3.334411869e-10
3.050904702e-10
2.762420269e-10
2.490454116e-10
2.259737309e-10
2.106814431e-10
3.415549977e-10
3.278491108e-10
3.085718723e-10
2.853337979e-10
2.59908128e-10
2.341529177e-10
2.099835412e-10
1.895529403e-10
1.760240297e-10
2.931177522e-10
2.808162059e-10
2.635569964e-10
2.428234519e-10
2.202367413e-10
1.974695472e-10
1.762078017e-10
1.583027609e-10
1.464601711e-10
2.501933729e-10
2.392477499e-10
2.239322989e-10
2.056019556e-10
1.857238152e-10
1.657874598e-10
1.472608619e-10
1.317190463e-10
1.214531332e-10
2.124893827e-10
2.028341246e-10
1.893616735e-10
1.732979482e-10
1.559572351e-10
1.386527181e-10
1.226502909e-10
1.092775308e-10
1.004568931e-10
1.796529743e-10
1.712061014e-10
1.594524968e-10
1.454907333e-10
1.304868433e-10
1.155877425e-10
1.018755797e-10
9.046003329e-11
8.294111436e-11
1.512831242e-10
1.439505508e-10
1.337753554e-10
1.217328911e-10
1.088482314e-10
9.611440788e-11
8.444906662e-11
7.477268238e-11
6.840743983e-11
1.269514985e-10
1.206320663e-10
1.118860856e-10
1.015718506e-10
9.05826983e-11
7.977134673e-11
6.991009494e-11
6.175746049e-11
5.640013126e-11
1.062227594e-10
1.00812789e-10
9.334456028e-11
8.456690209e-11
7.525179722e-11
6.61257527e-11
5.783491838e-11
5.100394929e-11
4.653009418e-11
8.867087481e-11
8.406778957e-11
7.772860147e-11
7.030119005e-11
6.244736702e-11
5.478255487e-11
4.784961733e-11
4.218399592e-11
3.854537397e-11
7.389067811e-11
6.999566387e-11
6.464324491e-11
5.838966025e-11
5.179914287e-11
4.539494563e-11
3.965133601e-11
3.501302462e-11
3.19619202e-11
6.150512907e-11
5.822504454e-11
5.372646903e-11
4.848487458e-11
4.298396515e-11
3.768726283e-11
3.297614306e-11
2.909653825e-11
2.651440304e-11
5.116939578e-11
4.841862815e-11
4.465404205e-11
4.028673998e-11
3.57527687e-11
3.140067364e-11
2.746694237e-11
2.420319452e-11
2.200742578e-11
4.257450404e-11
4.02798044e-11
3.715123402e-11
3.357658138e-11
2.983924089e-11
2.620739178e-11
2.290976405e-11
2.015707242e-11
1.828027333e-11
3.546218865e-11
3.359363122e-11
3.103724688e-11
2.80680016e-11
2.494745023e-11
2.190885579e-11
1.914159005e-11
1.681470674e-11
1.521823069e-11
2.967435687e-11
2.811621056e-11
2.598351894e-11
2.350272981e-11
2.089507042e-11
1.835233313e-11
1.60259823e-11
1.406063661e-11
1.269349696e-11
2.487185175e-11
2.356971821e-11
2.178887786e-11
1.971823563e-11
1.754006917e-11
1.540918219e-11
1.34520341e-11
1.177744183e-11
1.059054003e-11
2.088093298e-11
1.979519942e-11
1.831069573e-11
1.658339869e-11
1.476176889e-11
1.297429106e-11
1.131297298e-11
9.862881162e-12
8.832423499e-12
1.756966289e-11
1.666555655e-11
1.542827476e-11
1.398577366e-11
1.246194845e-11
1.09480972e-11
9.510856661e-12
8.250423058e-12
7.363345566e-12
1.48238335e-11
1.407069394e-11
1.303820082e-11
1.183578924e-11
1.054531562e-11
9.235764519e-12
7.983240336e-12
6.89381629e-12
6.139456368e-12
1.254626734e-11
1.192193338e-11
1.106207322e-11
1.003938099e-11
8.921636787e-12
7.777419326e-12
6.688896547e-12
5.757629729e-12
5.12364713e-12
1.066691345e-11
1.013930179e-11
9.402020604e-12
8.513284637e-12
7.534091245e-12
6.534799011e-12
5.597898442e-12
4.811398816e-12
4.283022476e-12
9.087542494e-12
8.630591465e-12
7.986462422e-12
7.205500232e-12
6.346943763e-12
5.481483148e-12
4.684847279e-12
4.027003035e-12
3.588194995e-12
7.740330305e-12
7.338350775e-12
6.770284925e-12
6.083413212e-12
5.336270595e-12
4.595681612e-12
3.925610382e-12
3.378315463e-12
3.013427682e-12
6.581237076e-12
6.225566295e-12
5.724927249e-12
5.125359389e-12
4.482853513e-12
3.856434904e-12
3.296819019e-12
2.841805488e-12
2.536848473e-12
5.58187618e-12
5.268519354e-12
4.831172381e-12
4.31408472e-12
3.76818571e-12
3.24279928e-12
2.776657027e-12
2.397124493e-12
2.140380692e-12
4.723677173e-12
4.450666199e-12
4.073430785e-12
3.632941808e-12
3.173414789e-12
2.734604861e-12
2.34575288e-12
2.027287828e-12
1.809378156e-12
3.992520652e-12
3.757826576e-12
3.436442451e-12
3.064796061e-12
2.679979625e-12
2.313494687e-12
1.987647658e-12
1.718474113e-12
1.532103224e-12
3.375072318e-12
3.175672498e-12
2.904400429e-12
2.592574364e-12
2.270665594e-12
1.963589645e-12
1.688805022e-12
1.459609682e-12
1.299186128e-12
2.85740237e-12
2.689332791e-12
2.461525396e-12
2.200272148e-12
1.930358755e-12
1.671663615e-12
1.43832164e-12
1.241886721e-12
1.103148707e-12
2.425259899e-12
2.28411865e-12
2.093018727e-12
1.873710089e-12
1.646319398e-12
1.426956881e-12
1.227485194e-12
1.058276415e-12
9.380355699e-13
2.064961721e-12
1.946421255e-12
1.785762433e-12
1.600845553e-12
1.408086042e-12
1.220800336e-12
1.049256796e-12
9.029066543e-13
7.984244127e-13
1.764158383e-12
1.664294272e-12
1.528607103e-12
1.371743421e-12
1.207218709e-12
1.04627507e-12
8.979960922e-13
7.709989569e-13
6.797285477e-13
1.512214957e-12
1.427647635e-12
1.312344551e-12
1.178367397e-12
1.03699722e-12
8.97919095e-13
7.692760967e-13
6.585680888e-13
5.789583013e-13
1.300256973e-12
1.228174075e-12
1.129512459e-12
1.014296728e-12
8.920942878e-13
7.713906368e-13
6.593493654e-13
5.626962803e-13
4.934998604e-13
1.121031004e-12
1.059152169e-12
9.741435156e-13
8.744413426e-13
7.682773626e-13
6.631293335e-13
5.651470705e-13
4.810652106e-13
4.211383838e-13
9.686983947e-13
9.152165788e-13
8.415198787e-13
7.548131916e-13
6.62272433e-13
5.701760736e-13
4.84629425e-13
4.117065328e-13
3.599714161e-13
8.386153915e-13
7.921221672e-13
7.279143536e-13
6.522420353e-13
5.710745419e-13
4.903642257e-13
4.159248469e-13
3.528707192e-13
3.08328048e-13
7.271227009e-13
6.865384065e-13
6.303554878e-13
5.638209722e-13
4.924363327e-13
4.21961759e-13
3.573995146e-13
3.030225346e-13
2.647318541e-13
6.313079975e-13
5.955825371e-13
5.459975777e-13
4.8729354e-13
4.247668524e-13
3.634529169e-13
3.076183654e-13
2.608200159e-13
2.279445531e-13
5.482940972e-13
5.165961835e-13
4.727526472e-13
4.212102295e-13
3.666668473e-13
3.134931346e-13
2.653150488e-13
2.250745219e-13
1.96914951e-13
4.758345818e-13
4.47852895e-13
4.093300127e-13
3.642918473e-13
3.168852518e-13
2.708923798e-13
2.29381886e-13
1.948219583e-13
1.707247017e-13
4.127994472e-13
3.882509833e-13
3.545805662e-13
3.15384668e-13
2.7430295e-13
2.345939613e-13
1.988469149e-13
1.69210751e-13
1.486001929e-13
3.581837225e-13
3.367547606e-13
3.074478571e-13
2.734448933e-13
2.379193349e-13
2.036605536e-13
1.729197051e-13
1.475124904e-13
1.298831823e-13
3.11024376e-13
2.923906876e-13
2.669627506e-13
2.375320432e-13
2.068462728e-13
1.773112907e-13
1.508921168e-13
1.291070277e-13
1.140193844e-13
2.704140001e-13
2.542576616e-13
2.322434911e-13
2.068034291e-13
1.803004693e-13
1.548686255e-13
1.321605637e-13
1.134687072e-13
1.005440118e-13
2.355145413e-13
2.215301539e-13
2.024920838e-13
1.804943662e-13
1.576389954e-13
1.357390144e-13
1.162095236e-13
1.001539739e-13
8.906696169e-14
2.055564221e-13
1.934575069e-13
1.76984002e-13
1.579930304e-13
1.382848334e-13
1.194160894e-13
1.026022187e-13
8.879075847e-14
7.92629587e-14
1.798340042e-13
1.693657744e-13
1.551363357e-13
1.387436875e-13
1.217397242e-13
1.054665647e-13
9.096939955e-14
7.906618966e-14
7.086123445e-14
1.57759532e-13
1.487131936e-13
1.364204107e-13
1.222613213e-13
1.075768412e-13
9.352268324e-14
8.100066579e-14
7.071907413e-14
6.363652217e-14
1.388221166e-13
1.310002042e-13
1.203720967e-13
1.081307426e-13
9.543226538e-14
8.327341096e-14
7.243405615e-14
6.353122636e-14
5.740139002e-14
1.225611462e-13
1.15792529e-13
1.065944651e-13
9.599680785e-14
8.499704148e-14
7.445638291e-14
6.505054326e-14
5.732066797e-14
5.200021986e-14
1.085834063e-13
1.027192837e-13
9.474750634e-14
8.555718511e-14
7.600992888e-14
6.68502524e-14
5.866657711e-14
5.193542851e-14
4.730340456e-14
9.655105463e-14
9.146249296e-14
8.454123189e-14
7.655540486e-14
6.824964493e-14
6.02692703e-14
5.31285227e-14
4.724884736e-14
4.320308218e-14
8.617482988e-14
8.175081541e-14
7.572925964e-14
6.877417994e-14
6.152983015e-14
5.455744779e-14
4.830768812e-14
4.315507421e-14
3.960938167e-14
7.720820882e-14
7.335369889e-14
6.810268626e-14
6.202965806e-14
5.569369604e-14
4.958387859e-14
4.409649774e-14
3.956572965e-14
3.644739192e-14
6.94420495e-14
6.607541297e-14
6.148434748e-14
5.616701743e-14
5.060939047e-14
4.523873089e-14
4.04048303e-14
3.640698372e-14
3.365464001e-14
6.269841969e-14
5.975009088e-14
5.572501982e-14
5.105593128e-14
4.616612668e-14
4.143002552e-14
3.715732449e-14
3.361721415e-14
3.117905584e-14
5.682727284e-14
5.423811093e-14
5.06991108e-14
4.658689469e-14
4.227109975e-14
3.808079213e-14
3.429110204e-14
3.114512363e-14
2.897736564e-14
5.17025135e-14
4.942219877e-14
4.630128673e-14
4.266827599e-14
3.884686644e-14
3.51270034e-14
3.175403966e-14
2.894832724e-14
2.701390683e-14
4.721886438e-14
4.52045854e-14
4.244394015e-14
3.922423714e-14
3.582952198e-14
3.251611185e-14
2.950361218e-14
2.699245243e-14
2.525990494e-14
4.329001929e-14
4.150538474e-14
3.905594965e-14
3.619345681e-14
3.316784907e-14
3.020644954e-14
2.750650696e-14
2.525091395e-14
2.369334407e-14
3.98487708e-14
3.826280937e-14
3.608270018e-14
3.352954952e-14
3.082388997e-14
2.816793883e-14
2.573942165e-14
2.370572238e-14
2.229972947e-14
3.685061771e-14
3.543659399e-14
3.348968236e-14
3.120455394e-14
2.877631727e-14
2.638532464e-14
2.419208448e-14
2.235016536e-14
2.107437092e-14
3.428539748e-14
3.30192053e-14
3.12729653e-14
2.921869204e-14
2.702945448e-14
2.486637859e-14
2.287453028e-14
2.11950004e-14
2.002741503e-14
3.221046408e-14
3.106711709e-14
2.948775929e-14
2.762554866e-14
2.563498641e-14
2.366055245e-14
2.183326361e-14
2.028234702e-14
1.919511129e-14
3.084194498e-14
2.978473924e-14
2.832243978e-14
2.659496045e-14
2.474358886e-14
2.290051825e-14
2.118538924e-14
1.971598708e-14
1.866784202e-14
2.325166336e-29
8.676620679e-29
1.926808803e-28
3.632994171e-28
6.380122045e-28
1.0848206e-27
1.821619172e-27
3.051695336e-27
5.12618047e-27
8.651878963e-27
1.467900674e-26
2.502762792e-26
4.285550082e-26
7.364372808e-26
1.269002764e-25
2.190935713e-25
3.787159991e-25
6.551010089e-25
1.133753644e-24
1.962978396e-24
3.400144264e-24
5.892142397e-24
1.021547343e-23
1.772055648e-23
3.075867229e-23
5.343018424e-23
9.290056586e-23
1.617252741e-22
2.819801995e-22
4.926509455e-22
8.629631993e-22
1.516671512e-21
2.676832017e-21
4.74944002e-21
8.482024907e-21
1.526939066e-20
2.775368309e-20
5.102485068e-20
9.507090192e-20
1.798840091e-19
3.463284894e-19
6.797670731e-19
1.362495231e-18
2.792394442e-18
5.856072766e-18
1.256605803e-17
2.755847084e-17
6.161145986e-17
1.3982472e-16
3.20229563e-16
7.348133622e-16
1.676702573e-15
3.780095797e-15
8.391768867e-15
1.838067651e-14
4.009483687e-14
8.850074746e-14
2.007818863e-13
4.699024089e-13
1.113797745e-12
2.573246032e-12
5.549414314e-12
1.085946275e-11
1.926894214e-11
3.16269614e-11
4.912582457e-11
7.3402653e-11
1.065626139e-10
1.511897514e-10
2.10543531e-10
2.889162966e-10
3.922308106e-10
5.288404868e-10
7.103504381e-10
9.521319127e-10
1.273159146e-09
1.694949078e-09
2.239760092e-09
2.928844283e-09
3.782455479e-09
4.829309186e-09
6.085850869e-09
7.544488443e-09
9.193959528e-09
1.10168343e-08
1.29892467e-08
1.508163974e-08
1.725997306e-08
1.948712768e-08
2.172436792e-08
2.393277717e-08
2.607461188e-08
2.81145283e-08
3.002062799e-08
3.176520039e-08
3.332472249e-08
3.467729649e-08
3.578977766e-08
3.657262078e-08
3.703873575e-08
3.728580971e-08
3.734969732e-08
3.7247898e-08
3.699377851e-08
3.66008192e-08
3.608354986e-08
3.545743012e-08
3.47384268e-08
3.394253988e-08
3.308536509e-08
3.218172559e-08
3.124538522e-08
3.028884519e-08
2.932321991e-08
2.835818351e-08
2.740197595e-08
2.64614561e-08
2.554219039e-08
2.464856492e-08
2.378390917e-08
2.295062633e-08
2.215032269e-08
2.138393089e-08
2.06518245e-08
1.995392171e-08
1.928977733e-08
1.8658663e-08
1.805963587e-08
1.749159662e-08
1.695333776e-08
1.644358322e-08
1.596102035e-08
1.550432545e-08
1.507218362e-08
1.466330406e-08
1.427643142e-08
1.391035401e-08
1.356390944e-08
1.323598816e-08
1.292553537e-08
1.263155171e-08
1.235309287e-08
1.208926856e-08
1.183924083e-08
1.160222212e-08
1.137747297e-08
1.11642996e-08
1.096205144e-08
1.077011854e-08
1.058792918e-08
1.041494736e-08
1.025067046e-08
1.009462706e-08
9.946374735e-09
9.805498086e-09
9.671606846e-09
9.544334112e-09
9.423334702e-09
9.308283632e-09
9.1988747e-09
9.094819177e-09
8.995844606e-09
8.901693686e-09
8.812123253e-09
8.726903334e-09
8.645816284e-09
8.568655987e-09
8.495227116e-09
8.425344451e-09
8.358832242e-09
8.29552361e-09
8.235259965e-09
8.177890446e-09
8.123271347e-09
8.071265508e-09
8.021741643e-09
7.974573561e-09
7.929639213e-09
7.886819512e-09
7.845996822e-09
7.807053015e-09
7.769866979e-09
7.734311438e-09
7.700248934e-09
7.667526835e-09
7.635971236e-09
7.605379655e-09
7.575512464e-09
7.546083076e-09
7.516746998e-09
7.487089976e-09
7.45661558e-09
7.424732774e-09
7.390744123e-09
7.353835522e-09
7.313068463e-09
7.267376056e-09
7.215563953e-09
7.156317603e-09
7.088217068e-09
7.009760584e-09
6.919397714e-09
6.815572623e-09
6.696777416e-09
6.56161487e-09
6.408869118e-09
6.237582083e-09
6.047132743e-09
5.837315763e-09
5.608415807e-09
5.361273843e-09
5.097340965e-09
4.818707392e-09
4.528048454e-09
4.228199088e-09
3.919988642e-09
3.605612986e-09
3.291816287e-09
2.984755489e-09
2.688762795e-09
2.407128206e-09
2.142331038e-09
1.896090951e-09
1.669394007e-09
1.462553292e-09
1.275314813e-09
1.106994897e-09
9.566400945e-10
8.232728103e-10
7.065960305e-10
6.098936223e-10
5.321645411e-10
4.640148371e-10
4.02979173e-10
3.480932349e-10
2.989942917e-10
2.554302501e-10
2.171162988e-10
1.837073526e-10
1.548082714e-10
1.299943079e-10
1.088315702e-10
9.089373362e-11
7.577405186e-11
6.309300376e-11
5.250252736e-11
4.368891065e-11
3.638318526e-11
3.043147453e-11
2.550361869e-11
2.140775984e-11
1.800824433e-11
1.518892373e-11
1.285010343e-11
1.092043681e-11
9.305588779e-12
7.931507221e-12
6.750514881e-12
5.731640031e-12
4.854931359e-12
4.106016191e-12
3.471948631e-12
2.93929971e-12
2.494126592e-12
2.12279809e-12
1.812829172e-12
1.553355471e-12
1.33524613e-12
1.150998655e-12
9.945474474e-13
8.610530518e-13
7.466978066e-13
6.48492036e-13
5.635240978e-13
4.893378424e-13
4.246787438e-13
3.685737883e-13
3.200722287e-13
2.782675663e-13
2.42316507e-13
2.114416868e-13
1.849304372e-13
1.62164713e-13
1.426308745e-13
1.258571546e-13
1.11438548e-13
9.902789835e-14
8.832739424e-14
7.908285935e-14
7.107843889e-14
6.41305895e-14
5.808411679e-14
5.280861376e-14
4.819513727e-14
4.415426418e-14
4.061611087e-14
3.753411492e-14
3.489685535e-14
3.276210315e-14
3.135164399e-14
)
;

boundaryField
{
    outlet
    {
        type            inletOutlet;
        inletValue      uniform 0;
        value           nonuniform List<scalar> 10(3.084194498e-14 2.978473924e-14 2.832243978e-14 2.659496045e-14 2.474358886e-14 2.290051825e-14 2.118538924e-14 1.971598708e-14 1.866784202e-14 3.135164399e-14);
    }
    inlet
    {
        type            fixedValue;
        value           uniform 0;
    }
    front
    {
        type            wedge;
    }
    wall
    {
        type            zeroGradient;
    }
    back
    {
        type            wedge;
    }
}


// ************************************************************************* //
