/*--------------------------------*- C++ -*----------------------------------*\
| =========                 |                                                 |
| \\      /  F ield         | OpenFOAM: The Open Source CFD Toolbox           |
|  \\    /   O peration     | Version:  2212                                  |
|   \\  /    A nd           | Website:  www.openfoam.com                      |
|    \\/     M anipulation  |                                                 |
\*---------------------------------------------------------------------------*/
FoamFile
{
    version     2.0;
    format      ascii;
    arch        "LSB;label=32;scalar=64";
    class       volScalarField;
    location    "30.00000000";
    object      I-C4H51;
}
// * * * * * * * * * * * * * * * * * * * * * * * * * * * * * * * * * * * * * //

dimensions      [0 0 0 0 0 0 0];

internalField   nonuniform List<scalar> 
3000
(
3.07407708e-24
3.453448623e-24
4.025905279e-24
4.788721051e-24
5.734094336e-24
6.836284272e-24
8.02883219e-24
9.166619326e-24
9.97107782e-24
1.154188092e-23
1.301851666e-23
1.524572219e-23
1.822006538e-23
2.19383252e-23
2.637955086e-23
3.146629624e-23
3.694230642e-23
4.179252935e-23
2.585514541e-23
2.939187348e-23
3.477714589e-23
4.208845971e-23
5.145631948e-23
6.301531281e-23
7.671849368e-23
9.179711197e-23
1.046822074e-22
4.925187679e-23
5.657511049e-23
6.788942613e-23
8.357653184e-23
1.041899712e-22
1.302503397e-22
1.616121277e-22
1.957659226e-22
2.23331043e-22
8.74686418e-23
1.017063542e-22
1.240499841e-22
1.556329865e-22
1.979380006e-22
2.521470684e-22
3.173512908e-22
3.865914487e-22
4.397442009e-22
1.504274709e-22
1.771498751e-22
2.196879874e-22
2.807555947e-22
3.636095122e-22
4.703358112e-22
5.977503088e-22
7.297910198e-22
8.274843135e-22
2.554067537e-22
3.044913858e-22
3.835367892e-22
4.982948125e-22
6.551542404e-22
8.572345543e-22
1.096179825e-21
1.338955078e-21
1.514128907e-21
4.323022446e-22
5.211272814e-22
6.654392575e-22
8.765664103e-22
1.166275026e-21
1.538730162e-21
1.975242396e-21
2.412275155e-21
2.722347977e-21
7.329498237e-22
8.919925608e-22
1.152046259e-21
1.534410246e-21
2.059994364e-21
2.733826934e-21
3.517837804e-21
4.294611484e-21
4.839655337e-21
1.247209044e-21
1.529754263e-21
1.99383236e-21
2.678324373e-21
3.619690618e-21
4.823317915e-21
6.215931244e-21
7.585598541e-21
8.539588507e-21
2.13106759e-21
2.63015256e-21
3.452406374e-21
4.667447384e-21
6.338192317e-21
8.469201806e-21
1.092435732e-20
1.332684521e-20
1.499232166e-20
3.655575858e-21
4.533563228e-21
5.982988269e-21
8.126901323e-21
1.107309986e-20
1.482239907e-20
1.912728641e-20
2.332520777e-20
2.622918618e-20
6.2922081e-21
7.832603868e-21
1.037891416e-20
1.41467909e-20
1.931957559e-20
2.58860123e-20
3.339881133e-20
4.070439763e-20
4.577715283e-20
1.086133876e-20
1.355972045e-20
1.802465158e-20
2.463314956e-20
3.369591914e-20
4.516528016e-20
5.821148588e-20
7.080726035e-20
7.979195389e-20
1.878920177e-20
2.351207221e-20
3.133549562e-20
4.292423444e-20
5.881808074e-20
7.889339654e-20
1.015081086e-19
1.223103778e-19
1.392960644e-19
3.254985865e-20
4.080740857e-20
5.450357542e-20
7.482770304e-20
1.027925274e-19
1.383930789e-19
1.794287505e-19
2.204032725e-19
2.461059975e-19
5.642688026e-20
7.083461437e-20
9.474445419e-20
1.302355054e-19
1.79054509e-19
2.410841193e-19
3.12060961e-19
3.808807812e-19
4.276212511e-19
9.784531447e-20
1.229363167e-19
1.645804198e-19
2.263831193e-19
3.113323497e-19
4.191090225e-19
5.421373662e-19
6.611341139e-19
7.425915335e-19
1.696882365e-19
2.133303904e-19
2.857674426e-19
3.932517988e-19
5.409313815e-19
7.281794398e-19
9.417830614e-19
1.148314308e-18
1.289786552e-18
2.943181644e-19
3.701752529e-19
4.960897654e-19
6.829151691e-19
9.395601351e-19
1.264881195e-18
1.63588501e-18
1.994523055e-18
2.240161974e-18
5.105585387e-19
6.42362237e-19
8.611566152e-19
1.185790407e-18
1.631704413e-18
2.196848904e-18
2.841218485e-18
3.463974304e-18
3.890443801e-18
8.858168648e-19
1.114784269e-18
1.494891861e-18
2.058872648e-18
2.833497772e-18
3.815112156e-18
4.934124309e-18
6.015390605e-18
6.755717542e-18
1.537136844e-18
1.934850714e-18
2.595114365e-18
3.574757287e-18
4.92018743e-18
6.624899882e-18
8.567874649e-18
1.044495059e-17
1.172998884e-17
2.667755944e-18
3.358531087e-18
4.505317867e-18
6.206736721e-18
8.543190812e-18
1.150309085e-17
1.487602415e-17
1.813390751e-17
2.036392254e-17
4.630571979e-18
5.830285332e-18
7.821901293e-18
1.077646422e-17
1.483315555e-17
1.997123077e-17
2.582484542e-17
3.147736749e-17
3.534567103e-17
8.038297696e-18
1.012178489e-17
1.358023067e-17
1.87100698e-17
2.575194142e-17
3.466843643e-17
4.482334427e-17
5.462611247e-17
6.133266576e-17
1.395455787e-17
1.757255274e-17
2.357731195e-17
3.248206084e-17
4.470210403e-17
6.016930592e-17
7.777699235e-17
9.476639542e-17
1.063849454e-16
2.422504214e-17
3.050688069e-17
4.09305695e-17
5.638345982e-17
7.758052647e-17
1.043960483e-16
1.349042109e-16
1.643227377e-16
1.84429686e-16
4.205065788e-17
5.295522426e-17
7.104411521e-17
9.784875288e-17
1.345959064e-16
1.810499856e-16
2.338578428e-16
2.8473596e-16
3.194822936e-16
7.29777821e-17
9.190004222e-17
1.232760536e-16
1.697424279e-16
2.333946724e-16
3.137838099e-16
4.05067652e-16
4.929134676e-16
5.528402768e-16
1.266052123e-16
1.594219077e-16
2.138071862e-16
2.94286024e-16
4.044167537e-16
5.433292511e-16
7.008377355e-16
8.521789608e-16
9.552681574e-16
2.195180579e-16
2.763846911e-16
3.705589953e-16
5.097746898e-16
7.000276642e-16
9.396058886e-16
1.210740024e-15
1.470729961e-15
1.64748189e-15
3.803127322e-16
4.787387141e-16
6.415870704e-16
8.820055149e-16
1.209997174e-15
1.622152712e-15
2.087462459e-15
2.532490124e-15
2.834280114e-15
6.581674331e-16
8.282509584e-16
1.109328707e-15
1.523602213e-15
2.087548401e-15
2.794324307e-15
3.589821372e-15
4.348175153e-15
4.860829602e-15
1.137388459e-15
1.430670763e-15
1.91463386e-15
2.626452691e-15
3.592829365e-15
4.799986563e-15
6.153593734e-15
7.438874517e-15
8.304409853e-15
1.961961594e-15
2.466287919e-15
3.296999426e-15
4.515697119e-15
6.164763835e-15
8.21651085e-15
1.05068049e-14
1.267116452e-14
1.412205466e-14
3.37673062e-15
4.24096755e-15
5.661371285e-15
7.738725786e-15
1.053853025e-14
1.400549737e-14
1.785498272e-14
2.147261559e-14
2.388492347e-14
5.795983151e-15
7.270701113e-15
9.688029913e-15
1.321033848e-14
1.793537762e-14
2.37539304e-14
3.017480092e-14
3.617073072e-14
4.014511768e-14
9.916812061e-15
1.242045385e-14
1.651151518e-14
2.244679101e-14
3.036544268e-14
4.005480358e-14
5.067298983e-14
6.051843407e-14
6.700166063e-14
1.690492127e-14
2.113000495e-14
2.800879475e-14
3.793856277e-14
5.110445527e-14
6.709953831e-14
8.449339743e-14
1.004973476e-13
1.109617029e-13
2.86964183e-14
3.577753603e-14
4.725803632e-14
6.373655049e-14
8.54340739e-14
1.115872782e-13
1.397913609e-13
1.655291735e-13
1.822337547e-13
4.848321632e-14
6.025865742e-14
7.926025788e-14
1.063620195e-13
1.417762585e-13
1.841018182e-13
2.293448592e-13
2.702796019e-13
2.966461321e-13
8.148558909e-14
1.008980848e-13
1.320606359e-13
1.762010466e-13
2.334088902e-13
3.011702727e-13
3.729414903e-13
4.373139217e-13
4.784617107e-13
1.361680699e-13
1.678682569e-13
2.184694808e-13
2.896148159e-13
3.810287391e-13
4.883051922e-13
6.008763875e-13
7.009666806e-13
7.64467533e-13
2.261306984e-13
2.773703879e-13
3.586717126e-13
4.720954001e-13
6.165370585e-13
7.844527821e-13
9.590286401e-13
1.112929789e-12
1.209865646e-12
3.730149911e-13
4.549474559e-13
5.841373358e-13
7.629326986e-13
9.885737699e-13
1.248436487e-12
1.516165894e-12
1.750258423e-12
1.896694179e-12
6.109139151e-13
7.404569937e-13
9.43416439e-13
1.222045833e-12
1.570533612e-12
1.968214015e-12
2.374376255e-12
2.726760469e-12
2.945784186e-12
9.929822603e-13
1.195449937e-12
1.510637742e-12
1.939890292e-12
2.472082253e-12
3.074078915e-12
3.683866767e-12
4.209097586e-12
4.533633403e-12
1.60122838e-12
1.914001913e-12
2.397853287e-12
3.051706119e-12
3.8555797e-12
4.757364417e-12
5.663829579e-12
6.439416514e-12
6.916085971e-12
2.560859266e-12
3.038456042e-12
3.772816597e-12
4.757857658e-12
5.959349771e-12
7.296786849e-12
8.631702223e-12
9.766992093e-12
1.046139092e-11
4.061090909e-12
4.78210688e-12
5.884395428e-12
7.352681947e-12
9.130459576e-12
1.109535184e-11
1.304399193e-11
1.469225699e-11
1.569613314e-11
6.385087566e-12
7.461650783e-12
9.098673982e-12
1.126518253e-11
1.387066296e-11
1.673180943e-11
1.955296982e-11
2.19277831e-11
2.336877803e-11
9.952748541e-12
1.154335673e-11
1.395001218e-11
1.711619883e-11
2.09005293e-11
2.50320874e-11
2.908508286e-11
3.248241901e-11
3.453724847e-11
1.538129402e-11
1.770805982e-11
2.121243409e-11
2.579794274e-11
3.124844061e-11
3.716827845e-11
4.294933316e-11
4.777729532e-11
5.068936666e-11
2.356986849e-11
2.694182048e-11
3.199934519e-11
3.858509945e-11
4.637447683e-11
5.479564687e-11
6.298656087e-11
6.980503847e-11
7.390799467e-11
3.582023034e-11
4.066479668e-11
4.790409036e-11
5.728993016e-11
6.834204338e-11
8.024150186e-11
9.177459888e-11
1.013481322e-10
1.070972597e-10
5.400628483e-11
6.091180485e-11
7.119649027e-11
8.447872677e-11
1.00056798e-10
1.16767309e-10
1.329119867e-10
1.462800373e-10
1.542938813e-10
8.081335277e-11
9.058682527e-11
1.050993684e-10
1.237757046e-10
1.456012655e-10
1.689347705e-10
1.914130656e-10
2.099832226e-10
2.210983409e-10
1.200768755e-10
1.338233616e-10
1.541802069e-10
1.802935143e-10
2.107088306e-10
2.431239845e-10
2.742661101e-10
2.999378048e-10
3.152801197e-10
1.772636709e-10
1.964977991e-10
2.249110915e-10
2.612512626e-10
3.034468287e-10
3.482821801e-10
3.912402635e-10
4.265713082e-10
4.47649439e-10
2.601579308e-10
2.869655245e-10
3.264782629e-10
3.768766133e-10
4.352232938e-10
4.970365799e-10
5.560926662e-10
6.045349063e-10
6.333681892e-10
3.798396915e-10
4.171215789e-10
4.719649697e-10
5.417456547e-10
6.223087294e-10
7.07406733e-10
7.884573445e-10
8.547279012e-10
8.940454992e-10
5.520732384e-10
6.039282402e-10
6.800904366e-10
7.768021464e-10
8.881946186e-10
1.005539079e-09
1.116952358e-09
1.207714854e-09
1.261334225e-09
7.992482593e-10
8.715952105e-10
9.777639195e-10
1.112428703e-09
1.267325058e-09
1.43021841e-09
1.58452296e-09
1.709822024e-09
1.783507226e-09
1.15302618e-09
1.25463606e-09
1.40380436e-09
1.59312554e-09
1.811067841e-09
2.040462458e-09
2.257890602e-09
2.434393311e-09
2.537955062e-09
1.657833313e-09
1.802050305e-09
2.01427381e-09
2.284582456e-09
2.597252565e-09
2.928337645e-09
3.244340071e-09
3.502683384e-09
3.655071172e-09
2.375323857e-09
2.582897967e-09
2.889970019e-09
3.284188344e-09
3.745160951e-09
4.24020274e-09
4.720919971e-09
5.121689144e-09
5.362677893e-09
3.389989388e-09
3.6936111e-09
4.146758153e-09
4.736282129e-09
5.438372284e-09
6.210579141e-09
6.982901645e-09
7.649061065e-09
8.064018421e-09
4.816432802e-09
5.267717131e-09
5.94972941e-09
6.853715572e-09
7.95806595e-09
9.212975921e-09
1.051846224e-08
1.169551651e-08
1.246298099e-08
6.809821652e-09
7.489589053e-09
8.532940146e-09
9.94764048e-09
1.172885576e-08
1.382991183e-08
1.611209105e-08
1.826782686e-08
1.974064916e-08
9.583101493e-09
1.061578749e-08
1.22280397e-08
1.446794819e-08
1.73774502e-08
2.093822859e-08
2.4966004e-08
2.893309951e-08
3.175717503e-08
1.343775537e-08
1.501058721e-08
1.750744158e-08
2.105723006e-08
2.580045384e-08
3.179298447e-08
3.88010188e-08
4.593670766e-08
5.118611245e-08
1.881837168e-08
2.120541604e-08
2.504971352e-08
3.062010877e-08
3.822928026e-08
4.806894669e-08
5.984320031e-08
7.210083618e-08
8.132727279e-08
2.640244832e-08
2.999226484e-08
3.583332988e-08
4.440403871e-08
5.62641802e-08
7.177645944e-08
9.04922766e-08
1.100591292e-07
1.247869804e-07
3.723075216e-08
4.255282697e-08
5.125321476e-08
6.407122239e-08
8.182512945e-08
1.049205666e-07
1.323143527e-07
1.597574571e-07
1.777008393e-07
5.28622801e-08
6.059803563e-08
7.32185698e-08
9.169581288e-08
1.169221538e-07
1.487779934e-07
1.842376332e-07
2.141726775e-07
2.291042942e-07
7.548923662e-08
8.642934359e-08
1.040987483e-07
1.294765597e-07
1.629017495e-07
2.022424174e-07
2.392712702e-07
2.658715223e-07
2.801956823e-07
1.078440501e-07
1.226978055e-07
1.461806768e-07
1.786288967e-07
2.181753824e-07
2.571711299e-07
2.909374951e-07
3.172289238e-07
3.323168582e-07
1.524657572e-07
1.712936937e-07
1.997357516e-07
2.362161484e-07
2.724111186e-07
3.085531973e-07
3.4213979e-07
3.696622205e-07
3.862041514e-07
2.090270135e-07
2.298247787e-07
2.565073166e-07
2.884126159e-07
3.233372809e-07
3.595815308e-07
3.943797347e-07
4.236619815e-07
4.418028791e-07
2.650693879e-07
2.830593056e-07
3.082596953e-07
3.39341333e-07
3.745856141e-07
4.11879325e-07
4.481874493e-07
4.791490055e-07
4.987206131e-07
3.172988684e-07
3.347816493e-07
3.599292123e-07
3.913888013e-07
4.274561661e-07
4.658587e-07
5.034183935e-07
5.356499628e-07
5.562996886e-07
3.70156264e-07
3.877809617e-07
4.132961854e-07
4.453211989e-07
4.820866394e-07
5.212273985e-07
5.59508196e-07
5.924350404e-07
6.137119619e-07
4.249928296e-07
4.428165807e-07
4.686191352e-07
5.009580553e-07
5.379893641e-07
5.772925982e-07
6.156374173e-07
6.486122668e-07
6.700252289e-07
4.817679046e-07
4.996195975e-07
5.254045321e-07
5.576113233e-07
5.943341896e-07
6.331327839e-07
6.708365752e-07
7.031962461e-07
7.242543564e-07
5.397983046e-07
5.57414166e-07
5.827786427e-07
6.143232795e-07
6.501055742e-07
6.877047269e-07
7.240635265e-07
7.551675959e-07
7.754089815e-07
5.980896193e-07
6.151696511e-07
6.396738646e-07
6.70000189e-07
7.042026829e-07
7.399232728e-07
7.742702323e-07
8.035288978e-07
8.225388285e-07
6.554961801e-07
6.717338527e-07
6.949375601e-07
7.235023073e-07
7.555170938e-07
7.887308343e-07
8.204643055e-07
8.473530185e-07
8.647581478e-07
7.108184859e-07
7.259218803e-07
7.474126823e-07
7.737179586e-07
8.030023103e-07
8.331638737e-07
8.61772e-07
8.858266654e-07
9.011566828e-07
7.628805055e-07
7.765901718e-07
7.960079607e-07
8.196298577e-07
8.457374028e-07
8.724208297e-07
8.975431572e-07
9.185338111e-07
9.318495329e-07
8.105991459e-07
8.227030606e-07
8.397599365e-07
8.603701955e-07
8.829697737e-07
9.05875621e-07
9.272722496e-07
9.450384381e-07
9.562701249e-07
8.530457861e-07
8.633905684e-07
8.778851564e-07
8.952657867e-07
9.141534766e-07
9.331161702e-07
9.506727687e-07
9.651503978e-07
9.742714127e-07
8.894955687e-07
8.979930106e-07
9.098180238e-07
9.238677532e-07
9.389705324e-07
9.539589378e-07
9.676867898e-07
9.78914673e-07
9.859627818e-07
9.194600262e-07
9.260883646e-07
9.35230676e-07
9.459623316e-07
9.573319037e-07
9.684397663e-07
9.784653068e-07
9.865771716e-07
9.916597677e-07
9.426997606e-07
9.474994091e-07
9.540318382e-07
9.615588706e-07
9.693527311e-07
9.76772222e-07
9.833102369e-07
9.884950132e-07
9.916778248e-07
9.592118778e-07
9.622749285e-07
9.663362515e-07
9.708386457e-07
9.752784122e-07
9.792157713e-07
9.823486205e-07
9.845639373e-07
9.855255852e-07
9.691666284e-07
9.706197719e-07
9.723721419e-07
9.739824037e-07
9.751183722e-07
9.754150251e-07
9.745688078e-07
9.734890019e-07
9.727049451e-07
9.726580862e-07
9.725218559e-07
9.719158777e-07
9.701807902e-07
9.67578162e-07
9.643559325e-07
9.608651278e-07
9.577754772e-07
9.558393974e-07
9.681660021e-07
9.662524566e-07
9.6327394e-07
9.592033709e-07
9.542684793e-07
9.488441892e-07
9.434792004e-07
9.389317315e-07
9.361300058e-07
9.569141882e-07
9.539276653e-07
9.495081278e-07
9.43841032e-07
9.372535468e-07
9.302312099e-07
9.234427805e-07
9.177618966e-07
9.142744617e-07
9.413863838e-07
9.376553588e-07
9.322184218e-07
9.253723037e-07
9.175371305e-07
9.09289614e-07
9.013909857e-07
8.948153733e-07
8.907812514e-07
9.227614401e-07
9.18479543e-07
9.122828064e-07
9.045430053e-07
8.95753753e-07
8.865636237e-07
8.778057515e-07
8.705339376e-07
8.660719895e-07
9.017603038e-07
8.970681882e-07
8.903043722e-07
8.818956743e-07
8.723916121e-07
8.624951182e-07
8.53092923e-07
8.452980548e-07
8.405134162e-07
8.789269056e-07
8.739389596e-07
8.667671237e-07
8.578787128e-07
8.47864227e-07
8.374655769e-07
8.276067933e-07
8.194414787e-07
8.14427554e-07
8.547186467e-07
8.49531778e-07
8.420874733e-07
8.328817205e-07
8.225333138e-07
8.118098274e-07
8.016583388e-07
7.932565021e-07
7.880957065e-07
8.295349122e-07
8.242317969e-07
8.166309346e-07
8.072470739e-07
7.967165319e-07
7.858211584e-07
7.75518801e-07
7.669967928e-07
7.617610372e-07
8.037264142e-07
7.983771395e-07
7.907180812e-07
7.812744257e-07
7.706909402e-07
7.597541298e-07
7.494221859e-07
7.408798087e-07
7.356310066e-07
7.775991309e-07
7.722624131e-07
7.646276067e-07
7.552234074e-07
7.446954792e-07
7.338269628e-07
7.235676665e-07
7.150892753e-07
7.098799318e-07
7.514170283e-07
7.461413281e-07
7.385988399e-07
7.293160752e-07
7.189333939e-07
7.082239867e-07
6.981220948e-07
6.897777865e-07
6.846516638e-07
7.254047126e-07
7.202293155e-07
7.128343275e-07
7.037394698e-07
6.935747902e-07
6.830982181e-07
6.732226271e-07
6.650694933e-07
6.600623337e-07
6.997502542e-07
6.947063198e-07
6.875025879e-07
6.786483321e-07
6.687593242e-07
6.585740412e-07
6.489794193e-07
6.410628319e-07
6.362031158e-07
6.746081832e-07
6.697197492e-07
6.627410037e-07
6.54167935e-07
6.445989785e-07
6.347499443e-07
6.254783441e-07
6.178332448e-07
6.131429627e-07
6.50102595e-07
6.453875262e-07
6.386587969e-07
6.303969745e-07
6.211808732e-07
6.117012634e-07
6.027836884e-07
5.954358532e-07
5.90931273e-07
6.263303007e-07
6.218011718e-07
6.153400257e-07
6.074104665e-07
5.985700611e-07
5.894828869e-07
5.80940786e-07
5.739080438e-07
5.696004565e-07
6.033639565e-07
5.990288637e-07
5.928465436e-07
5.852625927e-07
5.768122577e-07
5.681318772e-07
5.59978549e-07
5.532719336e-07
5.491683635e-07
5.812551135e-07
5.771184105e-07
5.712208709e-07
5.639894517e-07
5.559364655e-07
5.476699717e-07
5.399118638e-07
5.335366866e-07
5.296405539e-07
5.600371311e-07
5.56100087e-07
5.504889226e-07
5.436116634e-07
5.359574524e-07
5.281059463e-07
5.207438292e-07
5.147006475e-07
5.11012378e-07
5.397279284e-07
5.359893169e-07
5.306625931e-07
5.241368272e-07
5.168780576e-07
5.094377487e-07
5.024677792e-07
4.967532903e-07
4.93270871e-07
5.203325217e-07
5.167891296e-07
5.117420971e-07
5.055617322e-07
4.986912783e-07
4.916544908e-07
4.850691514e-07
4.796769747e-07
4.763964446e-07
5.018453125e-07
4.984923776e-07
4.937180961e-07
4.878743781e-07
4.813821712e-07
4.747382134e-07
4.685271336e-07
4.634484944e-07
4.603643741e-07
4.842521527e-07
4.810837431e-07
4.765736193e-07
4.710557856e-07
4.649295372e-07
4.586654441e-07
4.528161051e-07
4.480404266e-07
4.451460918e-07
4.675321678e-07
4.645414993e-07
4.602857374e-07
4.550815688e-07
4.493073851e-07
4.434085516e-07
4.37906887e-07
4.334222943e-07
4.307102938e-07
4.516593356e-07
4.488390385e-07
4.448270186e-07
4.399233014e-07
4.344861972e-07
4.289369079e-07
4.237678072e-07
4.195615504e-07
4.170238736e-07
4.366038446e-07
4.339461825e-07
4.301667729e-07
4.2554968e-07
4.204340032e-07
4.152178705e-07
4.103655956e-07
4.064244e-07
4.040526986e-07
4.223332407e-07
4.1983029e-07
4.162721003e-07
4.11927502e-07
4.071172793e-07
4.022176002e-07
3.976661247e-07
3.939764765e-07
3.917622456e-07
4.088133852e-07
4.064571777e-07
4.031087631e-07
3.990224755e-07
3.945016897e-07
3.899017318e-07
3.856350131e-07
3.82183388e-07
3.801181113e-07
3.960092409e-07
3.93791877e-07
3.906418981e-07
3.867998798e-07
3.82552688e-07
3.782359148e-07
3.742381078e-07
3.710111512e-07
3.690864152e-07
3.838855083e-07
3.817992443e-07
3.788365916e-07
3.752250945e-07
3.712359965e-07
3.671862405e-07
3.634418622e-07
3.604265273e-07
3.586341099e-07
3.724071309e-07
3.704444449e-07
3.676583317e-07
3.642640152e-07
3.605179797e-07
3.56719572e-07
3.532136246e-07
3.503972763e-07
3.487292121e-07
3.615396889e-07
3.596933287e-07
3.570733593e-07
3.538833727e-07
3.503659285e-07
3.468037929e-07
3.435218521e-07
3.40892341e-07
3.39340969e-07
3.512496976e-07
3.495127142e-07
3.470489307e-07
3.440509702e-07
3.407482692e-07
3.374079857e-07
3.343362609e-07
3.318819739e-07
3.304399701e-07
3.415048271e-07
3.398705956e-07
3.375535082e-07
3.347358533e-07
3.316347096e-07
3.285025543e-07
3.25627926e-07
3.233378174e-07
3.219982144e-07
3.322740551e-07
3.307362875e-07
3.285568909e-07
3.259084232e-07
3.229963344e-07
3.200593002e-07
3.173693388e-07
3.152329459e-07
3.139891434e-07
3.235277682e-07
3.220805169e-07
3.200302959e-07
3.175405062e-07
3.14805659e-07
3.120514611e-07
3.095344312e-07
3.075418778e-07
3.06387645e-07
3.152378179e-07
3.138754746e-07
3.119464016e-07
3.096053854e-07
3.070366505e-07
3.044537197e-07
3.020985736e-07
3.002405642e-07
2.991700365e-07
3.073775436e-07
3.060948331e-07
3.04279359e-07
3.020778048e-07
2.99664723e-07
2.972421907e-07
2.950385528e-07
2.933063595e-07
2.923140301e-07
2.999217685e-07
2.987137391e-07
2.970047794e-07
2.949339512e-07
2.926667129e-07
2.903943887e-07
2.883325344e-07
2.867179787e-07
2.857986878e-07
2.928467747e-07
2.917087865e-07
2.900997038e-07
2.881514192e-07
2.860208391e-07
2.838891846e-07
2.819600142e-07
2.804554451e-07
2.796043655e-07
2.861302625e-07
2.850579739e-07
2.835425584e-07
2.81709164e-07
2.79706653e-07
2.777067519e-07
2.759017618e-07
2.745000311e-07
2.737126536e-07
2.797512999e-07
2.787406525e-07
2.773131008e-07
2.755874456e-07
2.737049808e-07
2.718285069e-07
2.701397588e-07
2.688341953e-07
2.68106312e-07
2.736902623e-07
2.72737466e-07
2.713923591e-07
2.69767767e-07
2.679978603e-07
2.662370448e-07
2.646571342e-07
2.634415173e-07
2.627692051e-07
2.67928769e-07
2.670302863e-07
2.657625672e-07
2.642328093e-07
2.62568476e-07
2.609160746e-07
2.594380991e-07
2.583066315e-07
2.576862351e-07
2.624496158e-07
2.616021465e-07
2.604070977e-07
2.589663649e-07
2.574010925e-07
2.558503524e-07
2.544678804e-07
2.534151619e-07
2.528432773e-07
2.572367069e-07
2.564371728e-07
2.553103951e-07
2.539532707e-07
2.524809881e-07
2.510256166e-07
2.497326561e-07
2.487536579e-07
2.48227116e-07
2.522749869e-07
2.515205172e-07
2.504579082e-07
2.49179342e-07
2.477943903e-07
2.464285232e-07
2.45219493e-07
2.443095325e-07
2.438253835e-07
2.475503745e-07
2.468382916e-07
2.458360252e-07
2.446313083e-07
2.433284123e-07
2.420465851e-07
2.409162857e-07
2.400710027e-07
2.396265011e-07
2.430496973e-07
2.423775033e-07
2.414320109e-07
2.402967516e-07
2.390709927e-07
2.378681119e-07
2.368116991e-07
2.360270331e-07
2.356196235e-07
2.387606299e-07
2.381259939e-07
2.372339456e-07
2.361640469e-07
2.350108378e-07
2.338821544e-07
2.328951137e-07
2.321672826e-07
2.317945859e-07
2.346716349e-07
2.340723806e-07
2.332306681e-07
2.322223064e-07
2.311373669e-07
2.300784514e-07
2.291565739e-07
2.284820536e-07
2.281418546e-07
2.307719064e-07
2.302060013e-07
2.294117215e-07
2.284613264e-07
2.274406607e-07
2.264473798e-07
2.255867399e-07
2.249622455e-07
2.246524808e-07
2.270513175e-07
2.265168618e-07
2.25767302e-07
2.248715375e-07
2.239114135e-07
2.229799078e-07
2.221768423e-07
2.215993105e-07
2.213180574e-07
2.235003707e-07
2.229955878e-07
2.222882112e-07
2.214439585e-07
2.205408878e-07
2.196675518e-07
2.189186401e-07
2.183852126e-07
2.181306787e-07
2.20110152e-07
2.19633379e-07
2.189658116e-07
2.181701527e-07
2.173208728e-07
2.165023357e-07
2.158043819e-07
2.153123904e-07
2.15082904e-07
2.168722875e-07
2.16421967e-07
2.157919855e-07
2.150421884e-07
2.142436455e-07
2.134767538e-07
2.1282677e-07
2.123737219e-07
2.12167723e-07
2.137789043e-07
2.133535762e-07
2.12759097e-07
2.120526014e-07
2.113019351e-07
2.105837363e-07
2.09978927e-07
2.095624923e-07
2.093785244e-07
2.108225932e-07
2.104208878e-07
2.098599562e-07
2.091943612e-07
2.084888897e-07
2.078166176e-07
2.072543653e-07
2.068723647e-07
2.067090669e-07
2.079963749e-07
2.076170061e-07
2.070877869e-07
2.064608391e-07
2.057980465e-07
2.051691069e-07
2.046469593e-07
2.042973527e-07
2.041534531e-07
2.052936694e-07
2.049354284e-07
2.044361972e-07
2.038457797e-07
2.032233034e-07
2.02635262e-07
2.021509195e-07
2.018317961e-07
2.017061048e-07
2.027082666e-07
2.023700164e-07
2.018991517e-07
2.01343274e-07
2.007588939e-07
2.002094644e-07
1.99760769e-07
1.994703379e-07
1.993617412e-07
2.002343007e-07
1.999149709e-07
1.994709462e-07
1.989477358e-07
1.983993636e-07
1.978863969e-07
1.974713222e-07
1.972079033e-07
1.971153583e-07
1.97866226e-07
1.97564808e-07
1.971461854e-07
1.966538785e-07
1.961395487e-07
1.956610235e-07
1.95277665e-07
1.950396815e-07
1.949622108e-07
1.955987947e-07
1.953143376e-07
1.949197614e-07
1.94456696e-07
1.93974557e-07
1.935285703e-07
1.93175137e-07
1.929611079e-07
1.928977948e-07
1.934270374e-07
1.931586436e-07
1.927868348e-07
1.923514431e-07
1.918997495e-07
1.914845089e-07
1.911593152e-07
1.909678484e-07
1.909178332e-07
1.913462442e-07
1.910930661e-07
1.907428171e-07
1.903336195e-07
1.899107246e-07
1.895245403e-07
1.892259989e-07
1.890557854e-07
1.890182608e-07
1.893519485e-07
1.891131851e-07
1.887833547e-07
1.883989537e-07
1.880033033e-07
1.876445813e-07
1.873711965e-07
1.872210046e-07
1.871952122e-07
1.874399113e-07
1.872148051e-07
1.869043147e-07
1.865433895e-07
1.861735154e-07
1.858407515e-07
1.855911131e-07
1.854597829e-07
1.854450102e-07
1.856061079e-07
1.85393942e-07
1.851017712e-07
1.847630729e-07
1.844175876e-07
1.841093612e-07
1.83882139e-07
1.837685781e-07
1.837641551e-07
1.838467146e-07
1.836468105e-07
1.833719934e-07
1.830543406e-07
1.827319322e-07
1.824469011e-07
1.822408397e-07
1.821440185e-07
1.82149315e-07
1.821580978e-07
1.819698129e-07
1.81711435e-07
1.814137093e-07
1.811131369e-07
1.808500327e-07
1.806639467e-07
1.805828946e-07
1.805973177e-07
1.805368033e-07
1.803595288e-07
1.801167239e-07
1.798378666e-07
1.795579561e-07
1.793155794e-07
1.791483492e-07
1.790821508e-07
1.791051423e-07
1.789795473e-07
1.788127061e-07
1.785846536e-07
1.783236621e-07
1.78063302e-07
1.778405185e-07
1.776910868e-07
1.776388785e-07
1.776699128e-07
1.774832076e-07
1.773262528e-07
1.771121752e-07
1.768680997e-07
1.766262381e-07
1.764219752e-07
1.762893426e-07
1.762503096e-07
1.762888917e-07
1.760448168e-07
1.758972301e-07
1.756963905e-07
1.754683317e-07
1.752439729e-07
1.750572157e-07
1.749404382e-07
1.749138117e-07
1.749594753e-07
1.746615558e-07
1.74522846e-07
1.743345466e-07
1.741216528e-07
1.739138544e-07
1.737436435e-07
1.736418289e-07
1.736268834e-07
1.736791892e-07
1.733307492e-07
1.732004511e-07
1.730240311e-07
1.728254963e-07
1.726333669e-07
1.724787952e-07
1.72391101e-07
1.723871518e-07
1.724456858e-07
1.720498617e-07
1.719275351e-07
1.717623693e-07
1.715774313e-07
1.714001284e-07
1.712603389e-07
1.711859698e-07
1.711923711e-07
1.71256743e-07
1.708164961e-07
1.707017252e-07
1.705472231e-07
1.703751619e-07
1.702118902e-07
1.700860746e-07
1.700242804e-07
1.700404232e-07
1.701102651e-07
1.696283942e-07
1.695207867e-07
1.693763917e-07
1.692165293e-07
1.690665396e-07
1.689539363e-07
1.689040105e-07
1.689293213e-07
1.690042862e-07
1.684834391e-07
1.683826267e-07
1.682478158e-07
1.680995152e-07
1.679621042e-07
1.678619985e-07
1.678232775e-07
1.678572167e-07
1.679369776e-07
1.673796619e-07
1.672853001e-07
1.671595849e-07
1.670222511e-07
1.668967617e-07
1.668084856e-07
1.667803485e-07
1.668224103e-07
1.669066592e-07
1.663152513e-07
1.662270208e-07
1.661099485e-07
1.659830301e-07
1.658688536e-07
1.657917875e-07
1.657736577e-07
1.658233702e-07
1.659118178e-07
1.652885691e-07
1.652061776e-07
1.650973335e-07
1.64980326e-07
1.648769051e-07
1.648104816e-07
1.648018291e-07
1.648587563e-07
1.649511329e-07
1.642981708e-07
1.642213553e-07
1.641203672e-07
1.640128179e-07
1.639196527e-07
1.638633619e-07
1.638637088e-07
1.639274546e-07
1.640235116e-07
1.633428332e-07
1.632713645e-07
1.631779084e-07
1.630794238e-07
1.6299608e-07
1.629494785e-07
1.629584074e-07
1.63028622e-07
1.631281362e-07
1.624215898e-07
1.623552781e-07
1.622690862e-07
1.621793423e-07
1.621054635e-07
1.620681873e-07
1.620853534e-07
1.621617441e-07
1.622645237e-07
1.615337753e-07
1.614724776e-07
1.613933496e-07
1.61312106e-07
1.612474296e-07
1.612192115e-07
1.612443603e-07
1.613267066e-07
1.614326017e-07
1.606790792e-07
1.606227088e-07
1.605505259e-07
1.604776441e-07
1.604220229e-07
1.604027161e-07
1.604357072e-07
1.605238823e-07
1.606327993e-07
1.598576096e-07
1.598061482e-07
1.597408912e-07
1.596763572e-07
1.596297867e-07
1.596193947e-07
1.596602328e-07
1.59754232e-07
1.598661537e-07
1.59069966e-07
1.590234789e-07
1.589652497e-07
1.589092028e-07
1.588718548e-07
1.588705693e-07
1.589194433e-07
1.590194211e-07
1.59134433e-07
1.583173223e-07
1.582759757e-07
1.58225024e-07
1.581777902e-07
1.581500532e-07
1.581582996e-07
1.58215631e-07
1.583219463e-07
1.584402702e-07
1.576015168e-07
1.575655984e-07
1.575223514e-07
1.57484483e-07
1.574670097e-07
1.574855009e-07
1.575520005e-07
1.576652719e-07
1.577873064e-07
1.56925148e-07
1.568950899e-07
1.568601869e-07
1.568325069e-07
1.568262679e-07
1.568560654e-07
1.569327992e-07
1.570539689e-07
1.57180338e-07
1.56291673e-07
1.562680769e-07
1.562424067e-07
1.562260577e-07
1.562324008e-07
1.562749825e-07
1.563634457e-07
1.564938517e-07
1.566254596e-07
1.557055044e-07
1.556891687e-07
1.556739093e-07
1.556704058e-07
1.556911189e-07
1.557484525e-07
1.558506486e-07
1.559921045e-07
1.561301975e-07
1.551721021e-07
1.551640489e-07
1.551607088e-07
1.551719903e-07
1.552093674e-07
1.552839861e-07
1.554025111e-07
1.555573904e-07
1.557036229e-07
1.54698053e-07
1.546995557e-07
1.54710014e-07
1.547384987e-07
1.547954046e-07
1.548904836e-07
1.550286113e-07
1.551999351e-07
1.5535644e-07
1.542911357e-07
1.543037443e-07
1.543302889e-07
1.543789235e-07
1.544588565e-07
1.545782871e-07
1.547400535e-07
1.549315785e-07
1.551010395e-07
1.539603616e-07
1.539859256e-07
1.540312874e-07
1.541035927e-07
1.542107409e-07
1.543591993e-07
1.54549483e-07
1.54765789e-07
1.549515138e-07
1.537159907e-07
1.537566772e-07
1.538240581e-07
1.539241667e-07
1.540634572e-07
1.542464658e-07
1.544710626e-07
1.547176366e-07
1.549236309e-07
1.535695147e-07
1.536278223e-07
1.537209156e-07
1.538536007e-07
1.540307386e-07
1.542547177e-07
1.545204086e-07
1.548037255e-07
1.550347681e-07
1.535336067e-07
1.536123726e-07
1.537353756e-07
1.5390607e-07
1.541275661e-07
1.543998769e-07
1.547144884e-07
1.5504209e-07
1.553038091e-07
1.53622037e-07
1.537244385e-07
1.538820558e-07
1.540968603e-07
1.543700502e-07
1.546990277e-07
1.550714879e-07
1.554520618e-07
1.557510167e-07
1.538495555e-07
1.539791055e-07
1.541765456e-07
1.544422297e-07
1.547752837e-07
1.551702664e-07
1.556106601e-07
1.560541233e-07
1.563978943e-07
1.542317485e-07
1.543922877e-07
1.546352539e-07
1.549592518e-07
1.553611833e-07
1.558325423e-07
1.563521727e-07
1.568697678e-07
1.572670604e-07
1.547848789e-07
1.549805666e-07
1.552752489e-07
1.556656572e-07
1.561463363e-07
1.567055164e-07
1.573169833e-07
1.579213969e-07
1.583821677e-07
1.555257274e-07
1.557610369e-07
1.561141101e-07
1.565796988e-07
1.571498852e-07
1.578094717e-07
1.58526784e-07
1.59232302e-07
1.59767916e-07
1.564714585e-07
1.567511836e-07
1.57169827e-07
1.577200794e-07
1.583914956e-07
1.591653332e-07
1.600040801e-07
1.608268039e-07
1.614502382e-07
1.57639549e-07
1.579688365e-07
1.584607924e-07
1.591060037e-07
1.59891486e-07
1.607948925e-07
1.617725204e-07
1.627306832e-07
1.634568021e-07
1.590478358e-07
1.594322636e-07
1.600059717e-07
1.607574538e-07
1.616712423e-07
1.627213877e-07
1.638576524e-07
1.649720903e-07
1.658180198e-07
1.607147714e-07
1.611605053e-07
1.618253611e-07
1.626958208e-07
1.637540636e-07
1.649705759e-07
1.662881764e-07
1.675828778e-07
1.685683662e-07
1.626600094e-07
1.631740736e-07
1.639408527e-07
1.649449616e-07
1.661663601e-07
1.675718495e-07
1.690964855e-07
1.705977991e-07
1.717439717e-07
1.649054305e-07
1.654960571e-07
1.663773717e-07
1.675321401e-07
1.689377429e-07
1.70555845e-07
1.72310602e-07
1.740350185e-07
1.753479916e-07
1.674763268e-07
1.681529968e-07
1.691628275e-07
1.704856927e-07
1.720933879e-07
1.739336832e-07
1.759060666e-07
1.777822602e-07
1.792060367e-07
1.704001507e-07
1.711715922e-07
1.723197282e-07
1.738161745e-07
1.756169092e-07
1.776086476e-07
1.797507689e-07
1.818433388e-07
1.834487389e-07
1.736887573e-07
1.745532409e-07
1.758179674e-07
1.774228184e-07
1.793605894e-07
1.815701485e-07
1.839765666e-07
1.863700411e-07
1.882233669e-07
1.77235282e-07
1.781561866e-07
1.795218681e-07
1.812925943e-07
1.834534664e-07
1.859597362e-07
1.887133508e-07
1.914686962e-07
1.936111609e-07
1.810211617e-07
1.82037801e-07
1.835585341e-07
1.855592208e-07
1.880153262e-07
1.90876671e-07
1.940275147e-07
1.971846025e-07
1.996430121e-07
1.851793984e-07
1.863274694e-07
1.880491358e-07
1.903209139e-07
1.931121543e-07
1.963627936e-07
1.999378934e-07
2.035148284e-07
2.062974708e-07
1.898083463e-07
1.911065246e-07
1.930526014e-07
1.956179892e-07
1.987632254e-07
2.024145689e-07
2.0641464e-07
2.103981415e-07
2.134692053e-07
1.949478258e-07
1.964043283e-07
1.985832691e-07
2.014464896e-07
2.049413608e-07
2.089765681e-07
2.133714788e-07
2.177260044e-07
2.210750324e-07
2.005951455e-07
2.022071583e-07
2.046100876e-07
2.077510907e-07
2.115588831e-07
2.15920365e-07
2.206319121e-07
2.252686218e-07
2.288243664e-07
2.066999842e-07
2.084495023e-07
2.110433702e-07
2.144079732e-07
2.18447268e-07
2.230229048e-07
2.279116314e-07
2.32680399e-07
2.363237073e-07
2.131487611e-07
2.149965068e-07
2.177148977e-07
2.212027975e-07
2.253334917e-07
2.299420327e-07
2.347941172e-07
2.394749541e-07
2.430374675e-07
2.197446174e-07
2.216230824e-07
2.243558752e-07
2.278071113e-07
2.318136781e-07
2.361844767e-07
2.406880335e-07
2.44967306e-07
2.482177087e-07
2.261880953e-07
2.279942652e-07
2.305760601e-07
2.337533692e-07
2.373164238e-07
2.410405252e-07
2.447021766e-07
2.480510563e-07
2.505807218e-07
2.320620881e-07
2.336491051e-07
2.358433075e-07
2.384008913e-07
2.410312716e-07
2.434160934e-07
2.452442787e-07
2.46328304e-07
2.46927782e-07
2.36817267e-07
2.379804204e-07
2.394482876e-07
2.408644613e-07
2.417516138e-07
2.41460979e-07
2.389605407e-07
2.327802809e-07
2.253353702e-07
2.397276121e-07
2.401672881e-07
2.403843331e-07
2.397920525e-07
2.374753561e-07
2.321193993e-07
2.201844214e-07
2.074945199e-07
1.985092805e-07
2.396962775e-07
2.389029224e-07
2.368777956e-07
2.325018056e-07
2.233410603e-07
2.093683871e-07
1.944334235e-07
1.816166271e-07
1.736523713e-07
2.344650696e-07
2.314272013e-07
2.247456322e-07
2.130327291e-07
1.988254159e-07
1.837627193e-07
1.699785815e-07
1.592000948e-07
1.529470427e-07
2.173055093e-07
2.104391215e-07
2.00304631e-07
1.876030551e-07
1.738776528e-07
1.606986545e-07
1.494135596e-07
1.410902991e-07
1.365477391e-07
1.915851856e-07
1.845843258e-07
1.748889662e-07
1.636690713e-07
1.521818511e-07
1.416325021e-07
1.329909597e-07
1.269344114e-07
1.238521556e-07
1.66673628e-07
1.606810968e-07
1.526176247e-07
1.435450427e-07
1.345311786e-07
1.265128867e-07
1.201939588e-07
1.160050933e-07
1.140712412e-07
1.455158181e-07
1.407422344e-07
1.344146381e-07
1.274226678e-07
1.206257988e-07
1.147443213e-07
1.102926621e-07
1.075458775e-07
1.064701254e-07
1.284787397e-07
1.248239741e-07
1.200279773e-07
1.148006047e-07
1.098127094e-07
1.05613988e-07
1.025862931e-07
1.009084697e-07
1.0045381e-07
1.151066917e-07
1.123764873e-07
1.088212121e-07
1.049907394e-07
1.014004853e-07
9.8471324e-08
9.64945257e-08
9.559059625e-08
9.557871996e-08
1.047120692e-07
1.027030112e-07
1.00103432e-07
9.733274964e-08
9.478588966e-08
9.279001113e-08
9.157560684e-08
9.122764348e-08
9.153209712e-08
9.661595925e-08
9.514917386e-08
9.3262456e-08
9.127480485e-08
8.949174516e-08
8.817407546e-08
8.751161778e-08
8.756656173e-08
8.810166202e-08
9.024026779e-08
8.917216277e-08
8.780736429e-08
8.639070503e-08
8.516340652e-08
8.433996152e-08
8.408245751e-08
8.443685869e-08
8.514658514e-08
8.513138925e-08
8.435345482e-08
8.33685111e-08
8.236821222e-08
8.154843537e-08
8.1091397e-08
8.113946317e-08
8.172539361e-08
8.257410577e-08
8.09522627e-08
8.038605378e-08
7.967950773e-08
7.898687683e-08
7.847233829e-08
7.829531881e-08
7.858331137e-08
7.935707113e-08
8.032253528e-08
7.746190783e-08
7.705256388e-08
7.655412939e-08
7.609478707e-08
7.581649358e-08
7.586216779e-08
7.634735878e-08
7.728119312e-08
7.834973595e-08
7.449252193e-08
7.420257275e-08
7.38645679e-08
7.35884902e-08
7.350050449e-08
7.373115031e-08
7.438585099e-08
7.546218507e-08
7.662543199e-08
7.192898027e-08
7.173319053e-08
7.152362336e-08
7.139739499e-08
7.146917147e-08
7.185982306e-08
7.266579379e-08
7.387299716e-08
7.512512865e-08
6.969250306e-08
6.957393134e-08
6.947132474e-08
6.947248735e-08
6.968342618e-08
7.021711866e-08
7.116169138e-08
7.249134357e-08
7.382822235e-08
6.772859516e-08
6.767575244e-08
6.766546568e-08
6.777856645e-08
6.811425565e-08
6.877867797e-08
6.985222168e-08
7.129785691e-08
7.271610288e-08
6.599861787e-08
6.600349911e-08
6.60751908e-08
6.628906838e-08
6.673857192e-08
6.752394034e-08
6.871852916e-08
7.027430057e-08
7.177036849e-08
6.447411734e-08
6.453087256e-08
6.467674074e-08
6.498249821e-08
6.553685754e-08
6.643482232e-08
6.774300133e-08
6.940240589e-08
7.097098982e-08
6.313296278e-08
6.323678556e-08
6.345036006e-08
6.384063338e-08
6.449216533e-08
6.54951277e-08
6.69095977e-08
6.866585407e-08
7.030335194e-08
6.19564041e-08
6.210334573e-08
6.237920909e-08
6.284763182e-08
6.358946022e-08
6.469041171e-08
6.620447678e-08
6.805351758e-08
6.975857553e-08
6.092842121e-08
6.111507341e-08
6.144846531e-08
6.198931769e-08
6.28151823e-08
6.400788105e-08
6.561746337e-08
6.755798244e-08
6.932941622e-08
6.003477431e-08
6.025805722e-08
6.064463619e-08
6.125268256e-08
6.215703024e-08
6.343772508e-08
6.514171687e-08
6.717271628e-08
6.900925419e-08
5.926224135e-08
5.951928088e-08
5.995507611e-08
6.062570254e-08
6.160559723e-08
6.297343848e-08
6.477111955e-08
6.689151291e-08
6.87916575e-08
5.859801646e-08
5.888612393e-08
5.93679801e-08
6.009971028e-08
6.11547191e-08
6.260925239e-08
6.449984039e-08
6.67082534e-08
6.867020988e-08
5.802993732e-08
5.834848418e-08
5.887636999e-08
5.966914944e-08
6.079905878e-08
6.233973609e-08
6.432215418e-08
6.661682708e-08
6.863847e-08
5.755230861e-08
5.790146829e-08
5.847548698e-08
5.932923085e-08
6.053363736e-08
6.215959824e-08
6.423237645e-08
6.661112864e-08
6.868999289e-08
5.716119159e-08
5.754101712e-08
5.816107977e-08
5.907543404e-08
6.035359923e-08
6.20636009e-08
6.422485559e-08
6.668508483e-08
6.881837015e-08
5.685292015e-08
5.726326014e-08
5.792900302e-08
5.890328693e-08
6.025411404e-08
6.204653655e-08
6.429398593e-08
6.683267959e-08
6.901725925e-08
5.662377568e-08
5.706427403e-08
5.777506219e-08
5.88082855e-08
6.023035045e-08
6.210322957e-08
6.443421382e-08
6.704795453e-08
6.928038056e-08
5.646988353e-08
5.694000628e-08
5.769497133e-08
5.878588076e-08
6.027747691e-08
6.222853162e-08
6.464001473e-08
6.732496731e-08
6.96014654e-08
5.638720376e-08
5.688627592e-08
5.768436367e-08
5.883149009e-08
6.039065822e-08
6.241728913e-08
6.490582588e-08
6.765769454e-08
6.997414156e-08
5.637157002e-08
5.689881071e-08
5.773882057e-08
5.894050547e-08
6.056502918e-08
6.266427213e-08
6.522592813e-08
6.803987246e-08
7.039174551e-08
5.641874821e-08
5.697329403e-08
5.785389641e-08
5.910828477e-08
6.079564187e-08
6.296407248e-08
6.559429445e-08
6.846479488e-08
7.084707642e-08
5.652449218e-08
5.710540232e-08
5.802512822e-08
5.933012624e-08
6.10774043e-08
6.331101376e-08
6.600448114e-08
6.892518723e-08
7.133223626e-08
5.668458019e-08
5.729082215e-08
5.824802731e-08
5.960123654e-08
6.140503972e-08
6.369913554e-08
6.644969753e-08
6.941346518e-08
7.183920981e-08
5.68948225e-08
5.752524195e-08
5.851805474e-08
5.991669984e-08
6.177307087e-08
6.412221884e-08
6.69228828e-08
6.992181156e-08
7.235979752e-08
5.715103724e-08
5.780432032e-08
5.883058974e-08
6.02714692e-08
6.217587846e-08
6.45739905e-08
6.741719774e-08
7.044321622e-08
7.288705412e-08
5.744899593e-08
5.812363302e-08
5.918088972e-08
6.066036115e-08
6.260775906e-08
6.504826613e-08
6.792623047e-08
7.097120634e-08
7.341461133e-08
5.778434491e-08
5.847860376e-08
5.956404179e-08
6.107804153e-08
6.306295168e-08
6.553899079e-08
6.844386784e-08
7.149988472e-08
7.393672879e-08
5.815251603e-08
5.886443583e-08
5.997493398e-08
6.151906083e-08
6.353577309e-08
6.6040569e-08
6.896474287e-08
7.202402269e-08
7.444835376e-08
5.854864872e-08
5.927607447e-08
6.040828488e-08
6.197799119e-08
6.402093256e-08
6.65478856e-08
6.948395814e-08
7.253892645e-08
7.49449965e-08
5.896753328e-08
5.970820025e-08
6.085874446e-08
6.244968405e-08
6.451348001e-08
6.705628585e-08
6.99970398e-08
7.304030387e-08
7.542257906e-08
5.940378427e-08
6.015555275e-08
6.132128846e-08
6.292933162e-08
6.500895916e-08
6.7561504e-08
7.049984362e-08
7.352415545e-08
7.587729246e-08
5.985238111e-08
6.061327204e-08
6.179130315e-08
6.341269919e-08
6.550334505e-08
6.805961147e-08
7.09884936e-08
7.398668749e-08
7.63054546e-08
6.030871114e-08
6.107704602e-08
6.226483258e-08
6.389605026e-08
6.599300819e-08
6.854701739e-08
7.145944007e-08
7.442444858e-08
7.670372083e-08
6.076906473e-08
6.154334172e-08
6.273849707e-08
6.437609825e-08
6.647470392e-08
6.902053021e-08
7.190966283e-08
7.483482758e-08
7.707029226e-08
6.123043586e-08
6.200921099e-08
6.320938575e-08
6.484994024e-08
6.694553679e-08
6.947733724e-08
7.233661751e-08
7.521581644e-08
7.740368854e-08
6.169032038e-08
6.247213691e-08
6.367494788e-08
6.531498289e-08
6.740290511e-08
6.991493759e-08
7.273810402e-08
7.556598685e-08
7.770287889e-08
6.214655861e-08
6.29299061e-08
6.413289814e-08
6.576888268e-08
6.784448757e-08
7.03312211e-08
7.311257134e-08
7.588423766e-08
7.796713723e-08
6.259720865e-08
6.338050084e-08
6.458112795e-08
6.620946697e-08
6.826814204e-08
7.072426397e-08
7.345870591e-08
7.616970443e-08
7.819597541e-08
6.304044485e-08
6.382201485e-08
6.501764734e-08
6.663471828e-08
6.867198077e-08
7.109275529e-08
7.377551167e-08
7.642178344e-08
7.838914691e-08
6.347447606e-08
6.425258913e-08
6.5440552e-08
6.704279724e-08
6.905454687e-08
7.143556921e-08
7.406219896e-08
7.664009161e-08
7.854662463e-08
6.389747773e-08
6.467036256e-08
6.584800856e-08
6.743212456e-08
6.941465024e-08
7.175176787e-08
7.431816939e-08
7.682444946e-08
7.866858319e-08
6.430756337e-08
6.507348705e-08
6.623842075e-08
6.780151285e-08
6.975128725e-08
7.204058291e-08
7.454300454e-08
7.697486357e-08
7.875537599e-08
6.470290899e-08
6.546048909e-08
6.66106664e-08
6.814996585e-08
7.006360227e-08
7.230139927e-08
7.473644981e-08
7.709149927e-08
7.880749437e-08
6.508247375e-08
6.583041552e-08
6.69638244e-08
6.847661817e-08
7.035086771e-08
7.253374859e-08
7.4898412e-08
7.717468334e-08
7.882557968e-08
6.544546396e-08
6.618244921e-08
6.729706902e-08
6.878070001e-08
7.061247476e-08
7.273730739e-08
7.502895731e-08
7.722489923e-08
7.881042153e-08
6.579111619e-08
6.65158034e-08
6.760962467e-08
6.906152469e-08
7.084793575e-08
7.291190722e-08
7.512832921e-08
7.72428141e-08
7.876298683e-08
6.611863936e-08
6.682969139e-08
6.790075572e-08
6.931849139e-08
7.105689467e-08
7.305755066e-08
7.519696998e-08
7.722931233e-08
7.868446306e-08
6.642720771e-08
6.71233263e-08
6.816977269e-08
6.955109833e-08
7.123914988e-08
7.317444875e-08
7.523557934e-08
7.718557105e-08
7.857634822e-08
6.671596139e-08
6.73959233e-08
6.841603871e-08
6.975895839e-08
7.139468617e-08
7.326307783e-08
7.524520715e-08
7.71131922e-08
7.844061263e-08
6.698398659e-08
6.764668332e-08
6.863896234e-08
6.994181085e-08
7.152371952e-08
7.332427832e-08
7.522741652e-08
7.701443633e-08
7.82799868e-08
6.723024166e-08
6.787472805e-08
6.883795242e-08
7.009951374e-08
7.162675273e-08
7.335940123e-08
7.518454952e-08
7.689261783e-08
7.809845527e-08
6.74533845e-08
6.807894648e-08
6.901230203e-08
7.023199338e-08
7.170463391e-08
7.337052219e-08
7.512014401e-08
7.675274507e-08
7.790206877e-08
6.765142809e-08
6.82576806e-08
6.916093323e-08
7.033909703e-08
7.175857299e-08
7.336070049e-08
7.503951772e-08
7.660247261e-08
7.770018954e-08
6.782118976e-08
6.840823108e-08
6.928200011e-08
7.042033787e-08
7.179009973e-08
7.333424902e-08
7.495047045e-08
7.645332814e-08
7.750717114e-08
6.795764712e-08
6.852628265e-08
6.937240973e-08
7.047454765e-08
7.180088691e-08
7.329679283e-08
7.486370688e-08
7.632169089e-08
7.73439435e-08
6.80540239e-08
6.860609715e-08
6.942809573e-08
7.050008772e-08
7.179273064e-08
7.325488072e-08
7.479207024e-08
7.622791385e-08
7.723749254e-08
6.810462327e-08
6.864333495e-08
6.944671486e-08
7.049718879e-08
7.176890492e-08
7.32152991e-08
7.474667399e-08
7.618895841e-08
7.721165549e-08
6.811505618e-08
6.864548782e-08
6.94379985e-08
7.047731577e-08
7.174089515e-08
7.318647639e-08
7.472907984e-08
7.619751892e-08
7.725457356e-08
2.899126113e-24
1.085770534e-23
2.422213393e-23
4.590019374e-23
8.102184345e-23
1.384570688e-22
2.336215802e-22
3.931729204e-22
6.632849248e-22
1.123964077e-21
1.914018456e-21
3.274544394e-21
5.624685062e-21
9.693309629e-21
1.674688034e-20
2.898227766e-20
5.020537373e-20
8.701320403e-20
1.508499875e-19
2.615778705e-19
4.536767509e-19
7.870099469e-19
1.36551869e-18
2.369684639e-18
4.112887367e-18
7.139219432e-18
1.239317154e-17
2.151369491e-17
3.734319062e-17
6.480702054e-17
1.124299278e-16
1.949434496e-16
3.37754368e-16
5.845725235e-16
1.01037278e-15
1.743307997e-15
3.001540784e-15
5.154756003e-15
8.826171633e-15
1.50604116e-14
2.559744494e-14
4.331551357e-14
7.294015908e-14
1.221669728e-13
2.034189289e-13
3.365634084e-13
5.530600175e-13
9.022122826e-13
1.460473788e-12
2.345140281e-12
3.73428473e-12
5.895521489e-12
9.22719572e-12
1.431685034e-11
2.202319341e-11
3.359282329e-11
5.082460773e-11
7.630181066e-11
1.137206453e-10
1.683565185e-10
2.477267261e-10
3.625310508e-10
5.27976777e-10
7.656126992e-10
1.105795133e-09
1.590883984e-09
2.279235446e-09
3.250103736e-09
4.609909135e-09
6.501339975e-09
9.118842995e-09
1.273728658e-08
1.776413357e-08
2.482692967e-08
3.490277577e-08
4.947774093e-08
7.068133405e-08
1.012493472e-07
1.439293795e-07
1.991304733e-07
2.565059618e-07
3.090583152e-07
3.618810728e-07
4.166268812e-07
4.733793932e-07
5.315063257e-07
5.900335193e-07
6.478201834e-07
7.036612699e-07
7.563665447e-07
8.048313884e-07
8.481000411e-07
8.85417081e-07
9.162625359e-07
9.403671595e-07
9.577027923e-07
9.684247094e-07
9.72656533e-07
9.69025184e-07
9.582956033e-07
9.431284068e-07
9.247692315e-07
9.039657884e-07
8.812751415e-07
8.571632466e-07
8.320363563e-07
8.062512202e-07
7.801192571e-07
7.539093348e-07
7.278504403e-07
7.021345221e-07
6.769195064e-07
6.523324305e-07
6.28472625e-07
6.054148781e-07
5.832125219e-07
5.619003834e-07
5.414975695e-07
5.220100399e-07
5.034329315e-07
4.857526535e-07
4.689487368e-07
4.52995439e-07
4.378631236e-07
4.235194275e-07
4.099302345e-07
3.970604766e-07
3.848747819e-07
3.733379902e-07
3.624155555e-07
3.520738508e-07
3.422803933e-07
3.330040028e-07
3.242149053e-07
3.158847925e-07
3.079868471e-07
3.004957395e-07
2.933876049e-07
2.866400031e-07
2.802318681e-07
2.74143449e-07
2.683562457e-07
2.628529421e-07
2.576173375e-07
2.526342787e-07
2.478895931e-07
2.433700234e-07
2.390631655e-07
2.349574086e-07
2.310418792e-07
2.273063877e-07
2.237413784e-07
2.203378834e-07
2.170874792e-07
2.139822467e-07
2.110147342e-07
2.081779229e-07
2.054651961e-07
2.0287031e-07
2.003873672e-07
1.980107929e-07
1.95735312e-07
1.935559299e-07
1.914679132e-07
1.894667731e-07
1.875482503e-07
1.857083005e-07
1.839430823e-07
1.82248945e-07
1.806224185e-07
1.790602039e-07
1.775591647e-07
1.7611632e-07
1.747288381e-07
1.73394031e-07
1.721093518e-07
1.708723917e-07
1.696808814e-07
1.685326926e-07
1.674258451e-07
1.663585158e-07
1.653290538e-07
1.643360005e-07
1.633781168e-07
1.624544178e-07
1.615642162e-07
1.60707175e-07
1.598833701e-07
1.590933622e-07
1.58338278e-07
1.576198992e-07
1.56940757e-07
1.563042295e-07
1.557146382e-07
1.551773388e-07
1.546988017e-07
1.542866769e-07
1.539498374e-07
1.536983954e-07
1.535436892e-07
1.534982354e-07
1.535756471e-07
1.537905194e-07
1.541582882e-07
1.546950709e-07
1.554175059e-07
1.563426136e-07
1.574877139e-07
1.588704538e-07
1.605090279e-07
1.624227123e-07
1.646328423e-07
1.671640779e-07
1.700438544e-07
1.732877029e-07
1.768092645e-07
1.805526424e-07
1.846510317e-07
1.892108291e-07
1.942767158e-07
1.998509247e-07
2.058898614e-07
2.12289444e-07
2.188655312e-07
2.25334673e-07
2.312992042e-07
2.362343696e-07
2.394518492e-07
2.399334613e-07
2.356241088e-07
2.205031627e-07
1.949543332e-07
1.696018891e-07
1.478686582e-07
1.302904946e-07
1.164658176e-07
1.0571544e-07
9.73504739e-08
9.077656613e-08
8.552334883e-08
8.123911534e-08
7.767124412e-08
7.464326281e-08
7.203389849e-08
6.976017589e-08
6.776482517e-08
6.60074224e-08
6.445840313e-08
6.309504718e-08
6.189821371e-08
6.085159476e-08
5.994077931e-08
5.91524463e-08
5.847368434e-08
5.789174212e-08
5.74001043e-08
5.6994909e-08
5.667259874e-08
5.642955845e-08
5.626200254e-08
5.616596164e-08
5.613732147e-08
5.617188617e-08
5.626544215e-08
5.641380383e-08
5.661282974e-08
5.685840366e-08
5.714638151e-08
5.747250982e-08
5.78323282e-08
5.822107358e-08
5.863360464e-08
5.906450886e-08
5.950867256e-08
5.996136224e-08
6.041874537e-08
6.087777764e-08
6.13359571e-08
6.179114925e-08
6.224145023e-08
6.268507714e-08
6.312027852e-08
6.354525827e-08
6.395812596e-08
6.435694823e-08
6.474056261e-08
6.51081923e-08
6.545909529e-08
6.579248803e-08
6.610753482e-08
6.640334824e-08
6.667896853e-08
6.693328677e-08
6.716486488e-08
6.737157963e-08
6.755004809e-08
6.769494974e-08
6.779904403e-08
6.785600422e-08
6.787049168e-08
)
;

boundaryField
{
    outlet
    {
        type            inletOutlet;
        inletValue      uniform 0;
        value           nonuniform List<scalar> 10(6.811505618e-08 6.864548782e-08 6.94379985e-08 7.047731577e-08 7.174089515e-08 7.318647639e-08 7.472907984e-08 7.619751892e-08 7.725457356e-08 6.787049168e-08);
    }
    inlet
    {
        type            fixedValue;
        value           uniform 0;
    }
    front
    {
        type            wedge;
    }
    wall
    {
        type            zeroGradient;
    }
    back
    {
        type            wedge;
    }
}


// ************************************************************************* //
